Cohord data for 2011-2012
CDS|Name|NumGraduates|NumDropouts
CDS	Name	NumGraduates	NumDropouts
00000000000000	Statewide	40772	2452
00000000000000	Statewide	395098	65429
00000000000000	Statewide	25799	8638
00000000000000	Statewide	1098	805
00000000000000	Statewide	12466	728
00000000000000	Statewide	179371	39103
00000000000000	Statewide	2900	737
00000000000000	Statewide	2457	492
00000000000000	Statewide	6484	731
00000000000000	Statewide	123751	11743
00000000000000	Statewide	61885	23471
00000000000000	Statewide	20074	987
00000000000000	Statewide	203125	25575
00000000000000	Statewide	13658	3490
00000000000000	Statewide	554	348
00000000000000	Statewide	6083	264
00000000000000	Statewide	94274	15355
00000000000000	Statewide	1549	316
00000000000000	Statewide	1272	197
00000000000000	Statewide	3381	278
00000000000000	Statewide	62280	4340
00000000000000	Statewide	20698	1465
00000000000000	Statewide	191973	39854
00000000000000	Statewide	12141	5148
00000000000000	Statewide	544	457
00000000000000	Statewide	6383	464
00000000000000	Statewide	85097	23748
00000000000000	Statewide	1351	421
00000000000000	Statewide	1185	295
00000000000000	Statewide	3103	453
00000000000000	Statewide	61471	7403
00000000000000	Statewide	8980	1927
00000000000000	Statewide	236935	52797
00000000000000	Statewide	34761	9684
01000000000000	Alameda	3283	204
01000000000000	Alameda	13654	2250
01000000000000	Alameda	1744	691
01000000000000	Alameda	41	34
01000000000000	Alameda	860	56
01000000000000	Alameda	3386	893
01000000000000	Alameda	54	16
01000000000000	Alameda	203	49
01000000000000	Alameda	411	39
01000000000000	Alameda	3672	268
01000000000000	Alameda	2035	720
01000000000000	Alameda	1589	71
01000000000000	Alameda	6991	904
01000000000000	Alameda	931	314
01000000000000	Alameda	25	15
01000000000000	Alameda	406	16
01000000000000	Alameda	1835	332
01000000000000	Alameda	104	25
01000000000000	Alameda	212	18
01000000000000	Alameda	1858	107
01000000000000	Alameda	1694	133
01000000000000	Alameda	6663	1346
01000000000000	Alameda	813	377
01000000000000	Alameda	16	19
01000000000000	Alameda	454	40
01000000000000	Alameda	1551	561
01000000000000	Alameda	99	24
01000000000000	Alameda	199	21
01000000000000	Alameda	1814	161
01000000000000	Alameda	109	36
01000000000000	Alameda	6504	1768
01000000000000	Alameda	1578	380
01100170000000	Alameda County Office of Education	3283	204
01100170000000	Alameda County Office of Education	13654	2250
01100170000000	Alameda County Office of Education	1744	691
01100170000000	Alameda County Office of Education	41	34
01100170000000	Alameda County Office of Education	860	56
01100170000000	Alameda County Office of Education	3386	893
01100170000000	Alameda County Office of Education	54	16
01100170000000	Alameda County Office of Education	203	49
01100170000000	Alameda County Office of Education	411	39
01100170000000	Alameda County Office of Education	3672	268
01100170000000	Alameda County Office of Education	2035	720
01100170000000	Alameda County Office of Education	1589	71
01100170000000	Alameda County Office of Education	6991	904
01100170000000	Alameda County Office of Education	931	314
01100170000000	Alameda County Office of Education	25	15
01100170000000	Alameda County Office of Education	406	16
01100170000000	Alameda County Office of Education	1835	332
01100170000000	Alameda County Office of Education	104	25
01100170000000	Alameda County Office of Education	212	18
01100170000000	Alameda County Office of Education	1858	107
01100170000000	Alameda County Office of Education	1694	133
01100170000000	Alameda County Office of Education	6663	1346
01100170000000	Alameda County Office of Education	813	377
01100170000000	Alameda County Office of Education	16	19
01100170000000	Alameda County Office of Education	454	40
01100170000000	Alameda County Office of Education	1551	561
01100170000000	Alameda County Office of Education	99	24
01100170000000	Alameda County Office of Education	199	21
01100170000000	Alameda County Office of Education	1814	161
01100170000000	Alameda County Office of Education	109	36
01100170000000	Alameda County Office of Education	6504	1768
01100170000000	Alameda County Office of Education	1578	380
01100170130401	Alameda County Juvenile Hall/Court	3283	204
01100170130401	Alameda County Juvenile Hall/Court	13654	2250
01100170130401	Alameda County Juvenile Hall/Court	1744	691
01100170130401	Alameda County Juvenile Hall/Court	41	34
01100170130401	Alameda County Juvenile Hall/Court	860	56
01100170130401	Alameda County Juvenile Hall/Court	3386	893
01100170130401	Alameda County Juvenile Hall/Court	54	16
01100170130401	Alameda County Juvenile Hall/Court	203	49
01100170130401	Alameda County Juvenile Hall/Court	411	39
01100170130401	Alameda County Juvenile Hall/Court	3672	268
01100170130401	Alameda County Juvenile Hall/Court	2035	720
01100170130401	Alameda County Juvenile Hall/Court	1589	71
01100170130401	Alameda County Juvenile Hall/Court	6991	904
01100170130401	Alameda County Juvenile Hall/Court	931	314
01100170130401	Alameda County Juvenile Hall/Court	25	15
01100170130401	Alameda County Juvenile Hall/Court	406	16
01100170130401	Alameda County Juvenile Hall/Court	1835	332
01100170130401	Alameda County Juvenile Hall/Court	104	25
01100170130401	Alameda County Juvenile Hall/Court	212	18
01100170130401	Alameda County Juvenile Hall/Court	1858	107
01100170130401	Alameda County Juvenile Hall/Court	1694	133
01100170130401	Alameda County Juvenile Hall/Court	6663	1346
01100170130401	Alameda County Juvenile Hall/Court	813	377
01100170130401	Alameda County Juvenile Hall/Court	16	19
01100170130401	Alameda County Juvenile Hall/Court	454	40
01100170130401	Alameda County Juvenile Hall/Court	1551	561
01100170130401	Alameda County Juvenile Hall/Court	99	24
01100170130401	Alameda County Juvenile Hall/Court	199	21
01100170130401	Alameda County Juvenile Hall/Court	1814	161
01100170130401	Alameda County Juvenile Hall/Court	109	36
01100170130401	Alameda County Juvenile Hall/Court	6504	1768
01100170130401	Alameda County Juvenile Hall/Court	1578	380
01100170130419	Alameda County Community	3283	204
01100170130419	Alameda County Community	13654	2250
01100170130419	Alameda County Community	1744	691
01100170130419	Alameda County Community	41	34
01100170130419	Alameda County Community	860	56
01100170130419	Alameda County Community	3386	893
01100170130419	Alameda County Community	54	16
01100170130419	Alameda County Community	203	49
01100170130419	Alameda County Community	411	39
01100170130419	Alameda County Community	3672	268
01100170130419	Alameda County Community	2035	720
01100170130419	Alameda County Community	1589	71
01100170130419	Alameda County Community	6991	904
01100170130419	Alameda County Community	931	314
01100170130419	Alameda County Community	25	15
01100170130419	Alameda County Community	406	16
01100170130419	Alameda County Community	1835	332
01100170130419	Alameda County Community	104	25
01100170130419	Alameda County Community	212	18
01100170130419	Alameda County Community	1858	107
01100170130419	Alameda County Community	1694	133
01100170130419	Alameda County Community	6663	1346
01100170130419	Alameda County Community	813	377
01100170130419	Alameda County Community	16	19
01100170130419	Alameda County Community	454	40
01100170130419	Alameda County Community	1551	561
01100170130419	Alameda County Community	99	24
01100170130419	Alameda County Community	199	21
01100170130419	Alameda County Community	1814	161
01100170130419	Alameda County Community	109	36
01100170130419	Alameda County Community	6504	1768
01100170130419	Alameda County Community	1578	380
01100170130427	Alameda County Opportunity	3283	204
01100170130427	Alameda County Opportunity	13654	2250
01100170130427	Alameda County Opportunity	1744	691
01100170130427	Alameda County Opportunity	41	34
01100170130427	Alameda County Opportunity	860	56
01100170130427	Alameda County Opportunity	3386	893
01100170130427	Alameda County Opportunity	54	16
01100170130427	Alameda County Opportunity	203	49
01100170130427	Alameda County Opportunity	411	39
01100170130427	Alameda County Opportunity	3672	268
01100170130427	Alameda County Opportunity	2035	720
01100170130427	Alameda County Opportunity	1589	71
01100170130427	Alameda County Opportunity	6991	904
01100170130427	Alameda County Opportunity	931	314
01100170130427	Alameda County Opportunity	25	15
01100170130427	Alameda County Opportunity	406	16
01100170130427	Alameda County Opportunity	1835	332
01100170130427	Alameda County Opportunity	104	25
01100170130427	Alameda County Opportunity	212	18
01100170130427	Alameda County Opportunity	1858	107
01100170130427	Alameda County Opportunity	1694	133
01100170130427	Alameda County Opportunity	6663	1346
01100170130427	Alameda County Opportunity	813	377
01100170130427	Alameda County Opportunity	16	19
01100170130427	Alameda County Opportunity	454	40
01100170130427	Alameda County Opportunity	1551	561
01100170130427	Alameda County Opportunity	99	24
01100170130427	Alameda County Opportunity	199	21
01100170130427	Alameda County Opportunity	1814	161
01100170130427	Alameda County Opportunity	109	36
01100170130427	Alameda County Opportunity	6504	1768
01100170130427	Alameda County Opportunity	1578	380
01316090000000	California School for the Blind (State Special Schl)	3283	204
01316090000000	California School for the Blind (State Special Schl)	13654	2250
01316090000000	California School for the Blind (State Special Schl)	1744	691
01316090000000	California School for the Blind (State Special Schl)	41	34
01316090000000	California School for the Blind (State Special Schl)	860	56
01316090000000	California School for the Blind (State Special Schl)	3386	893
01316090000000	California School for the Blind (State Special Schl)	54	16
01316090000000	California School for the Blind (State Special Schl)	203	49
01316090000000	California School for the Blind (State Special Schl)	411	39
01316090000000	California School for the Blind (State Special Schl)	3672	268
01316090000000	California School for the Blind (State Special Schl)	2035	720
01316090000000	California School for the Blind (State Special Schl)	1589	71
01316090000000	California School for the Blind (State Special Schl)	6991	904
01316090000000	California School for the Blind (State Special Schl)	931	314
01316090000000	California School for the Blind (State Special Schl)	25	15
01316090000000	California School for the Blind (State Special Schl)	406	16
01316090000000	California School for the Blind (State Special Schl)	1835	332
01316090000000	California School for the Blind (State Special Schl)	104	25
01316090000000	California School for the Blind (State Special Schl)	212	18
01316090000000	California School for the Blind (State Special Schl)	1858	107
01316090000000	California School for the Blind (State Special Schl)	1694	133
01316090000000	California School for the Blind (State Special Schl)	6663	1346
01316090000000	California School for the Blind (State Special Schl)	813	377
01316090000000	California School for the Blind (State Special Schl)	16	19
01316090000000	California School for the Blind (State Special Schl)	454	40
01316090000000	California School for the Blind (State Special Schl)	1551	561
01316090000000	California School for the Blind (State Special Schl)	99	24
01316090000000	California School for the Blind (State Special Schl)	199	21
01316090000000	California School for the Blind (State Special Schl)	1814	161
01316090000000	California School for the Blind (State Special Schl)	109	36
01316090000000	California School for the Blind (State Special Schl)	6504	1768
01316090000000	California School for the Blind (State Special Schl)	1578	380
01316090131755	California School for the Blind	3283	204
01316090131755	California School for the Blind	13654	2250
01316090131755	California School for the Blind	1744	691
01316090131755	California School for the Blind	41	34
01316090131755	California School for the Blind	860	56
01316090131755	California School for the Blind	3386	893
01316090131755	California School for the Blind	54	16
01316090131755	California School for the Blind	203	49
01316090131755	California School for the Blind	411	39
01316090131755	California School for the Blind	3672	268
01316090131755	California School for the Blind	2035	720
01316090131755	California School for the Blind	1589	71
01316090131755	California School for the Blind	6991	904
01316090131755	California School for the Blind	931	314
01316090131755	California School for the Blind	25	15
01316090131755	California School for the Blind	406	16
01316090131755	California School for the Blind	1835	332
01316090131755	California School for the Blind	104	25
01316090131755	California School for the Blind	212	18
01316090131755	California School for the Blind	1858	107
01316090131755	California School for the Blind	1694	133
01316090131755	California School for the Blind	6663	1346
01316090131755	California School for the Blind	813	377
01316090131755	California School for the Blind	16	19
01316090131755	California School for the Blind	454	40
01316090131755	California School for the Blind	1551	561
01316090131755	California School for the Blind	99	24
01316090131755	California School for the Blind	199	21
01316090131755	California School for the Blind	1814	161
01316090131755	California School for the Blind	109	36
01316090131755	California School for the Blind	6504	1768
01316090131755	California School for the Blind	1578	380
01316170000000	California School for the Deaf-Fremont (State Special Schl)	3283	204
01316170000000	California School for the Deaf-Fremont (State Special Schl)	13654	2250
01316170000000	California School for the Deaf-Fremont (State Special Schl)	1744	691
01316170000000	California School for the Deaf-Fremont (State Special Schl)	41	34
01316170000000	California School for the Deaf-Fremont (State Special Schl)	860	56
01316170000000	California School for the Deaf-Fremont (State Special Schl)	3386	893
01316170000000	California School for the Deaf-Fremont (State Special Schl)	54	16
01316170000000	California School for the Deaf-Fremont (State Special Schl)	203	49
01316170000000	California School for the Deaf-Fremont (State Special Schl)	411	39
01316170000000	California School for the Deaf-Fremont (State Special Schl)	3672	268
01316170000000	California School for the Deaf-Fremont (State Special Schl)	2035	720
01316170000000	California School for the Deaf-Fremont (State Special Schl)	1589	71
01316170000000	California School for the Deaf-Fremont (State Special Schl)	6991	904
01316170000000	California School for the Deaf-Fremont (State Special Schl)	931	314
01316170000000	California School for the Deaf-Fremont (State Special Schl)	25	15
01316170000000	California School for the Deaf-Fremont (State Special Schl)	406	16
01316170000000	California School for the Deaf-Fremont (State Special Schl)	1835	332
01316170000000	California School for the Deaf-Fremont (State Special Schl)	104	25
01316170000000	California School for the Deaf-Fremont (State Special Schl)	212	18
01316170000000	California School for the Deaf-Fremont (State Special Schl)	1858	107
01316170000000	California School for the Deaf-Fremont (State Special Schl)	1694	133
01316170000000	California School for the Deaf-Fremont (State Special Schl)	6663	1346
01316170000000	California School for the Deaf-Fremont (State Special Schl)	813	377
01316170000000	California School for the Deaf-Fremont (State Special Schl)	16	19
01316170000000	California School for the Deaf-Fremont (State Special Schl)	454	40
01316170000000	California School for the Deaf-Fremont (State Special Schl)	1551	561
01316170000000	California School for the Deaf-Fremont (State Special Schl)	99	24
01316170000000	California School for the Deaf-Fremont (State Special Schl)	199	21
01316170000000	California School for the Deaf-Fremont (State Special Schl)	1814	161
01316170000000	California School for the Deaf-Fremont (State Special Schl)	109	36
01316170000000	California School for the Deaf-Fremont (State Special Schl)	6504	1768
01316170000000	California School for the Deaf-Fremont (State Special Schl)	1578	380
01316170131763	California School for the Deaf-Fremont	3283	204
01316170131763	California School for the Deaf-Fremont	13654	2250
01316170131763	California School for the Deaf-Fremont	1744	691
01316170131763	California School for the Deaf-Fremont	41	34
01316170131763	California School for the Deaf-Fremont	860	56
01316170131763	California School for the Deaf-Fremont	3386	893
01316170131763	California School for the Deaf-Fremont	54	16
01316170131763	California School for the Deaf-Fremont	203	49
01316170131763	California School for the Deaf-Fremont	411	39
01316170131763	California School for the Deaf-Fremont	3672	268
01316170131763	California School for the Deaf-Fremont	2035	720
01316170131763	California School for the Deaf-Fremont	1589	71
01316170131763	California School for the Deaf-Fremont	6991	904
01316170131763	California School for the Deaf-Fremont	931	314
01316170131763	California School for the Deaf-Fremont	25	15
01316170131763	California School for the Deaf-Fremont	406	16
01316170131763	California School for the Deaf-Fremont	1835	332
01316170131763	California School for the Deaf-Fremont	104	25
01316170131763	California School for the Deaf-Fremont	212	18
01316170131763	California School for the Deaf-Fremont	1858	107
01316170131763	California School for the Deaf-Fremont	1694	133
01316170131763	California School for the Deaf-Fremont	6663	1346
01316170131763	California School for the Deaf-Fremont	813	377
01316170131763	California School for the Deaf-Fremont	16	19
01316170131763	California School for the Deaf-Fremont	454	40
01316170131763	California School for the Deaf-Fremont	1551	561
01316170131763	California School for the Deaf-Fremont	99	24
01316170131763	California School for the Deaf-Fremont	199	21
01316170131763	California School for the Deaf-Fremont	1814	161
01316170131763	California School for the Deaf-Fremont	109	36
01316170131763	California School for the Deaf-Fremont	6504	1768
01316170131763	California School for the Deaf-Fremont	1578	380
01611190000000	Alameda City Unified	310	14
01611190000000	Alameda City Unified	752	81
01611190000000	Alameda City Unified	73	26
01611190000000	Alameda City Unified	196	23
01611190000000	Alameda City Unified	181	25
01611190000000	Alameda City Unified	401	35
01611190000000	Alameda City Unified	42	12
01611190000000	Alameda City Unified	108	12
01611190000000	Alameda City Unified	351	46
01611190000000	Alameda City Unified	31	14
01611190000000	Alameda City Unified	88	11
01611190000000	Alameda City Unified	480	56
01611190000000	Alameda City Unified	102	19
01611190130229	Alameda High	432	30
01611190130229	Alameda High	87	13
01611190130229	Alameda High	245	14
01611190130229	Alameda High	187	16
01611190130229	Alameda High	266	18
01611190130625	Bay Area School of Enterprise	35	12
01611190130625	Bay Area School of Enterprise	31	11
01611190130625	Bay Area School of Enterprise	35	12
01611190130625	Bay Area School of Enterprise	31	11
01611190132878	Encinal High	229	27
01611190132878	Encinal High	38	11
01611190132878	Encinal High	108	12
01611190132878	Encinal High	121	15
01611190132878	Encinal High	149	20
01611190134304	Island High (Continuation)	310	14
01611190134304	Island High (Continuation)	752	81
01611190134304	Island High (Continuation)	73	26
01611190134304	Island High (Continuation)	196	23
01611190134304	Island High (Continuation)	181	25
01611190134304	Island High (Continuation)	401	35
01611190134304	Island High (Continuation)	42	12
01611190134304	Island High (Continuation)	108	12
01611190134304	Island High (Continuation)	351	46
01611190134304	Island High (Continuation)	31	14
01611190134304	Island High (Continuation)	88	11
01611190134304	Island High (Continuation)	480	56
01611190134304	Island High (Continuation)	102	19
01611270000000	Albany City Unified	305	27
01611270000000	Albany City Unified	46	11
01611270000000	Albany City Unified	145	11
01611270000000	Albany City Unified	160	16
01611270130294	MacGregor High (Continuation)	305	27
01611270130294	MacGregor High (Continuation)	46	11
01611270130294	MacGregor High (Continuation)	145	11
01611270130294	MacGregor High (Continuation)	160	16
01611270130450	Albany High	283	19
01611270130450	Albany High	144	11
01611430000000	Berkeley Unified	772	134
01611430000000	Berkeley Unified	194	56
01611430000000	Berkeley Unified	146	23
01611430000000	Berkeley Unified	265	29
01611430000000	Berkeley Unified	62	17
01611430000000	Berkeley Unified	418	58
01611430000000	Berkeley Unified	118	27
01611430000000	Berkeley Unified	143	11
01611430000000	Berkeley Unified	354	76
01611430000000	Berkeley Unified	76	29
01611430000000	Berkeley Unified	80	15
01611430000000	Berkeley Unified	122	18
01611430000000	Berkeley Unified	322	80
01611430000000	Berkeley Unified	66	20
01611430131177	Berkeley High	740	96
01611430131177	Berkeley High	172	31
01611430131177	Berkeley High	142	15
01611430131177	Berkeley High	263	28
01611430131177	Berkeley High	62	14
01611430131177	Berkeley High	404	44
01611430131177	Berkeley High	108	17
01611430131177	Berkeley High	143	11
01611430131177	Berkeley High	336	52
01611430131177	Berkeley High	64	14
01611430131177	Berkeley High	120	17
01611430131177	Berkeley High	297	52
01611430134924	Berkeley Technology Academy	29	37
01611430134924	Berkeley Technology Academy	21	25
01611430134924	Berkeley Technology Academy	13	14
01611430134924	Berkeley Technology Academy	16	23
01611430134924	Berkeley Technology Academy	12	15
01611430134924	Berkeley Technology Academy	23	28
01611500000000	Castro Valley Unified	727	14
01611500135533	Redwood Continuation High	727	14
01611760000000	Fremont Unified	1047	47
01611760000000	Fremont Unified	1988	136
01611760000000	Fremont Unified	219	36
01611760000000	Fremont Unified	466	30
01611760000000	Fremont Unified	194	47
01611760000000	Fremont Unified	493	14
01611760000000	Fremont Unified	953	49
01611760000000	Fremont Unified	116	13
01611760000000	Fremont Unified	223	12
01611760000000	Fremont Unified	554	33
01611760000000	Fremont Unified	1035	87
01611760000000	Fremont Unified	103	23
01611760000000	Fremont Unified	243	18
01611760000000	Fremont Unified	459	72
01611760000000	Fremont Unified	139	28
01611760130062	American High	202	11
01611760130062	American High	399	22
01611760130062	American High	214	18
01611760130138	Robertson High (Continuation)	1047	47
01611760130138	Robertson High (Continuation)	1988	136
01611760130138	Robertson High (Continuation)	219	36
01611760130138	Robertson High (Continuation)	466	30
01611760130138	Robertson High (Continuation)	194	47
01611760130138	Robertson High (Continuation)	493	14
01611760130138	Robertson High (Continuation)	953	49
01611760130138	Robertson High (Continuation)	116	13
01611760130138	Robertson High (Continuation)	223	12
01611760130138	Robertson High (Continuation)	554	33
01611760130138	Robertson High (Continuation)	1035	87
01611760130138	Robertson High (Continuation)	103	23
01611760130138	Robertson High (Continuation)	243	18
01611760130138	Robertson High (Continuation)	459	72
01611760130138	Robertson High (Continuation)	139	28
01611760134270	Irvington High	261	21
01611760134270	Irvington High	449	32
01611760134270	Irvington High	46	12
01611760134270	Irvington High	243	11
01611760134270	Irvington High	131	14
01611760134270	Irvington High	206	21
01611760134270	Irvington High	85	13
01611760134452	John F. Kennedy High	216	13
01611760134452	John F. Kennedy High	93	12
01611760138693	Washington High	329	32
01611760138693	Washington High	37	11
01611760138693	Washington High	143	12
01611760138693	Washington High	186	20
01611760138693	Washington High	84	19
01611920000000	Hayward Unified	936	278
01611920000000	Hayward Unified	155	58
01611920000000	Hayward Unified	115	17
01611920000000	Hayward Unified	423	164
01611920000000	Hayward Unified	74	20
01611920000000	Hayward Unified	183	106
01611920000000	Hayward Unified	491	99
01611920000000	Hayward Unified	72	26
01611920000000	Hayward Unified	238	56
01611920000000	Hayward Unified	445	179
01611920000000	Hayward Unified	83	32
01611920000000	Hayward Unified	67	14
01611920000000	Hayward Unified	185	108
01611920000000	Hayward Unified	38	13
01611920000000	Hayward Unified	690	233
01611920000000	Hayward Unified	221	61
01611920133009	Brenkwitz High	936	278
01611920133009	Brenkwitz High	155	58
01611920133009	Brenkwitz High	115	17
01611920133009	Brenkwitz High	423	164
01611920133009	Brenkwitz High	74	20
01611920133009	Brenkwitz High	183	106
01611920133009	Brenkwitz High	491	99
01611920133009	Brenkwitz High	72	26
01611920133009	Brenkwitz High	238	56
01611920133009	Brenkwitz High	445	179
01611920133009	Brenkwitz High	83	32
01611920133009	Brenkwitz High	67	14
01611920133009	Brenkwitz High	185	108
01611920133009	Brenkwitz High	38	13
01611920133009	Brenkwitz High	690	233
01611920133009	Brenkwitz High	221	61
01611920133629	Hayward High	256	74
01611920133629	Hayward High	66	22
01611920133629	Hayward High	115	42
01611920133629	Hayward High	42	27
01611920133629	Hayward High	126	26
01611920133629	Hayward High	67	15
01611920133629	Hayward High	130	48
01611920133629	Hayward High	39	14
01611920133629	Hayward High	48	27
01611920133629	Hayward High	180	62
01611920133629	Hayward High	60	22
01611920135319	Mt. Eden High	371	84
01611920135319	Mt. Eden High	41	11
01611920135319	Mt. Eden High	149	46
01611920135319	Mt. Eden High	25	11
01611920135319	Mt. Eden High	64	29
01611920135319	Mt. Eden High	204	31
01611920135319	Mt. Eden High	90	14
01611920135319	Mt. Eden High	167	53
01611920135319	Mt. Eden High	59	32
01611920135319	Mt. Eden High	252	68
01611920135319	Mt. Eden High	106	12
01611920138339	Tennyson High	258	48
01611920138339	Tennyson High	128	31
01611920138339	Tennyson High	61	26
01611920138339	Tennyson High	134	21
01611920138339	Tennyson High	67	12
01611920138339	Tennyson High	124	27
01611920138339	Tennyson High	61	19
01611920138339	Tennyson High	213	41
01611920138339	Tennyson High	48	14
01612000000000	Livermore Valley Joint Unified	1027	79
01612000000000	Livermore Valley Joint Unified	232	37
01612000000000	Livermore Valley Joint Unified	611	32
01612000000000	Livermore Valley Joint Unified	87	29
01612000000000	Livermore Valley Joint Unified	510	39
01612000000000	Livermore Valley Joint Unified	116	19
01612000000000	Livermore Valley Joint Unified	310	18
01612000000000	Livermore Valley Joint Unified	517	40
01612000000000	Livermore Valley Joint Unified	116	18
01612000000000	Livermore Valley Joint Unified	301	14
01612000000000	Livermore Valley Joint Unified	226	46
01612000000000	Livermore Valley Joint Unified	138	16
01612000130393	Vineyard Alternative	1027	79
01612000130393	Vineyard Alternative	232	37
01612000130393	Vineyard Alternative	611	32
01612000130393	Vineyard Alternative	87	29
01612000130393	Vineyard Alternative	510	39
01612000130393	Vineyard Alternative	116	19
01612000130393	Vineyard Alternative	310	18
01612000130393	Vineyard Alternative	517	40
01612000130393	Vineyard Alternative	116	18
01612000130393	Vineyard Alternative	301	14
01612000130393	Vineyard Alternative	226	46
01612000130393	Vineyard Alternative	138	16
01612000130492	Phoenix High (Continuation)	1027	79
01612000130492	Phoenix High (Continuation)	232	37
01612000130492	Phoenix High (Continuation)	611	32
01612000130492	Phoenix High (Continuation)	87	29
01612000130492	Phoenix High (Continuation)	510	39
01612000130492	Phoenix High (Continuation)	116	19
01612000130492	Phoenix High (Continuation)	310	18
01612000130492	Phoenix High (Continuation)	517	40
01612000130492	Phoenix High (Continuation)	116	18
01612000130492	Phoenix High (Continuation)	301	14
01612000130492	Phoenix High (Continuation)	226	46
01612000130492	Phoenix High (Continuation)	138	16
01612000132670	Del Valle Continuation High	1027	79
01612000132670	Del Valle Continuation High	232	37
01612000132670	Del Valle Continuation High	611	32
01612000132670	Del Valle Continuation High	87	29
01612000132670	Del Valle Continuation High	510	39
01612000132670	Del Valle Continuation High	116	19
01612000132670	Del Valle Continuation High	310	18
01612000132670	Del Valle Continuation High	517	40
01612000132670	Del Valle Continuation High	116	18
01612000132670	Del Valle Continuation High	301	14
01612000132670	Del Valle Continuation High	226	46
01612000132670	Del Valle Continuation High	138	16
01612000133397	Granada High	496	20
01612000133397	Granada High	254	12
01612000134536	Livermore High	435	28
01612000134536	Livermore High	106	12
01612000134536	Livermore High	244	13
01612000134536	Livermore High	58	11
01612000134536	Livermore High	222	18
01612000134536	Livermore High	117	17
01612340000000	Newark Unified	459	36
01612340000000	Newark Unified	175	22
01612340000000	Newark Unified	53	11
01612340000000	Newark Unified	246	11
01612340000000	Newark Unified	213	25
01612340000000	Newark Unified	70	16
01612340000000	Newark Unified	282	31
01612340130054	Newark Memorial High	403	26
01612340130054	Newark Memorial High	146	16
01612340130054	Newark Memorial High	187	20
01612340130054	Newark Memorial High	56	12
01612340130054	Newark Memorial High	239	21
01612340135426	Bridgepoint High (Continuation)	459	36
01612340135426	Bridgepoint High (Continuation)	175	22
01612340135426	Bridgepoint High (Continuation)	53	11
01612340135426	Bridgepoint High (Continuation)	246	11
01612340135426	Bridgepoint High (Continuation)	213	25
01612340135426	Bridgepoint High (Continuation)	70	16
01612340135426	Bridgepoint High (Continuation)	282	31
01612420000000	New Haven Unified	243	12
01612420000000	New Haven Unified	924	99
01612420000000	New Haven Unified	73	22
01612420000000	New Haven Unified	249	44
01612420000000	New Haven Unified	169	36
01612420000000	New Haven Unified	481	32
01612420000000	New Haven Unified	136	13
01612420000000	New Haven Unified	443	67
01612420000000	New Haven Unified	27	13
01612420000000	New Haven Unified	113	31
01612420000000	New Haven Unified	439	74
01612420000000	New Haven Unified	97	16
01612420110460	Core Learning Academy at Conley-Caraballo High	243	12
01612420110460	Core Learning Academy at Conley-Caraballo High	924	99
01612420110460	Core Learning Academy at Conley-Caraballo High	73	22
01612420110460	Core Learning Academy at Conley-Caraballo High	249	44
01612420110460	Core Learning Academy at Conley-Caraballo High	169	36
01612420110460	Core Learning Academy at Conley-Caraballo High	481	32
01612420110460	Core Learning Academy at Conley-Caraballo High	136	13
01612420110460	Core Learning Academy at Conley-Caraballo High	443	67
01612420110460	Core Learning Academy at Conley-Caraballo High	27	13
01612420110460	Core Learning Academy at Conley-Caraballo High	113	31
01612420110460	Core Learning Academy at Conley-Caraballo High	439	74
01612420110460	Core Learning Academy at Conley-Caraballo High	97	16
01612420134668	James Logan High	240	12
01612420134668	James Logan High	876	77
01612420134668	James Logan High	62	15
01612420134668	James Logan High	223	31
01612420134668	James Logan High	156	28
01612420134668	James Logan High	452	27
01612420134668	James Logan High	120	12
01612420134668	James Logan High	424	50
01612420134668	James Logan High	103	19
01612420134668	James Logan High	402	54
01612420134668	James Logan High	87	12
01612590000000	Oakland Unified	391	71
01612590000000	Oakland Unified	1628	701
01612590000000	Oakland Unified	577	313
01612590000000	Oakland Unified	465	255
01612590000000	Oakland Unified	33	14
01612590000000	Oakland Unified	120	26
01612590000000	Oakland Unified	321	230
01612590000000	Oakland Unified	198	28
01612590000000	Oakland Unified	879	305
01612590000000	Oakland Unified	312	151
01612590000000	Oakland Unified	265	98
01612590000000	Oakland Unified	193	43
01612590000000	Oakland Unified	749	396
01612590000000	Oakland Unified	265	162
01612590000000	Oakland Unified	200	157
01612590000000	Oakland Unified	55	20
01612590000000	Oakland Unified	1391	607
01612590000000	Oakland Unified	146	106
01612590100826	Mandela High	36	23
01612590100826	Mandela High	22	12
01612590100826	Mandela High	21	13
01612590100826	Mandela High	35	23
01612590100834	Media College Preparatory	51	23
01612590100834	Media College Preparatory	15	17
01612590100834	Media College Preparatory	50	16
01612590101063	College Preparatory and Architecture Academy	40	32
01612590101063	College Preparatory and Architecture Academy	21	26
01612590101063	College Preparatory and Architecture Academy	17	13
01612590101063	College Preparatory and Architecture Academy	23	19
01612590101063	College Preparatory and Architecture Academy	13	16
01612590101063	College Preparatory and Architecture Academy	40	31
01612590101469	LPS College Park	47	11
01612590101469	LPS College Park	47	11
01612590101469	LPS College Park	47	11
01612590101469	LPS College Park	47	11
01612590102954	Business and Information Technology High	39	28
01612590102954	Business and Information Technology High	21	17
01612590102954	Business and Information Technology High	12	16
01612590102954	Business and Information Technology High	16	18
01612590102954	Business and Information Technology High	39	26
01612590102962	East Oakland School of the Arts	35	20
01612590102962	East Oakland School of the Arts	18	16
01612590102962	East Oakland School of the Arts	16	14
01612590107417	Leadership Preparatory High	36	39
01612590107417	Leadership Preparatory High	18	19
01612590107417	Leadership Preparatory High	15	15
01612590107417	Leadership Preparatory High	18	19
01612590107417	Leadership Preparatory High	18	20
01612590107417	Leadership Preparatory High	36	36
01612590110189	McClymonds High	37	24
01612590110189	McClymonds High	34	16
01612590110189	McClymonds High	18	12
01612590110189	McClymonds High	19	12
01612590110189	McClymonds High	33	19
01612590115667	Oakland International High	33	32
01612590115667	Oakland International High	14	18
01612590115667	Oakland International High	32	32
01612590115667	Oakland International High	19	13
01612590115667	Oakland International High	14	19
01612590115667	Oakland International High	33	32
01612590118653	Ralph J. Bunche High	72	58
01612590118653	Ralph J. Bunche High	46	35
01612590118653	Ralph J. Bunche High	24	17
01612590118653	Ralph J. Bunche High	15	13
01612590118653	Ralph J. Bunche High	45	37
01612590118653	Ralph J. Bunche High	27	24
01612590118653	Ralph J. Bunche High	27	21
01612590118653	Ralph J. Bunche High	19	11
01612590118653	Ralph J. Bunche High	70	55
01612590130146	Rudsdale Continuation	39	33
01612590130146	Rudsdale Continuation	24	21
01612590130146	Rudsdale Continuation	19	13
01612590130146	Rudsdale Continuation	20	20
01612590130146	Rudsdale Continuation	11	12
01612590130146	Rudsdale Continuation	38	32
01612590130179	Street Academy (Alternative)	391	71
01612590130179	Street Academy (Alternative)	1628	701
01612590130179	Street Academy (Alternative)	577	313
01612590130179	Street Academy (Alternative)	465	255
01612590130179	Street Academy (Alternative)	33	14
01612590130179	Street Academy (Alternative)	120	26
01612590130179	Street Academy (Alternative)	321	230
01612590130179	Street Academy (Alternative)	198	28
01612590130179	Street Academy (Alternative)	879	305
01612590130179	Street Academy (Alternative)	312	151
01612590130179	Street Academy (Alternative)	265	98
01612590130179	Street Academy (Alternative)	193	43
01612590130179	Street Academy (Alternative)	749	396
01612590130179	Street Academy (Alternative)	265	162
01612590130179	Street Academy (Alternative)	200	157
01612590130179	Street Academy (Alternative)	55	20
01612590130179	Street Academy (Alternative)	1391	607
01612590130179	Street Academy (Alternative)	146	106
01612590132688	Dewey Academy	391	71
01612590132688	Dewey Academy	1628	701
01612590132688	Dewey Academy	577	313
01612590132688	Dewey Academy	465	255
01612590132688	Dewey Academy	33	14
01612590132688	Dewey Academy	120	26
01612590132688	Dewey Academy	321	230
01612590132688	Dewey Academy	198	28
01612590132688	Dewey Academy	879	305
01612590132688	Dewey Academy	312	151
01612590132688	Dewey Academy	265	98
01612590132688	Dewey Academy	193	43
01612590132688	Dewey Academy	749	396
01612590132688	Dewey Academy	265	162
01612590132688	Dewey Academy	200	157
01612590132688	Dewey Academy	55	20
01612590132688	Dewey Academy	1391	607
01612590132688	Dewey Academy	146	106
01612590135905	Oakland High	150	24
01612590135905	Oakland High	269	69
01612590135905	Oakland High	74	21
01612590135905	Oakland High	35	17
01612590135905	Oakland High	71	20
01612590135905	Oakland High	142	22
01612590135905	Oakland High	75	17
01612590135905	Oakland High	127	47
01612590135905	Oakland High	34	14
01612590135905	Oakland High	12	13
01612590135905	Oakland High	245	62
01612590136051	Oakland Technical High	341	56
01612590136051	Oakland Technical High	129	25
01612590136051	Oakland Technical High	59	15
01612590136051	Oakland Technical High	40	19
01612590136051	Oakland Technical High	187	24
01612590136051	Oakland Technical High	79	12
01612590136051	Oakland Technical High	154	32
01612590136051	Oakland Technical High	50	13
01612590136051	Oakland Technical High	239	44
01612590136051	Oakland Technical High	29	17
01612590137943	Skyline High	356	58
01612590137943	Skyline High	116	24
01612590137943	Skyline High	78	18
01612590137943	Skyline High	36	17
01612590137943	Skyline High	178	19
01612590137943	Skyline High	178	39
01612590137943	Skyline High	58	16
01612590137943	Skyline High	41	12
01612590137943	Skyline High	267	46
01612590137943	Skyline High	44	15
01612596114011	Independent Study, Sojourner Truth	30	44
01612596114011	Independent Study, Sojourner Truth	13	25
01612596114011	Independent Study, Sojourner Truth	13	14
01612596114011	Independent Study, Sojourner Truth	23	22
01612596114011	Independent Study, Sojourner Truth	30	43
01612910000000	San Leandro Unified	639	96
01612910000000	San Leandro Unified	112	24
01612910000000	San Leandro Unified	213	46
01612910000000	San Leandro Unified	123	37
01612910000000	San Leandro Unified	321	39
01612910000000	San Leandro Unified	59	18
01612910000000	San Leandro Unified	110	15
01612910000000	San Leandro Unified	318	57
01612910000000	San Leandro Unified	103	31
01612910000000	San Leandro Unified	409	75
01612910134528	Lincoln High (Continuation)	639	96
01612910134528	Lincoln High (Continuation)	112	24
01612910134528	Lincoln High (Continuation)	213	46
01612910134528	Lincoln High (Continuation)	123	37
01612910134528	Lincoln High (Continuation)	321	39
01612910134528	Lincoln High (Continuation)	59	18
01612910134528	Lincoln High (Continuation)	110	15
01612910134528	Lincoln High (Continuation)	318	57
01612910134528	Lincoln High (Continuation)	103	31
01612910134528	Lincoln High (Continuation)	409	75
01612910137588	San Leandro High	591	68
01612910137588	San Leandro High	92	15
01612910137588	San Leandro High	197	33
01612910137588	San Leandro High	113	30
01612910137588	San Leandro High	304	23
01612910137588	San Leandro High	287	45
01612910137588	San Leandro High	94	25
01612910137588	San Leandro High	373	50
01613090000000	San Lorenzo Unified	767	118
01613090000000	San Lorenzo Unified	99	19
01613090000000	San Lorenzo Unified	342	68
01613090000000	San Lorenzo Unified	126	16
01613090000000	San Lorenzo Unified	170	47
01613090000000	San Lorenzo Unified	384	47
01613090000000	San Lorenzo Unified	180	25
01613090000000	San Lorenzo Unified	383	71
01613090000000	San Lorenzo Unified	50	13
01613090000000	San Lorenzo Unified	162	43
01613090000000	San Lorenzo Unified	488	96
01613090000000	San Lorenzo Unified	61	14
01613090130849	Arroyo High	383	26
01613090130849	Arroyo High	137	12
01613090130849	Arroyo High	195	16
01613090130849	Arroyo High	176	14
01613090137745	Royal Sunset (Continuation)	767	118
01613090137745	Royal Sunset (Continuation)	99	19
01613090137745	Royal Sunset (Continuation)	342	68
01613090137745	Royal Sunset (Continuation)	126	16
01613090137745	Royal Sunset (Continuation)	170	47
01613090137745	Royal Sunset (Continuation)	384	47
01613090137745	Royal Sunset (Continuation)	180	25
01613090137745	Royal Sunset (Continuation)	383	71
01613090137745	Royal Sunset (Continuation)	50	13
01613090137745	Royal Sunset (Continuation)	162	43
01613090137745	Royal Sunset (Continuation)	488	96
01613090137745	Royal Sunset (Continuation)	61	14
01613090137810	San Lorenzo High	247	27
01613090137810	San Lorenzo High	130	18
01613090137810	San Lorenzo High	82	14
01613090137810	San Lorenzo High	127	14
01613090137810	San Lorenzo High	120	13
01613090137810	San Lorenzo High	63	12
01613090137810	San Lorenzo High	201	24
01750930000000	Dublin Unified	385	17
01750930138453	Valley High (Continuation)	385	17
01751010000000	Pleasanton Unified	1192	26
01751010000000	Pleasanton Unified	709	14
01751010000000	Pleasanton Unified	69	11
01751010000000	Pleasanton Unified	615	16
01751010130252	Village High	1192	26
01751010130252	Village High	709	14
01751010130252	Village High	69	11
01751010130252	Village High	615	16
03000000000000	Alpine	318	27
03000000000000	Amador	318	27
03000000000000	Alpine	249	20
03000000000000	Amador	249	20
03000000000000	Alpine	165	20
03000000000000	Amador	165	20
03000000000000	Amador	124	14
03000000000000	Alpine	124	14
03000000000000	Amador	128	17
03000000000000	Alpine	128	17
03100330000000	Amador County Office of Education	318	27
03100330000000	Amador County Office of Education	318	27
03100330000000	Amador County Office of Education	249	20
03100330000000	Amador County Office of Education	249	20
03100330000000	Amador County Office of Education	165	20
03100330000000	Amador County Office of Education	165	20
03100330000000	Amador County Office of Education	124	14
03100330000000	Amador County Office of Education	124	14
03100330000000	Amador County Office of Education	128	17
03100330000000	Amador County Office of Education	128	17
03100330330035	County Community	318	27
03100330330035	County Community	318	27
03100330330035	County Community	249	20
03100330330035	County Community	249	20
03100330330035	County Community	165	20
03100330330035	County Community	165	20
03100330330035	County Community	124	14
03100330330035	County Community	124	14
03100330330035	County Community	128	17
03100330330035	County Community	128	17
03100330330068	Amador County Special Education	318	27
03100330330068	Amador County Special Education	318	27
03100330330068	Amador County Special Education	249	20
03100330330068	Amador County Special Education	249	20
03100330330068	Amador County Special Education	165	20
03100330330068	Amador County Special Education	165	20
03100330330068	Amador County Special Education	124	14
03100330330068	Amador County Special Education	124	14
03100330330068	Amador County Special Education	128	17
03100330330068	Amador County Special Education	128	17
03739810000000	Amador County Unified	309	22
03739810000000	Amador County Unified	240	15
03739810000000	Amador County Unified	158	15
03739810000000	Amador County Unified	124	15
03739810330019	Independence High (Continuation)	309	22
03739810330019	Independence High (Continuation)	240	15
03739810330019	Independence High (Continuation)	158	15
03739810330019	Independence High (Continuation)	124	15
04000000000000	Butte	206	15
04000000000000	Butte	2157	278
04000000000000	Butte	61	18
04000000000000	Butte	366	46
04000000000000	Butte	78	18
04000000000000	Butte	1389	167
04000000000000	Butte	181	34
04000000000000	Butte	1091	113
04000000000000	Butte	185	18
04000000000000	Butte	696	69
04000000000000	Butte	1066	165
04000000000000	Butte	28	12
04000000000000	Butte	181	28
04000000000000	Butte	41	12
04000000000000	Butte	693	98
04000000000000	Butte	1358	232
04000000000000	Butte	205	44
04100410000000	Butte County Office of Education	206	15
04100410000000	Butte County Office of Education	2157	278
04100410000000	Butte County Office of Education	61	18
04100410000000	Butte County Office of Education	366	46
04100410000000	Butte County Office of Education	78	18
04100410000000	Butte County Office of Education	1389	167
04100410000000	Butte County Office of Education	181	34
04100410000000	Butte County Office of Education	1091	113
04100410000000	Butte County Office of Education	185	18
04100410000000	Butte County Office of Education	696	69
04100410000000	Butte County Office of Education	1066	165
04100410000000	Butte County Office of Education	28	12
04100410000000	Butte County Office of Education	181	28
04100410000000	Butte County Office of Education	41	12
04100410000000	Butte County Office of Education	693	98
04100410000000	Butte County Office of Education	1358	232
04100410000000	Butte County Office of Education	205	44
04100410430066	Table Mountain	206	15
04100410430066	Table Mountain	2157	278
04100410430066	Table Mountain	61	18
04100410430066	Table Mountain	366	46
04100410430066	Table Mountain	78	18
04100410430066	Table Mountain	1389	167
04100410430066	Table Mountain	181	34
04100410430066	Table Mountain	1091	113
04100410430066	Table Mountain	185	18
04100410430066	Table Mountain	696	69
04100410430066	Table Mountain	1066	165
04100410430066	Table Mountain	28	12
04100410430066	Table Mountain	181	28
04100410430066	Table Mountain	41	12
04100410430066	Table Mountain	693	98
04100410430066	Table Mountain	1358	232
04100410430066	Table Mountain	205	44
04100410430090	Learning Community Charter	206	15
04100410430090	Learning Community Charter	2157	278
04100410430090	Learning Community Charter	61	18
04100410430090	Learning Community Charter	366	46
04100410430090	Learning Community Charter	78	18
04100410430090	Learning Community Charter	1389	167
04100410430090	Learning Community Charter	181	34
04100410430090	Learning Community Charter	1091	113
04100410430090	Learning Community Charter	185	18
04100410430090	Learning Community Charter	696	69
04100410430090	Learning Community Charter	1066	165
04100410430090	Learning Community Charter	28	12
04100410430090	Learning Community Charter	181	28
04100410430090	Learning Community Charter	41	12
04100410430090	Learning Community Charter	693	98
04100410430090	Learning Community Charter	1358	232
04100410430090	Learning Community Charter	205	44
04100416069256	Butte County Special Education	206	15
04100416069256	Butte County Special Education	2157	278
04100416069256	Butte County Special Education	61	18
04100416069256	Butte County Special Education	366	46
04100416069256	Butte County Special Education	78	18
04100416069256	Butte County Special Education	1389	167
04100416069256	Butte County Special Education	181	34
04100416069256	Butte County Special Education	1091	113
04100416069256	Butte County Special Education	185	18
04100416069256	Butte County Special Education	696	69
04100416069256	Butte County Special Education	1066	165
04100416069256	Butte County Special Education	28	12
04100416069256	Butte County Special Education	181	28
04100416069256	Butte County Special Education	41	12
04100416069256	Butte County Special Education	693	98
04100416069256	Butte County Special Education	1358	232
04100416069256	Butte County Special Education	205	44
04614240000000	Chico Unified	928	112
04614240000000	Chico Unified	153	16
04614240000000	Chico Unified	626	66
04614240000000	Chico Unified	65	13
04614240000000	Chico Unified	468	50
04614240000000	Chico Unified	313	27
04614240000000	Chico Unified	460	62
04614240000000	Chico Unified	313	39
04614240000000	Chico Unified	390	85
04614240000000	Chico Unified	89	17
04614240111039	Academy for Change	928	112
04614240111039	Academy for Change	153	16
04614240111039	Academy for Change	626	66
04614240111039	Academy for Change	65	13
04614240111039	Academy for Change	468	50
04614240111039	Academy for Change	313	27
04614240111039	Academy for Change	460	62
04614240111039	Academy for Change	313	39
04614240111039	Academy for Change	390	85
04614240111039	Academy for Change	89	17
04614240430199	Oakdale	14	12
04614240430199	Oakdale	11	11
04614240431502	Fair View High (Continuation)	928	112
04614240431502	Fair View High (Continuation)	153	16
04614240431502	Fair View High (Continuation)	626	66
04614240431502	Fair View High (Continuation)	65	13
04614240431502	Fair View High (Continuation)	468	50
04614240431502	Fair View High (Continuation)	313	27
04614240431502	Fair View High (Continuation)	460	62
04614240431502	Fair View High (Continuation)	313	39
04614240431502	Fair View High (Continuation)	390	85
04614240431502	Fair View High (Continuation)	89	17
04614240431676	Chico High	352	16
04614240431676	Chico High	151	12
04614240437558	Pleasant Valley High	441	27
04614240437558	Pleasant Valley High	316	19
04614240437558	Pleasant Valley High	211	12
04614240437558	Pleasant Valley High	230	15
04614240437558	Pleasant Valley High	167	12
04614240437558	Pleasant Valley High	150	14
04615150000000	Oroville Union High	540	54
04615150000000	Oroville Union High	285	33
04615150000000	Oroville Union High	271	19
04615150000000	Oroville Union High	144	11
04615150000000	Oroville Union High	269	35
04615150000000	Oroville Union High	141	22
04615150000000	Oroville Union High	517	54
04615150000000	Oroville Union High	47	11
04615150430140	Oroville High Community Day	540	54
04615150430140	Oroville High Community Day	285	33
04615150430140	Oroville High Community Day	271	19
04615150430140	Oroville High Community Day	144	11
04615150430140	Oroville High Community Day	269	35
04615150430140	Oroville High Community Day	141	22
04615150430140	Oroville High Community Day	517	54
04615150430140	Oroville High Community Day	47	11
04615150434803	Las Plumas High	245	11
04615150434803	Las Plumas High	232	11
04615150437566	Prospect High (Continuation)	540	54
04615150437566	Prospect High (Continuation)	285	33
04615150437566	Prospect High (Continuation)	271	19
04615150437566	Prospect High (Continuation)	144	11
04615150437566	Prospect High (Continuation)	269	35
04615150437566	Prospect High (Continuation)	141	22
04615150437566	Prospect High (Continuation)	517	54
04615150437566	Prospect High (Continuation)	47	11
04615310000000	Paradise Unified	311	31
04615310000000	Paradise Unified	256	24
04615310000000	Paradise Unified	153	15
04615310000000	Paradise Unified	125	12
04615310000000	Paradise Unified	158	16
04615310000000	Paradise Unified	131	12
04615310000000	Paradise Unified	212	26
04615310432856	Ridgeview High (Continuation)	311	31
04615310432856	Ridgeview High (Continuation)	256	24
04615310432856	Ridgeview High (Continuation)	153	15
04615310432856	Ridgeview High (Continuation)	125	12
04615310432856	Ridgeview High (Continuation)	158	16
04615310432856	Ridgeview High (Continuation)	131	12
04615310432856	Ridgeview High (Continuation)	212	26
04615310437350	Paradise Senior High	240	11
04615316112585	Hometech Charter	311	31
04615316112585	Hometech Charter	256	24
04615316112585	Hometech Charter	153	15
04615316112585	Hometech Charter	125	12
04615316112585	Hometech Charter	158	16
04615316112585	Hometech Charter	131	12
04615316112585	Hometech Charter	212	26
04755070000000	Gridley Unified	150	30
04755070000000	Gridley Unified	75	11
04755070000000	Gridley Unified	64	16
04755070000000	Gridley Unified	74	13
04755070000000	Gridley Unified	76	17
04755070000000	Gridley Unified	100	20
04755070433946	Esperanza High (Continuation)	150	30
04755070433946	Esperanza High (Continuation)	75	11
04755070433946	Esperanza High (Continuation)	64	16
04755070433946	Esperanza High (Continuation)	74	13
04755070433946	Esperanza High (Continuation)	76	17
04755070433946	Esperanza High (Continuation)	100	20
04755070433953	Gridley High	132	20
04755070433953	Gridley High	57	12
04755070433953	Gridley High	69	12
04755070433953	Gridley High	83	11
05000000000000	Calaveras	534	29
05000000000000	Calaveras	428	18
05000000000000	Calaveras	273	19
05000000000000	Calaveras	215	11
05000000000000	Calaveras	329	25
05100580000000	Calaveras County Office of Education	534	29
05100580000000	Calaveras County Office of Education	428	18
05100580000000	Calaveras County Office of Education	273	19
05100580000000	Calaveras County Office of Education	215	11
05100580000000	Calaveras County Office of Education	329	25
05100580530048	Calaveras River Academy	534	29
05100580530048	Calaveras River Academy	428	18
05100580530048	Calaveras River Academy	273	19
05100580530048	Calaveras River Academy	215	11
05100580530048	Calaveras River Academy	329	25
05100580530154	Mountain Oaks	534	29
05100580530154	Mountain Oaks	428	18
05100580530154	Mountain Oaks	273	19
05100580530154	Mountain Oaks	215	11
05100580530154	Mountain Oaks	329	25
05100586077150	Calaveras County Special Education (SELPA)	534	29
05100586077150	Calaveras County Special Education (SELPA)	428	18
05100586077150	Calaveras County Special Education (SELPA)	273	19
05100586077150	Calaveras County Special Education (SELPA)	215	11
05100586077150	Calaveras County Special Education (SELPA)	329	25
05100589010745	Oakendell Community	534	29
05100589010745	Oakendell Community	428	18
05100589010745	Oakendell Community	273	19
05100589010745	Oakendell Community	215	11
05100589010745	Oakendell Community	329	25
05615640000000	Calaveras Unified	264	15
05615640000000	Calaveras Unified	230	11
05615640000000	Calaveras Unified	187	12
06000000000000	Colusa	279	45
06000000000000	Colusa	175	30
06000000000000	Colusa	50	21
06000000000000	Colusa	146	11
06000000000000	Colusa	133	34
06000000000000	Colusa	85	21
06000000000000	Colusa	200	42
06100660000000	Colusa County Office of Education	279	45
06100660000000	Colusa County Office of Education	175	30
06100660000000	Colusa County Office of Education	50	21
06100660000000	Colusa County Office of Education	146	11
06100660000000	Colusa County Office of Education	133	34
06100660000000	Colusa County Office of Education	85	21
06100660000000	Colusa County Office of Education	200	42
06100660630111	Colusa County Community	279	45
06100660630111	Colusa County Community	175	30
06100660630111	Colusa County Community	50	21
06100660630111	Colusa County Community	146	11
06100660630111	Colusa County Community	133	34
06100660630111	Colusa County Community	85	21
06100660630111	Colusa County Community	200	42
06615980000000	Colusa Unified	87	20
06615980000000	Colusa Unified	40	13
06615980000000	Colusa Unified	41	15
06615980000000	Colusa Unified	56	18
06615980630012	Colusa Alternative High (Continuation)	87	20
06615980630012	Colusa Alternative High (Continuation)	40	13
06615980630012	Colusa Alternative High (Continuation)	41	15
06615980630012	Colusa Alternative High (Continuation)	56	18
07000000000000	Contra Costa	1153	57
07000000000000	Contra Costa	11075	1330
07000000000000	Contra Costa	1048	317
07000000000000	Contra Costa	495	32
07000000000000	Contra Costa	2873	603
07000000000000	Contra Costa	84	21
07000000000000	Contra Costa	343	16
07000000000000	Contra Costa	5019	269
07000000000000	Contra Costa	1081	416
07000000000000	Contra Costa	546	19
07000000000000	Contra Costa	5528	548
07000000000000	Contra Costa	566	138
07000000000000	Contra Costa	1493	250
07000000000000	Contra Costa	2431	110
07000000000000	Contra Costa	607	38
07000000000000	Contra Costa	5547	782
07000000000000	Contra Costa	482	179
07000000000000	Contra Costa	255	22
07000000000000	Contra Costa	1380	353
07000000000000	Contra Costa	39	11
07000000000000	Contra Costa	2588	159
07000000000000	Contra Costa	4123	967
07000000000000	Contra Costa	1050	220
07100740000000	Contra Costa County Office of Education	1153	57
07100740000000	Contra Costa County Office of Education	11075	1330
07100740000000	Contra Costa County Office of Education	1048	317
07100740000000	Contra Costa County Office of Education	495	32
07100740000000	Contra Costa County Office of Education	2873	603
07100740000000	Contra Costa County Office of Education	84	21
07100740000000	Contra Costa County Office of Education	343	16
07100740000000	Contra Costa County Office of Education	5019	269
07100740000000	Contra Costa County Office of Education	1081	416
07100740000000	Contra Costa County Office of Education	546	19
07100740000000	Contra Costa County Office of Education	5528	548
07100740000000	Contra Costa County Office of Education	566	138
07100740000000	Contra Costa County Office of Education	1493	250
07100740000000	Contra Costa County Office of Education	2431	110
07100740000000	Contra Costa County Office of Education	607	38
07100740000000	Contra Costa County Office of Education	5547	782
07100740000000	Contra Costa County Office of Education	482	179
07100740000000	Contra Costa County Office of Education	255	22
07100740000000	Contra Costa County Office of Education	1380	353
07100740000000	Contra Costa County Office of Education	39	11
07100740000000	Contra Costa County Office of Education	2588	159
07100740000000	Contra Costa County Office of Education	4123	967
07100740000000	Contra Costa County Office of Education	1050	220
07100740107326	Far East County Programs	1153	57
07100740107326	Far East County Programs	11075	1330
07100740107326	Far East County Programs	1048	317
07100740107326	Far East County Programs	495	32
07100740107326	Far East County Programs	2873	603
07100740107326	Far East County Programs	84	21
07100740107326	Far East County Programs	343	16
07100740107326	Far East County Programs	5019	269
07100740107326	Far East County Programs	1081	416
07100740107326	Far East County Programs	546	19
07100740107326	Far East County Programs	5528	548
07100740107326	Far East County Programs	566	138
07100740107326	Far East County Programs	1493	250
07100740107326	Far East County Programs	2431	110
07100740107326	Far East County Programs	607	38
07100740107326	Far East County Programs	5547	782
07100740107326	Far East County Programs	482	179
07100740107326	Far East County Programs	255	22
07100740107326	Far East County Programs	1380	353
07100740107326	Far East County Programs	39	11
07100740107326	Far East County Programs	2588	159
07100740107326	Far East County Programs	4123	967
07100740107326	Far East County Programs	1050	220
07100740107334	Central County Special Education Programs	1153	57
07100740107334	Central County Special Education Programs	11075	1330
07100740107334	Central County Special Education Programs	1048	317
07100740107334	Central County Special Education Programs	495	32
07100740107334	Central County Special Education Programs	2873	603
07100740107334	Central County Special Education Programs	84	21
07100740107334	Central County Special Education Programs	343	16
07100740107334	Central County Special Education Programs	5019	269
07100740107334	Central County Special Education Programs	1081	416
07100740107334	Central County Special Education Programs	546	19
07100740107334	Central County Special Education Programs	5528	548
07100740107334	Central County Special Education Programs	566	138
07100740107334	Central County Special Education Programs	1493	250
07100740107334	Central County Special Education Programs	2431	110
07100740107334	Central County Special Education Programs	607	38
07100740107334	Central County Special Education Programs	5547	782
07100740107334	Central County Special Education Programs	482	179
07100740107334	Central County Special Education Programs	255	22
07100740107334	Central County Special Education Programs	1380	353
07100740107334	Central County Special Education Programs	39	11
07100740107334	Central County Special Education Programs	2588	159
07100740107334	Central County Special Education Programs	4123	967
07100740107334	Central County Special Education Programs	1050	220
07100740107342	East County Elementary Special Education	1153	57
07100740107342	East County Elementary Special Education	11075	1330
07100740107342	East County Elementary Special Education	1048	317
07100740107342	East County Elementary Special Education	495	32
07100740107342	East County Elementary Special Education	2873	603
07100740107342	East County Elementary Special Education	84	21
07100740107342	East County Elementary Special Education	343	16
07100740107342	East County Elementary Special Education	5019	269
07100740107342	East County Elementary Special Education	1081	416
07100740107342	East County Elementary Special Education	546	19
07100740107342	East County Elementary Special Education	5528	548
07100740107342	East County Elementary Special Education	566	138
07100740107342	East County Elementary Special Education	1493	250
07100740107342	East County Elementary Special Education	2431	110
07100740107342	East County Elementary Special Education	607	38
07100740107342	East County Elementary Special Education	5547	782
07100740107342	East County Elementary Special Education	482	179
07100740107342	East County Elementary Special Education	255	22
07100740107342	East County Elementary Special Education	1380	353
07100740107342	East County Elementary Special Education	39	11
07100740107342	East County Elementary Special Education	2588	159
07100740107342	East County Elementary Special Education	4123	967
07100740107342	East County Elementary Special Education	1050	220
07100740118208	Heritage CCCOE Special Education Programs	1153	57
07100740118208	Heritage CCCOE Special Education Programs	11075	1330
07100740118208	Heritage CCCOE Special Education Programs	1048	317
07100740118208	Heritage CCCOE Special Education Programs	495	32
07100740118208	Heritage CCCOE Special Education Programs	2873	603
07100740118208	Heritage CCCOE Special Education Programs	84	21
07100740118208	Heritage CCCOE Special Education Programs	343	16
07100740118208	Heritage CCCOE Special Education Programs	5019	269
07100740118208	Heritage CCCOE Special Education Programs	1081	416
07100740118208	Heritage CCCOE Special Education Programs	546	19
07100740118208	Heritage CCCOE Special Education Programs	5528	548
07100740118208	Heritage CCCOE Special Education Programs	566	138
07100740118208	Heritage CCCOE Special Education Programs	1493	250
07100740118208	Heritage CCCOE Special Education Programs	2431	110
07100740118208	Heritage CCCOE Special Education Programs	607	38
07100740118208	Heritage CCCOE Special Education Programs	5547	782
07100740118208	Heritage CCCOE Special Education Programs	482	179
07100740118208	Heritage CCCOE Special Education Programs	255	22
07100740118208	Heritage CCCOE Special Education Programs	1380	353
07100740118208	Heritage CCCOE Special Education Programs	39	11
07100740118208	Heritage CCCOE Special Education Programs	2588	159
07100740118208	Heritage CCCOE Special Education Programs	4123	967
07100740118208	Heritage CCCOE Special Education Programs	1050	220
07100740120444	Mt. McKinley	1153	57
07100740120444	Mt. McKinley	11075	1330
07100740120444	Mt. McKinley	1048	317
07100740120444	Mt. McKinley	495	32
07100740120444	Mt. McKinley	2873	603
07100740120444	Mt. McKinley	84	21
07100740120444	Mt. McKinley	343	16
07100740120444	Mt. McKinley	5019	269
07100740120444	Mt. McKinley	1081	416
07100740120444	Mt. McKinley	546	19
07100740120444	Mt. McKinley	5528	548
07100740120444	Mt. McKinley	566	138
07100740120444	Mt. McKinley	1493	250
07100740120444	Mt. McKinley	2431	110
07100740120444	Mt. McKinley	607	38
07100740120444	Mt. McKinley	5547	782
07100740120444	Mt. McKinley	482	179
07100740120444	Mt. McKinley	255	22
07100740120444	Mt. McKinley	1380	353
07100740120444	Mt. McKinley	39	11
07100740120444	Mt. McKinley	2588	159
07100740120444	Mt. McKinley	4123	967
07100740120444	Mt. McKinley	1050	220
07100740730242	Delta Vista High	1153	57
07100740730242	Delta Vista High	11075	1330
07100740730242	Delta Vista High	1048	317
07100740730242	Delta Vista High	495	32
07100740730242	Delta Vista High	2873	603
07100740730242	Delta Vista High	84	21
07100740730242	Delta Vista High	343	16
07100740730242	Delta Vista High	5019	269
07100740730242	Delta Vista High	1081	416
07100740730242	Delta Vista High	546	19
07100740730242	Delta Vista High	5528	548
07100740730242	Delta Vista High	566	138
07100740730242	Delta Vista High	1493	250
07100740730242	Delta Vista High	2431	110
07100740730242	Delta Vista High	607	38
07100740730242	Delta Vista High	5547	782
07100740730242	Delta Vista High	482	179
07100740730242	Delta Vista High	255	22
07100740730242	Delta Vista High	1380	353
07100740730242	Delta Vista High	39	11
07100740730242	Delta Vista High	2588	159
07100740730242	Delta Vista High	4123	967
07100740730242	Delta Vista High	1050	220
07100740730614	Golden Gate Community	1153	57
07100740730614	Golden Gate Community	11075	1330
07100740730614	Golden Gate Community	1048	317
07100740730614	Golden Gate Community	495	32
07100740730614	Golden Gate Community	2873	603
07100740730614	Golden Gate Community	84	21
07100740730614	Golden Gate Community	343	16
07100740730614	Golden Gate Community	5019	269
07100740730614	Golden Gate Community	1081	416
07100740730614	Golden Gate Community	546	19
07100740730614	Golden Gate Community	5528	548
07100740730614	Golden Gate Community	566	138
07100740730614	Golden Gate Community	1493	250
07100740730614	Golden Gate Community	2431	110
07100740730614	Golden Gate Community	607	38
07100740730614	Golden Gate Community	5547	782
07100740730614	Golden Gate Community	482	179
07100740730614	Golden Gate Community	255	22
07100740730614	Golden Gate Community	1380	353
07100740730614	Golden Gate Community	39	11
07100740730614	Golden Gate Community	2588	159
07100740730614	Golden Gate Community	4123	967
07100740730614	Golden Gate Community	1050	220
07100740731380	Clayton Valley Charter High	1153	57
07100740731380	Clayton Valley Charter High	11075	1330
07100740731380	Clayton Valley Charter High	1048	317
07100740731380	Clayton Valley Charter High	495	32
07100740731380	Clayton Valley Charter High	2873	603
07100740731380	Clayton Valley Charter High	84	21
07100740731380	Clayton Valley Charter High	343	16
07100740731380	Clayton Valley Charter High	5019	269
07100740731380	Clayton Valley Charter High	1081	416
07100740731380	Clayton Valley Charter High	546	19
07100740731380	Clayton Valley Charter High	5528	548
07100740731380	Clayton Valley Charter High	566	138
07100740731380	Clayton Valley Charter High	1493	250
07100740731380	Clayton Valley Charter High	2431	110
07100740731380	Clayton Valley Charter High	607	38
07100740731380	Clayton Valley Charter High	5547	782
07100740731380	Clayton Valley Charter High	482	179
07100740731380	Clayton Valley Charter High	255	22
07100740731380	Clayton Valley Charter High	1380	353
07100740731380	Clayton Valley Charter High	39	11
07100740731380	Clayton Valley Charter High	2588	159
07100740731380	Clayton Valley Charter High	4123	967
07100740731380	Clayton Valley Charter High	1050	220
07100746077168	Floyd I. Marchus	1153	57
07100746077168	Floyd I. Marchus	11075	1330
07100746077168	Floyd I. Marchus	1048	317
07100746077168	Floyd I. Marchus	495	32
07100746077168	Floyd I. Marchus	2873	603
07100746077168	Floyd I. Marchus	84	21
07100746077168	Floyd I. Marchus	343	16
07100746077168	Floyd I. Marchus	5019	269
07100746077168	Floyd I. Marchus	1081	416
07100746077168	Floyd I. Marchus	546	19
07100746077168	Floyd I. Marchus	5528	548
07100746077168	Floyd I. Marchus	566	138
07100746077168	Floyd I. Marchus	1493	250
07100746077168	Floyd I. Marchus	2431	110
07100746077168	Floyd I. Marchus	607	38
07100746077168	Floyd I. Marchus	5547	782
07100746077168	Floyd I. Marchus	482	179
07100746077168	Floyd I. Marchus	255	22
07100746077168	Floyd I. Marchus	1380	353
07100746077168	Floyd I. Marchus	39	11
07100746077168	Floyd I. Marchus	2588	159
07100746077168	Floyd I. Marchus	4123	967
07100746077168	Floyd I. Marchus	1050	220
07616300000000	Acalanes Union High	1300	14
07616480000000	Antioch Unified	1162	262
07616480000000	Antioch Unified	256	93
07616480000000	Antioch Unified	385	82
07616480000000	Antioch Unified	338	58
07616480000000	Antioch Unified	111	43
07616480000000	Antioch Unified	603	109
07616480000000	Antioch Unified	139	37
07616480000000	Antioch Unified	192	36
07616480000000	Antioch Unified	184	24
07616480000000	Antioch Unified	559	153
07616480000000	Antioch Unified	117	56
07616480000000	Antioch Unified	193	46
07616480000000	Antioch Unified	154	34
07616480000000	Antioch Unified	710	192
07616480000000	Antioch Unified	151	58
07616480110494	Bidwell Continuation High	1162	262
07616480110494	Bidwell Continuation High	256	93
07616480110494	Bidwell Continuation High	385	82
07616480110494	Bidwell Continuation High	338	58
07616480110494	Bidwell Continuation High	111	43
07616480110494	Bidwell Continuation High	603	109
07616480110494	Bidwell Continuation High	139	37
07616480110494	Bidwell Continuation High	192	36
07616480110494	Bidwell Continuation High	184	24
07616480110494	Bidwell Continuation High	559	153
07616480110494	Bidwell Continuation High	117	56
07616480110494	Bidwell Continuation High	193	46
07616480110494	Bidwell Continuation High	154	34
07616480110494	Bidwell Continuation High	710	192
07616480110494	Bidwell Continuation High	151	58
07616480730101	Live Oak High (Continuation)	1162	262
07616480730101	Live Oak High (Continuation)	256	93
07616480730101	Live Oak High (Continuation)	385	82
07616480730101	Live Oak High (Continuation)	338	58
07616480730101	Live Oak High (Continuation)	111	43
07616480730101	Live Oak High (Continuation)	603	109
07616480730101	Live Oak High (Continuation)	139	37
07616480730101	Live Oak High (Continuation)	192	36
07616480730101	Live Oak High (Continuation)	184	24
07616480730101	Live Oak High (Continuation)	559	153
07616480730101	Live Oak High (Continuation)	117	56
07616480730101	Live Oak High (Continuation)	193	46
07616480730101	Live Oak High (Continuation)	154	34
07616480730101	Live Oak High (Continuation)	710	192
07616480730101	Live Oak High (Continuation)	151	58
07616480730259	Prospects High (Alternative)	71	56
07616480730259	Prospects High (Alternative)	23	15
07616480730259	Prospects High (Alternative)	33	15
07616480730259	Prospects High (Alternative)	40	31
07616480730259	Prospects High (Alternative)	31	25
07616480730259	Prospects High (Alternative)	45	38
07616480730465	Deer Valley High	526	45
07616480730465	Deer Valley High	134	17
07616480730465	Deer Valley High	135	11
07616480730465	Deer Valley High	274	13
07616480730465	Deer Valley High	252	32
07616480730465	Deer Valley High	57	14
07616480730465	Deer Valley High	291	28
07616480730465	Deer Valley High	83	13
07616480730481	Bridges	1162	262
07616480730481	Bridges	256	93
07616480730481	Bridges	385	82
07616480730481	Bridges	338	58
07616480730481	Bridges	111	43
07616480730481	Bridges	603	109
07616480730481	Bridges	139	37
07616480730481	Bridges	192	36
07616480730481	Bridges	184	24
07616480730481	Bridges	559	153
07616480730481	Bridges	117	56
07616480730481	Bridges	193	46
07616480730481	Bridges	154	34
07616480730481	Bridges	710	192
07616480730481	Bridges	151	58
07616480730861	Antioch High	310	72
07616480730861	Antioch High	51	19
07616480730861	Antioch High	131	32
07616480730861	Antioch High	96	15
07616480730861	Antioch High	49	21
07616480730861	Antioch High	156	31
07616480730861	Antioch High	67	16
07616480730861	Antioch High	154	41
07616480730861	Antioch High	24	11
07616480730861	Antioch High	64	16
07616480730861	Antioch High	211	58
07616480730861	Antioch High	32	12
07616970000000	John Swett Unified	114	11
07616970737619	Willow High	114	11
07617210000000	Liberty Union High	1487	60
07617210000000	Liberty Union High	409	33
07617210000000	Liberty Union High	817	14
07617210000000	Liberty Union High	116	18
07617210000000	Liberty Union High	778	31
07617210000000	Liberty Union High	222	19
07617210000000	Liberty Union High	709	29
07617210000000	Liberty Union High	187	14
07617210000000	Liberty Union High	516	43
07617210000000	Liberty Union High	136	11
07617210730572	Independence High	111	24
07617210730572	Independence High	32	13
07617210730572	Independence High	63	14
07617210730572	Independence High	42	18
07617210733998	La Paloma High (Continuation)	1487	60
07617210733998	La Paloma High (Continuation)	409	33
07617210733998	La Paloma High (Continuation)	817	14
07617210733998	La Paloma High (Continuation)	116	18
07617210733998	La Paloma High (Continuation)	778	31
07617210733998	La Paloma High (Continuation)	222	19
07617210733998	La Paloma High (Continuation)	709	29
07617210733998	La Paloma High (Continuation)	187	14
07617210733998	La Paloma High (Continuation)	516	43
07617210733998	La Paloma High (Continuation)	136	11
07617390000000	Martinez Unified	353	27
07617390000000	Martinez Unified	216	18
07617390000000	Martinez Unified	173	17
07617390000000	Martinez Unified	100	18
07617390730440	Vicente Martinez High	353	27
07617390730440	Vicente Martinez High	216	18
07617390730440	Vicente Martinez High	173	17
07617390730440	Vicente Martinez High	100	18
07617390730473	Briones (Alternative)	353	27
07617390730473	Briones (Alternative)	216	18
07617390730473	Briones (Alternative)	173	17
07617390730473	Briones (Alternative)	100	18
07617540000000	Mt. Diablo Unified	177	16
07617540000000	Mt. Diablo Unified	1881	329
07617540000000	Mt. Diablo Unified	88	35
07617540000000	Mt. Diablo Unified	81	12
07617540000000	Mt. Diablo Unified	553	162
07617540000000	Mt. Diablo Unified	924	95
07617540000000	Mt. Diablo Unified	192	108
07617540000000	Mt. Diablo Unified	934	142
07617540000000	Mt. Diablo Unified	44	17
07617540000000	Mt. Diablo Unified	292	71
07617540000000	Mt. Diablo Unified	447	43
07617540000000	Mt. Diablo Unified	100	11
07617540000000	Mt. Diablo Unified	947	187
07617540000000	Mt. Diablo Unified	44	18
07617540000000	Mt. Diablo Unified	261	91
07617540000000	Mt. Diablo Unified	477	52
07617540000000	Mt. Diablo Unified	770	217
07617540000000	Mt. Diablo Unified	197	52
07617540730317	Horizons Alternative	66	16
07617540730333	Gateway High (Continuation)	177	16
07617540730333	Gateway High (Continuation)	1881	329
07617540730333	Gateway High (Continuation)	88	35
07617540730333	Gateway High (Continuation)	81	12
07617540730333	Gateway High (Continuation)	553	162
07617540730333	Gateway High (Continuation)	924	95
07617540730333	Gateway High (Continuation)	192	108
07617540730333	Gateway High (Continuation)	934	142
07617540730333	Gateway High (Continuation)	44	17
07617540730333	Gateway High (Continuation)	292	71
07617540730333	Gateway High (Continuation)	447	43
07617540730333	Gateway High (Continuation)	100	11
07617540730333	Gateway High (Continuation)	947	187
07617540730333	Gateway High (Continuation)	44	18
07617540730333	Gateway High (Continuation)	261	91
07617540730333	Gateway High (Continuation)	477	52
07617540730333	Gateway High (Continuation)	770	217
07617540730333	Gateway High (Continuation)	197	52
07617540730341	Nueva Vista High (Continuation)	177	16
07617540730341	Nueva Vista High (Continuation)	1881	329
07617540730341	Nueva Vista High (Continuation)	88	35
07617540730341	Nueva Vista High (Continuation)	81	12
07617540730341	Nueva Vista High (Continuation)	553	162
07617540730341	Nueva Vista High (Continuation)	924	95
07617540730341	Nueva Vista High (Continuation)	192	108
07617540730341	Nueva Vista High (Continuation)	934	142
07617540730341	Nueva Vista High (Continuation)	44	17
07617540730341	Nueva Vista High (Continuation)	292	71
07617540730341	Nueva Vista High (Continuation)	447	43
07617540730341	Nueva Vista High (Continuation)	100	11
07617540730341	Nueva Vista High (Continuation)	947	187
07617540730341	Nueva Vista High (Continuation)	44	18
07617540730341	Nueva Vista High (Continuation)	261	91
07617540730341	Nueva Vista High (Continuation)	477	52
07617540730341	Nueva Vista High (Continuation)	770	217
07617540730341	Nueva Vista High (Continuation)	197	52
07617540730358	Prospect High (Continuation)	177	16
07617540730358	Prospect High (Continuation)	1881	329
07617540730358	Prospect High (Continuation)	88	35
07617540730358	Prospect High (Continuation)	81	12
07617540730358	Prospect High (Continuation)	553	162
07617540730358	Prospect High (Continuation)	924	95
07617540730358	Prospect High (Continuation)	192	108
07617540730358	Prospect High (Continuation)	934	142
07617540730358	Prospect High (Continuation)	44	17
07617540730358	Prospect High (Continuation)	292	71
07617540730358	Prospect High (Continuation)	447	43
07617540730358	Prospect High (Continuation)	100	11
07617540730358	Prospect High (Continuation)	947	187
07617540730358	Prospect High (Continuation)	44	18
07617540730358	Prospect High (Continuation)	261	91
07617540730358	Prospect High (Continuation)	477	52
07617540730358	Prospect High (Continuation)	770	217
07617540730358	Prospect High (Continuation)	197	52
07617540730416	Crossroads High (Continuation)	177	16
07617540730416	Crossroads High (Continuation)	1881	329
07617540730416	Crossroads High (Continuation)	88	35
07617540730416	Crossroads High (Continuation)	81	12
07617540730416	Crossroads High (Continuation)	553	162
07617540730416	Crossroads High (Continuation)	924	95
07617540730416	Crossroads High (Continuation)	192	108
07617540730416	Crossroads High (Continuation)	934	142
07617540730416	Crossroads High (Continuation)	44	17
07617540730416	Crossroads High (Continuation)	292	71
07617540730416	Crossroads High (Continuation)	447	43
07617540730416	Crossroads High (Continuation)	100	11
07617540730416	Crossroads High (Continuation)	947	187
07617540730416	Crossroads High (Continuation)	44	18
07617540730416	Crossroads High (Continuation)	261	91
07617540730416	Crossroads High (Continuation)	477	52
07617540730416	Crossroads High (Continuation)	770	217
07617540730416	Crossroads High (Continuation)	197	52
07617540730424	Summit High (Continuation)	177	16
07617540730424	Summit High (Continuation)	1881	329
07617540730424	Summit High (Continuation)	88	35
07617540730424	Summit High (Continuation)	81	12
07617540730424	Summit High (Continuation)	553	162
07617540730424	Summit High (Continuation)	924	95
07617540730424	Summit High (Continuation)	192	108
07617540730424	Summit High (Continuation)	934	142
07617540730424	Summit High (Continuation)	44	17
07617540730424	Summit High (Continuation)	292	71
07617540730424	Summit High (Continuation)	447	43
07617540730424	Summit High (Continuation)	100	11
07617540730424	Summit High (Continuation)	947	187
07617540730424	Summit High (Continuation)	44	18
07617540730424	Summit High (Continuation)	261	91
07617540730424	Summit High (Continuation)	477	52
07617540730424	Summit High (Continuation)	770	217
07617540730424	Summit High (Continuation)	197	52
07617540730655	Diablo Community Day	177	16
07617540730655	Diablo Community Day	1881	329
07617540730655	Diablo Community Day	88	35
07617540730655	Diablo Community Day	81	12
07617540730655	Diablo Community Day	553	162
07617540730655	Diablo Community Day	924	95
07617540730655	Diablo Community Day	192	108
07617540730655	Diablo Community Day	934	142
07617540730655	Diablo Community Day	44	17
07617540730655	Diablo Community Day	292	71
07617540730655	Diablo Community Day	447	43
07617540730655	Diablo Community Day	100	11
07617540730655	Diablo Community Day	947	187
07617540730655	Diablo Community Day	44	18
07617540730655	Diablo Community Day	261	91
07617540730655	Diablo Community Day	477	52
07617540730655	Diablo Community Day	770	217
07617540730655	Diablo Community Day	197	52
07617540731646	College Park High	442	40
07617540731646	College Park High	288	20
07617540731646	College Park High	190	15
07617540731646	College Park High	252	25
07617540731836	Concord High	345	29
07617540731836	Concord High	104	13
07617540731836	Concord High	24	11
07617540731836	Concord High	179	17
07617540731836	Concord High	166	12
07617540731836	Concord High	132	18
07617540734566	Mt. Diablo High	277	53
07617540734566	Mt. Diablo High	159	31
07617540734566	Mt. Diablo High	66	25
07617540734566	Mt. Diablo High	152	18
07617540734566	Mt. Diablo High	80	12
07617540734566	Mt. Diablo High	125	35
07617540734566	Mt. Diablo High	79	19
07617540734566	Mt. Diablo High	222	44
07617540734764	Olympic Continuation High	177	16
07617540734764	Olympic Continuation High	1881	329
07617540734764	Olympic Continuation High	88	35
07617540734764	Olympic Continuation High	81	12
07617540734764	Olympic Continuation High	553	162
07617540734764	Olympic Continuation High	924	95
07617540734764	Olympic Continuation High	192	108
07617540734764	Olympic Continuation High	934	142
07617540734764	Olympic Continuation High	44	17
07617540734764	Olympic Continuation High	292	71
07617540734764	Olympic Continuation High	447	43
07617540734764	Olympic Continuation High	100	11
07617540734764	Olympic Continuation High	947	187
07617540734764	Olympic Continuation High	44	18
07617540734764	Olympic Continuation High	261	91
07617540734764	Olympic Continuation High	477	52
07617540734764	Olympic Continuation High	770	217
07617540734764	Olympic Continuation High	197	52
07617540737809	Ygnacio Valley High	235	52
07617540737809	Ygnacio Valley High	120	34
07617540737809	Ygnacio Valley High	58	11
07617540737809	Ygnacio Valley High	54	26
07617540737809	Ygnacio Valley High	120	26
07617540737809	Ygnacio Valley High	64	16
07617540737809	Ygnacio Valley High	115	26
07617540737809	Ygnacio Valley High	56	18
07617540737809	Ygnacio Valley High	163	32
07617880000000	Pittsburg Unified	522	161
07617880000000	Pittsburg Unified	131	59
07617880000000	Pittsburg Unified	256	79
07617880000000	Pittsburg Unified	48	12
07617880000000	Pittsburg Unified	117	56
07617880000000	Pittsburg Unified	290	66
07617880000000	Pittsburg Unified	77	29
07617880000000	Pittsburg Unified	142	32
07617880000000	Pittsburg Unified	232	95
07617880000000	Pittsburg Unified	54	30
07617880000000	Pittsburg Unified	114	47
07617880000000	Pittsburg Unified	439	139
07617880000000	Pittsburg Unified	35	20
07617880730184	Black Diamond High (Continuation)	522	161
07617880730184	Black Diamond High (Continuation)	131	59
07617880730184	Black Diamond High (Continuation)	256	79
07617880730184	Black Diamond High (Continuation)	48	12
07617880730184	Black Diamond High (Continuation)	117	56
07617880730184	Black Diamond High (Continuation)	290	66
07617880730184	Black Diamond High (Continuation)	77	29
07617880730184	Black Diamond High (Continuation)	142	32
07617880730184	Black Diamond High (Continuation)	232	95
07617880730184	Black Diamond High (Continuation)	54	30
07617880730184	Black Diamond High (Continuation)	114	47
07617880730184	Black Diamond High (Continuation)	439	139
07617880730184	Black Diamond High (Continuation)	35	20
07617880735407	Pittsburg Senior High	478	93
07617880735407	Pittsburg Senior High	122	26
07617880735407	Pittsburg Senior High	231	51
07617880735407	Pittsburg Senior High	102	39
07617880735407	Pittsburg Senior High	273	38
07617880735407	Pittsburg Senior High	70	12
07617880735407	Pittsburg Senior High	136	23
07617880735407	Pittsburg Senior High	205	55
07617880735407	Pittsburg Senior High	52	14
07617880735407	Pittsburg Senior High	95	28
07617880735407	Pittsburg Senior High	399	78
07617960000000	West Contra Costa Unified	210	21
07617960000000	West Contra Costa Unified	1547	371
07617960000000	West Contra Costa Unified	341	99
07617960000000	West Contra Costa Unified	676	207
07617960000000	West Contra Costa Unified	187	26
07617960000000	West Contra Costa Unified	366	166
07617960000000	West Contra Costa Unified	780	140
07617960000000	West Contra Costa Unified	181	44
07617960000000	West Contra Costa Unified	355	79
07617960000000	West Contra Costa Unified	109	15
07617960000000	West Contra Costa Unified	767	231
07617960000000	West Contra Costa Unified	160	55
07617960000000	West Contra Costa Unified	321	128
07617960000000	West Contra Costa Unified	110	21
07617960000000	West Contra Costa Unified	1123	292
07617960000000	West Contra Costa Unified	148	45
07617960730275	North Campus Continuation	210	21
07617960730275	North Campus Continuation	1547	371
07617960730275	North Campus Continuation	341	99
07617960730275	North Campus Continuation	676	207
07617960730275	North Campus Continuation	187	26
07617960730275	North Campus Continuation	366	166
07617960730275	North Campus Continuation	780	140
07617960730275	North Campus Continuation	181	44
07617960730275	North Campus Continuation	355	79
07617960730275	North Campus Continuation	109	15
07617960730275	North Campus Continuation	767	231
07617960730275	North Campus Continuation	160	55
07617960730275	North Campus Continuation	321	128
07617960730275	North Campus Continuation	110	21
07617960730275	North Campus Continuation	1123	292
07617960730275	North Campus Continuation	148	45
07617960730325	Vista High (Alternative)	210	21
07617960730325	Vista High (Alternative)	1547	371
07617960730325	Vista High (Alternative)	341	99
07617960730325	Vista High (Alternative)	676	207
07617960730325	Vista High (Alternative)	187	26
07617960730325	Vista High (Alternative)	366	166
07617960730325	Vista High (Alternative)	780	140
07617960730325	Vista High (Alternative)	181	44
07617960730325	Vista High (Alternative)	355	79
07617960730325	Vista High (Alternative)	109	15
07617960730325	Vista High (Alternative)	767	231
07617960730325	Vista High (Alternative)	160	55
07617960730325	Vista High (Alternative)	321	128
07617960730325	Vista High (Alternative)	110	21
07617960730325	Vista High (Alternative)	1123	292
07617960730325	Vista High (Alternative)	148	45
07617960732164	De Anza Senior High	137	21
07617960732164	De Anza Senior High	65	11
07617960732164	De Anza Senior High	113	14
07617960732941	El Cerrito Senior High	286	31
07617960732941	El Cerrito Senior High	77	14
07617960732941	El Cerrito Senior High	141	12
07617960732941	El Cerrito Senior High	145	19
07617960732941	El Cerrito Senior High	182	19
07617960733253	Gompers (Samuel) Continuation	210	21
07617960733253	Gompers (Samuel) Continuation	1547	371
07617960733253	Gompers (Samuel) Continuation	341	99
07617960733253	Gompers (Samuel) Continuation	676	207
07617960733253	Gompers (Samuel) Continuation	187	26
07617960733253	Gompers (Samuel) Continuation	366	166
07617960733253	Gompers (Samuel) Continuation	780	140
07617960733253	Gompers (Samuel) Continuation	181	44
07617960733253	Gompers (Samuel) Continuation	355	79
07617960733253	Gompers (Samuel) Continuation	109	15
07617960733253	Gompers (Samuel) Continuation	767	231
07617960733253	Gompers (Samuel) Continuation	160	55
07617960733253	Gompers (Samuel) Continuation	321	128
07617960733253	Gompers (Samuel) Continuation	110	21
07617960733253	Gompers (Samuel) Continuation	1123	292
07617960733253	Gompers (Samuel) Continuation	148	45
07617960733659	Kennedy High	132	74
07617960733659	Kennedy High	42	20
07617960733659	Kennedy High	72	46
07617960733659	Kennedy High	40	42
07617960733659	Kennedy High	72	23
07617960733659	Kennedy High	41	11
07617960733659	Kennedy High	60	51
07617960733659	Kennedy High	17	11
07617960733659	Kennedy High	31	35
07617960733659	Kennedy High	128	65
07617960735316	Pinole Valley High	313	20
07617960735316	Pinole Valley High	164	17
07617960735316	Pinole Valley High	203	13
07617960735902	Richmond High	270	84
07617960735902	Richmond High	221	72
07617960735902	Richmond High	125	65
07617960735902	Richmond High	136	30
07617960735902	Richmond High	115	28
07617960735902	Richmond High	134	54
07617960735902	Richmond High	106	44
07617960735902	Richmond High	260	74
07618040000000	San Ramon Valley Unified	2178	36
07618040000000	San Ramon Valley Unified	1269	20
07618040000000	San Ramon Valley Unified	1046	22
07618040000000	San Ramon Valley Unified	1132	14
07618040730218	Venture (Alternative)	90	12
07618040734368	Monte Vista High	507	14
07618040736819	Del Amigo High (Continuation)	2178	36
07618040736819	Del Amigo High (Continuation)	1269	20
07618040736819	Del Amigo High (Continuation)	1046	22
07618040736819	Del Amigo High (Continuation)	1132	14
08000000000000	Del Norte	303	34
08000000000000	Del Norte	183	18
08000000000000	Del Norte	147	27
08000000000000	Del Norte	77	16
08000000000000	Del Norte	184	26
08100820000000	Del Norte County Office of Education	303	34
08100820000000	Del Norte County Office of Education	183	18
08100820000000	Del Norte County Office of Education	147	27
08100820000000	Del Norte County Office of Education	77	16
08100820000000	Del Norte County Office of Education	184	26
08100820106625	Elk Creek	303	34
08100820106625	Elk Creek	183	18
08100820106625	Elk Creek	147	27
08100820106625	Elk Creek	77	16
08100820106625	Elk Creek	184	26
08100820106666	Bar-O	303	34
08100820106666	Bar-O	183	18
08100820106666	Bar-O	147	27
08100820106666	Bar-O	77	16
08100820106666	Bar-O	184	26
08100820830042	McCarthy Center/Court/Community	303	34
08100820830042	McCarthy Center/Court/Community	183	18
08100820830042	McCarthy Center/Court/Community	147	27
08100820830042	McCarthy Center/Court/Community	77	16
08100820830042	McCarthy Center/Court/Community	184	26
08100820830059	Castle Rock	303	34
08100820830059	Castle Rock	183	18
08100820830059	Castle Rock	147	27
08100820830059	Castle Rock	77	16
08100820830059	Castle Rock	184	26
09000000000000	El Dorado	2244	138
09000000000000	El Dorado	336	46
09000000000000	El Dorado	1683	73
09000000000000	El Dorado	75	27
09000000000000	El Dorado	1086	33
09000000000000	El Dorado	836	24
09000000000000	El Dorado	1158	105
09000000000000	El Dorado	176	39
09000000000000	El Dorado	847	49
09000000000000	El Dorado	755	109
09000000000000	El Dorado	207	31
09100900000000	El Dorado County Office of Education	2244	138
09100900000000	El Dorado County Office of Education	336	46
09100900000000	El Dorado County Office of Education	1683	73
09100900000000	El Dorado County Office of Education	75	27
09100900000000	El Dorado County Office of Education	1086	33
09100900000000	El Dorado County Office of Education	836	24
09100900000000	El Dorado County Office of Education	1158	105
09100900000000	El Dorado County Office of Education	176	39
09100900000000	El Dorado County Office of Education	847	49
09100900000000	El Dorado County Office of Education	755	109
09100900000000	El Dorado County Office of Education	207	31
09100900106047	Blue Ridge	2244	138
09100900106047	Blue Ridge	336	46
09100900106047	Blue Ridge	1683	73
09100900106047	Blue Ridge	75	27
09100900106047	Blue Ridge	1086	33
09100900106047	Blue Ridge	836	24
09100900106047	Blue Ridge	1158	105
09100900106047	Blue Ridge	176	39
09100900106047	Blue Ridge	847	49
09100900106047	Blue Ridge	755	109
09100900106047	Blue Ridge	207	31
09100900930016	Golden Ridge	2244	138
09100900930016	Golden Ridge	336	46
09100900930016	Golden Ridge	1683	73
09100900930016	Golden Ridge	75	27
09100900930016	Golden Ridge	1086	33
09100900930016	Golden Ridge	836	24
09100900930016	Golden Ridge	1158	105
09100900930016	Golden Ridge	176	39
09100900930016	Golden Ridge	847	49
09100900930016	Golden Ridge	755	109
09100900930016	Golden Ridge	207	31
09100900930123	Charter Community School Home Study Academy	2244	138
09100900930123	Charter Community School Home Study Academy	336	46
09100900930123	Charter Community School Home Study Academy	1683	73
09100900930123	Charter Community School Home Study Academy	75	27
09100900930123	Charter Community School Home Study Academy	1086	33
09100900930123	Charter Community School Home Study Academy	836	24
09100900930123	Charter Community School Home Study Academy	1158	105
09100900930123	Charter Community School Home Study Academy	176	39
09100900930123	Charter Community School Home Study Academy	847	49
09100900930123	Charter Community School Home Study Academy	755	109
09100900930123	Charter Community School Home Study Academy	207	31
09100900930131	Rite of Passage	2244	138
09100900930131	Rite of Passage	336	46
09100900930131	Rite of Passage	1683	73
09100900930131	Rite of Passage	75	27
09100900930131	Rite of Passage	1086	33
09100900930131	Rite of Passage	836	24
09100900930131	Rite of Passage	1158	105
09100900930131	Rite of Passage	176	39
09100900930131	Rite of Passage	847	49
09100900930131	Rite of Passage	755	109
09100900930131	Rite of Passage	207	31
09618530000000	El Dorado Union High	1682	43
09618530000000	El Dorado Union High	1360	36
09618530000000	El Dorado Union High	842	13
09618530000000	El Dorado Union High	840	30
09618530000000	El Dorado Union High	678	26
09618530000000	El Dorado Union High	408	28
09618530101808	Mountain View High	1682	43
09618530101808	Mountain View High	1360	36
09618530101808	Mountain View High	842	13
09618530101808	Mountain View High	840	30
09618530101808	Mountain View High	678	26
09618530101808	Mountain View High	408	28
09618530930222	Vista High	1682	43
09618530930222	Vista High	1360	36
09618530930222	Vista High	842	13
09618530930222	Vista High	840	30
09618530930222	Vista High	678	26
09618530930222	Vista High	408	28
09618530934554	Independence Continuation	1682	43
09618530934554	Independence Continuation	1360	36
09618530934554	Independence Continuation	842	13
09618530934554	Independence Continuation	840	30
09618530934554	Independence Continuation	678	26
09618530934554	Independence Continuation	408	28
09619030000000	Lake Tahoe Unified	294	26
09619030000000	Lake Tahoe Unified	112	12
09619030000000	Lake Tahoe Unified	153	19
09619030000000	Lake Tahoe Unified	198	22
09619030930040	Mt. Tallac High	294	26
09619030930040	Mt. Tallac High	112	12
09619030930040	Mt. Tallac High	153	19
09619030930040	Mt. Tallac High	198	22
09619030930107	Transitional Learning Center (Continuation)	294	26
09619030930107	Transitional Learning Center (Continuation)	112	12
09619030930107	Transitional Learning Center (Continuation)	153	19
09619030930107	Transitional Learning Center (Continuation)	198	22
10000000000000	Fresno	1456	171
10000000000000	Fresno	11093	2222
10000000000000	Fresno	601	263
10000000000000	Fresno	5940	1425
10000000000000	Fresno	94	28
10000000000000	Fresno	2791	315
10000000000000	Fresno	2165	731
10000000000000	Fresno	713	69
10000000000000	Fresno	5698	836
10000000000000	Fresno	325	101
10000000000000	Fresno	3108	533
10000000000000	Fresno	51	13
10000000000000	Fresno	1391	109
10000000000000	Fresno	743	102
10000000000000	Fresno	5395	1386
10000000000000	Fresno	276	162
10000000000000	Fresno	2832	892
10000000000000	Fresno	43	15
10000000000000	Fresno	1400	206
10000000000000	Fresno	1515	398
10000000000000	Fresno	8215	2086
10000000000000	Fresno	631	302
10101080000000	Fresno County Office of Education	1456	171
10101080000000	Fresno County Office of Education	11093	2222
10101080000000	Fresno County Office of Education	601	263
10101080000000	Fresno County Office of Education	5940	1425
10101080000000	Fresno County Office of Education	94	28
10101080000000	Fresno County Office of Education	2791	315
10101080000000	Fresno County Office of Education	2165	731
10101080000000	Fresno County Office of Education	713	69
10101080000000	Fresno County Office of Education	5698	836
10101080000000	Fresno County Office of Education	325	101
10101080000000	Fresno County Office of Education	3108	533
10101080000000	Fresno County Office of Education	51	13
10101080000000	Fresno County Office of Education	1391	109
10101080000000	Fresno County Office of Education	743	102
10101080000000	Fresno County Office of Education	5395	1386
10101080000000	Fresno County Office of Education	276	162
10101080000000	Fresno County Office of Education	2832	892
10101080000000	Fresno County Office of Education	43	15
10101080000000	Fresno County Office of Education	1400	206
10101080000000	Fresno County Office of Education	1515	398
10101080000000	Fresno County Office of Education	8215	2086
10101080000000	Fresno County Office of Education	631	302
10101080109991	Crescent View West Charter	13	164
10101080109991	Crescent View West Charter	12	150
10101080109991	Crescent View West Charter	13	164
10101080109991	Crescent View West Charter	12	150
10101081030337	Fresno County Court	1456	171
10101081030337	Fresno County Court	11093	2222
10101081030337	Fresno County Court	601	263
10101081030337	Fresno County Court	5940	1425
10101081030337	Fresno County Court	94	28
10101081030337	Fresno County Court	2791	315
10101081030337	Fresno County Court	2165	731
10101081030337	Fresno County Court	713	69
10101081030337	Fresno County Court	5698	836
10101081030337	Fresno County Court	325	101
10101081030337	Fresno County Court	3108	533
10101081030337	Fresno County Court	51	13
10101081030337	Fresno County Court	1391	109
10101081030337	Fresno County Court	743	102
10101081030337	Fresno County Court	5395	1386
10101081030337	Fresno County Court	276	162
10101081030337	Fresno County Court	2832	892
10101081030337	Fresno County Court	43	15
10101081030337	Fresno County Court	1400	206
10101081030337	Fresno County Court	1515	398
10101081030337	Fresno County Court	8215	2086
10101081030337	Fresno County Court	631	302
10101081030899	Fresno County Community	1456	171
10101081030899	Fresno County Community	11093	2222
10101081030899	Fresno County Community	601	263
10101081030899	Fresno County Community	5940	1425
10101081030899	Fresno County Community	94	28
10101081030899	Fresno County Community	2791	315
10101081030899	Fresno County Community	2165	731
10101081030899	Fresno County Community	713	69
10101081030899	Fresno County Community	5698	836
10101081030899	Fresno County Community	325	101
10101081030899	Fresno County Community	3108	533
10101081030899	Fresno County Community	51	13
10101081030899	Fresno County Community	1391	109
10101081030899	Fresno County Community	743	102
10101081030899	Fresno County Community	5395	1386
10101081030899	Fresno County Community	276	162
10101081030899	Fresno County Community	2832	892
10101081030899	Fresno County Community	43	15
10101081030899	Fresno County Community	1400	206
10101081030899	Fresno County Community	1515	398
10101081030899	Fresno County Community	8215	2086
10101081030899	Fresno County Community	631	302
10101081030923	Fresno County Community Day	1456	171
10101081030923	Fresno County Community Day	11093	2222
10101081030923	Fresno County Community Day	601	263
10101081030923	Fresno County Community Day	5940	1425
10101081030923	Fresno County Community Day	94	28
10101081030923	Fresno County Community Day	2791	315
10101081030923	Fresno County Community Day	2165	731
10101081030923	Fresno County Community Day	713	69
10101081030923	Fresno County Community Day	5698	836
10101081030923	Fresno County Community Day	325	101
10101081030923	Fresno County Community Day	3108	533
10101081030923	Fresno County Community Day	51	13
10101081030923	Fresno County Community Day	1391	109
10101081030923	Fresno County Community Day	743	102
10101081030923	Fresno County Community Day	5395	1386
10101081030923	Fresno County Community Day	276	162
10101081030923	Fresno County Community Day	2832	892
10101081030923	Fresno County Community Day	43	15
10101081030923	Fresno County Community Day	1400	206
10101081030923	Fresno County Community Day	1515	398
10101081030923	Fresno County Community Day	8215	2086
10101081030923	Fresno County Community Day	631	302
10101086069488	Fresno County Special Education Local Plan	1456	171
10101086069488	Fresno County Special Education Local Plan	11093	2222
10101086069488	Fresno County Special Education Local Plan	601	263
10101086069488	Fresno County Special Education Local Plan	5940	1425
10101086069488	Fresno County Special Education Local Plan	94	28
10101086069488	Fresno County Special Education Local Plan	2791	315
10101086069488	Fresno County Special Education Local Plan	2165	731
10101086069488	Fresno County Special Education Local Plan	713	69
10101086069488	Fresno County Special Education Local Plan	5698	836
10101086069488	Fresno County Special Education Local Plan	325	101
10101086069488	Fresno County Special Education Local Plan	3108	533
10101086069488	Fresno County Special Education Local Plan	51	13
10101086069488	Fresno County Special Education Local Plan	1391	109
10101086069488	Fresno County Special Education Local Plan	743	102
10101086069488	Fresno County Special Education Local Plan	5395	1386
10101086069488	Fresno County Special Education Local Plan	276	162
10101086069488	Fresno County Special Education Local Plan	2832	892
10101086069488	Fresno County Special Education Local Plan	43	15
10101086069488	Fresno County Special Education Local Plan	1400	206
10101086069488	Fresno County Special Education Local Plan	1515	398
10101086069488	Fresno County Special Education Local Plan	8215	2086
10101086069488	Fresno County Special Education Local Plan	631	302
10621170000000	Clovis Unified	2573	103
10621170000000	Clovis Unified	681	35
10621170000000	Clovis Unified	1299	47
10621170000000	Clovis Unified	180	14
10621170000000	Clovis Unified	1277	39
10621170000000	Clovis Unified	342	15
10621170000000	Clovis Unified	627	13
10621170000000	Clovis Unified	1296	64
10621170000000	Clovis Unified	339	20
10621170000000	Clovis Unified	672	34
10621170000000	Clovis Unified	964	82
10621170000000	Clovis Unified	86	12
10621170110270	Clovis Community Day Secondary	2573	103
10621170110270	Clovis Community Day Secondary	681	35
10621170110270	Clovis Community Day Secondary	1299	47
10621170110270	Clovis Community Day Secondary	180	14
10621170110270	Clovis Community Day Secondary	1277	39
10621170110270	Clovis Community Day Secondary	342	15
10621170110270	Clovis Community Day Secondary	627	13
10621170110270	Clovis Community Day Secondary	1296	64
10621170110270	Clovis Community Day Secondary	339	20
10621170110270	Clovis Community Day Secondary	672	34
10621170110270	Clovis Community Day Secondary	964	82
10621170110270	Clovis Community Day Secondary	86	12
10621170118018	Clovis Online Charter	25	24
10621170118018	Clovis Online Charter	17	12
10621170118018	Clovis Online Charter	16	15
10621171030469	Enterprise Alternative	2573	103
10621171030469	Enterprise Alternative	681	35
10621171030469	Enterprise Alternative	1299	47
10621171030469	Enterprise Alternative	180	14
10621171030469	Enterprise Alternative	1277	39
10621171030469	Enterprise Alternative	342	15
10621171030469	Enterprise Alternative	627	13
10621171030469	Enterprise Alternative	1296	64
10621171030469	Enterprise Alternative	339	20
10621171030469	Enterprise Alternative	672	34
10621171030469	Enterprise Alternative	964	82
10621171030469	Enterprise Alternative	86	12
10621171031004	Gateway High (Continuation)	2573	103
10621171031004	Gateway High (Continuation)	681	35
10621171031004	Gateway High (Continuation)	1299	47
10621171031004	Gateway High (Continuation)	180	14
10621171031004	Gateway High (Continuation)	1277	39
10621171031004	Gateway High (Continuation)	342	15
10621171031004	Gateway High (Continuation)	627	13
10621171031004	Gateway High (Continuation)	1296	64
10621171031004	Gateway High (Continuation)	339	20
10621171031004	Gateway High (Continuation)	672	34
10621171031004	Gateway High (Continuation)	964	82
10621171031004	Gateway High (Continuation)	86	12
10621171031053	Clovis High	528	13
10621171031053	Clovis High	230	11
10621250000000	Coalinga-Huron Joint Unified	227	66
10621250000000	Coalinga-Huron Joint Unified	177	57
10621250000000	Coalinga-Huron Joint Unified	85	46
10621250000000	Coalinga-Huron Joint Unified	123	29
10621250000000	Coalinga-Huron Joint Unified	92	25
10621250000000	Coalinga-Huron Joint Unified	104	37
10621250000000	Coalinga-Huron Joint Unified	85	32
10621250000000	Coalinga-Huron Joint Unified	66	15
10621250000000	Coalinga-Huron Joint Unified	183	64
10621251030113	Cambridge High	227	66
10621251030113	Cambridge High	177	57
10621251030113	Cambridge High	85	46
10621251030113	Cambridge High	123	29
10621251030113	Cambridge High	92	25
10621251030113	Cambridge High	104	37
10621251030113	Cambridge High	85	32
10621251030113	Cambridge High	66	15
10621251030113	Cambridge High	183	64
10621251030477	Chesnut High (Continuation)	227	66
10621251030477	Chesnut High (Continuation)	177	57
10621251030477	Chesnut High (Continuation)	85	46
10621251030477	Chesnut High (Continuation)	123	29
10621251030477	Chesnut High (Continuation)	92	25
10621251030477	Chesnut High (Continuation)	104	37
10621251030477	Chesnut High (Continuation)	85	32
10621251030477	Chesnut High (Continuation)	66	15
10621251030477	Chesnut High (Continuation)	183	64
10621251031376	Coalinga High	208	27
10621251031376	Coalinga High	159	22
10621251031376	Coalinga High	74	18
10621251031376	Coalinga High	112	11
10621251031376	Coalinga High	96	16
10621251031376	Coalinga High	77	13
10621251031376	Coalinga High	164	26
10621660000000	Fresno Unified	663	101
10621660000000	Fresno Unified	3593	723
10621660000000	Fresno Unified	381	97
10621660000000	Fresno Unified	1916	448
10621660000000	Fresno Unified	555	65
10621660000000	Fresno Unified	769	256
10621660000000	Fresno Unified	323	41
10621660000000	Fresno Unified	1902	271
10621660000000	Fresno Unified	210	38
10621660000000	Fresno Unified	1048	166
10621660000000	Fresno Unified	283	20
10621660000000	Fresno Unified	340	60
10621660000000	Fresno Unified	1691	452
10621660000000	Fresno Unified	171	59
10621660000000	Fresno Unified	868	282
10621660000000	Fresno Unified	272	45
10621660000000	Fresno Unified	799	179
10621660000000	Fresno Unified	3221	697
10621660000000	Fresno Unified	235	135
10621660114355	Sierra Charter	81	52
10621660114355	Sierra Charter	29	26
10621660114355	Sierra Charter	43	19
10621660114355	Sierra Charter	51	26
10621660114355	Sierra Charter	20	16
10621660114355	Sierra Charter	30	26
10621660114355	Sierra Charter	18	12
10621660114355	Sierra Charter	51	47
10621660114355	Sierra Charter	81	52
10621660114355	Sierra Charter	29	26
10621660114355	Sierra Charter	43	19
10621660114355	Sierra Charter	51	26
10621660114355	Sierra Charter	20	16
10621660114355	Sierra Charter	30	26
10621660114355	Sierra Charter	18	12
10621660114355	Sierra Charter	51	47
10621661030279	Bullard High	572	33
10621661030279	Bullard High	200	18
10621661030279	Bullard High	299	23
10621661030279	Bullard High	260	25
10621661030287	J. E. Young Academic Center	663	101
10621661030287	J. E. Young Academic Center	3593	723
10621661030287	J. E. Young Academic Center	381	97
10621661030287	J. E. Young Academic Center	1916	448
10621661030287	J. E. Young Academic Center	555	65
10621661030287	J. E. Young Academic Center	769	256
10621661030287	J. E. Young Academic Center	323	41
10621661030287	J. E. Young Academic Center	1902	271
10621661030287	J. E. Young Academic Center	210	38
10621661030287	J. E. Young Academic Center	1048	166
10621661030287	J. E. Young Academic Center	283	20
10621661030287	J. E. Young Academic Center	340	60
10621661030287	J. E. Young Academic Center	1691	452
10621661030287	J. E. Young Academic Center	171	59
10621661030287	J. E. Young Academic Center	868	282
10621661030287	J. E. Young Academic Center	272	45
10621661030287	J. E. Young Academic Center	799	179
10621661030287	J. E. Young Academic Center	3221	697
10621661030287	J. E. Young Academic Center	235	135
10621661030584	Cambridge Continuation High	663	101
10621661030584	Cambridge Continuation High	3593	723
10621661030584	Cambridge Continuation High	381	97
10621661030584	Cambridge Continuation High	1916	448
10621661030584	Cambridge Continuation High	555	65
10621661030584	Cambridge Continuation High	769	256
10621661030584	Cambridge Continuation High	323	41
10621661030584	Cambridge Continuation High	1902	271
10621661030584	Cambridge Continuation High	210	38
10621661030584	Cambridge Continuation High	1048	166
10621661030584	Cambridge Continuation High	283	20
10621661030584	Cambridge Continuation High	340	60
10621661030584	Cambridge Continuation High	1691	452
10621661030584	Cambridge Continuation High	171	59
10621661030584	Cambridge Continuation High	868	282
10621661030584	Cambridge Continuation High	272	45
10621661030584	Cambridge Continuation High	799	179
10621661030584	Cambridge Continuation High	3221	697
10621661030584	Cambridge Continuation High	235	135
10621661030642	School of Unlimited Learning	21	33
10621661030642	School of Unlimited Learning	15	20
10621661030642	School of Unlimited Learning	12	13
10621661030642	School of Unlimited Learning	21	33
10621661030642	School of Unlimited Learning	21	33
10621661030642	School of Unlimited Learning	15	20
10621661030642	School of Unlimited Learning	12	13
10621661030642	School of Unlimited Learning	21	33
10621661030675	Sunnyside High	180	25
10621661030675	Sunnyside High	548	73
10621661030675	Sunnyside High	286	38
10621661030675	Sunnyside High	163	42
10621661030675	Sunnyside High	91	13
10621661030675	Sunnyside High	282	28
10621661030675	Sunnyside High	143	12
10621661030675	Sunnyside High	89	12
10621661030675	Sunnyside High	266	45
10621661030675	Sunnyside High	143	26
10621661030675	Sunnyside High	176	31
10621661030675	Sunnyside High	548	71
10621661030675	Sunnyside High	37	20
10621661030840	Carter G. Woodson Public Charter	28	24
10621661030840	Carter G. Woodson Public Charter	24	18
10621661030840	Carter G. Woodson Public Charter	17	11
10621661030840	Carter G. Woodson Public Charter	11	13
10621661030840	Carter G. Woodson Public Charter	27	24
10621661030840	Carter G. Woodson Public Charter	28	24
10621661030840	Carter G. Woodson Public Charter	24	18
10621661030840	Carter G. Woodson Public Charter	17	11
10621661030840	Carter G. Woodson Public Charter	11	13
10621661030840	Carter G. Woodson Public Charter	27	24
10621661031632	Dewolf Continuation High	663	101
10621661031632	Dewolf Continuation High	3593	723
10621661031632	Dewolf Continuation High	381	97
10621661031632	Dewolf Continuation High	1916	448
10621661031632	Dewolf Continuation High	555	65
10621661031632	Dewolf Continuation High	769	256
10621661031632	Dewolf Continuation High	323	41
10621661031632	Dewolf Continuation High	1902	271
10621661031632	Dewolf Continuation High	210	38
10621661031632	Dewolf Continuation High	1048	166
10621661031632	Dewolf Continuation High	283	20
10621661031632	Dewolf Continuation High	340	60
10621661031632	Dewolf Continuation High	1691	452
10621661031632	Dewolf Continuation High	171	59
10621661031632	Dewolf Continuation High	868	282
10621661031632	Dewolf Continuation High	272	45
10621661031632	Dewolf Continuation High	799	179
10621661031632	Dewolf Continuation High	3221	697
10621661031632	Dewolf Continuation High	235	135
10621661031897	Edison High	442	39
10621661031897	Edison High	214	22
10621661031897	Edison High	60	19
10621661031897	Edison High	258	16
10621661031897	Edison High	184	23
10621661031897	Edison High	85	16
10621661031897	Edison High	112	15
10621661031897	Edison High	440	37
10621661031897	Edison High	16	11
10621661032507	Fresno High	381	77
10621661032507	Fresno High	259	55
10621661032507	Fresno High	60	12
10621661032507	Fresno High	88	22
10621661032507	Fresno High	219	31
10621661032507	Fresno High	154	23
10621661032507	Fresno High	162	46
10621661032507	Fresno High	105	32
10621661032507	Fresno High	66	14
10621661032507	Fresno High	381	74
10621661032507	Fresno High	22	17
10621661032911	Herbert Hoover High	332	57
10621661032911	Herbert Hoover High	144	27
10621661032911	Herbert Hoover High	75	13
10621661032911	Herbert Hoover High	44	11
10621661032911	Herbert Hoover High	166	20
10621661032911	Herbert Hoover High	74	11
10621661032911	Herbert Hoover High	166	37
10621661032911	Herbert Hoover High	70	16
10621661032911	Herbert Hoover High	274	49
10621661032911	Herbert Hoover High	36	17
10621661034214	McLane High	108	26
10621661034214	McLane High	351	92
10621661034214	McLane High	189	50
10621661034214	McLane High	102	51
10621661034214	McLane High	176	35
10621661034214	McLane High	98	19
10621661034214	McLane High	58	16
10621661034214	McLane High	175	57
10621661034214	McLane High	91	31
10621661034214	McLane High	89	27
10621661034214	McLane High	351	91
10621661034214	McLane High	24	26
10621661035831	Roosevelt High	439	64
10621661035831	Roosevelt High	340	48
10621661035831	Roosevelt High	150	34
10621661035831	Roosevelt High	255	19
10621661035831	Roosevelt High	201	16
10621661035831	Roosevelt High	184	45
10621661035831	Roosevelt High	139	32
10621661035831	Roosevelt High	170	29
10621661035831	Roosevelt High	439	63
10621661035831	Roosevelt High	30	13
10622570000000	Kingsburg Joint Union High	240	15
10622570000000	Kingsburg Joint Union High	116	11
10622570000000	Kingsburg Joint Union High	113	13
10622571033729	Oasis Continuation High	240	15
10622571033729	Oasis Continuation High	116	11
10622571033729	Oasis Continuation High	113	13
10622650000000	Kings Canyon Joint Unified	535	30
10622650000000	Kings Canyon Joint Unified	431	27
10622650000000	Kings Canyon Joint Unified	156	16
10622650000000	Kings Canyon Joint Unified	274	12
10622650000000	Kings Canyon Joint Unified	224	12
10622650000000	Kings Canyon Joint Unified	261	18
10622650000000	Kings Canyon Joint Unified	207	15
10622650000000	Kings Canyon Joint Unified	529	28
10622651030378	Mountain View (Alternative)	535	30
10622651030378	Mountain View (Alternative)	431	27
10622651030378	Mountain View (Alternative)	156	16
10622651030378	Mountain View (Alternative)	274	12
10622651030378	Mountain View (Alternative)	224	12
10622651030378	Mountain View (Alternative)	261	18
10622651030378	Mountain View (Alternative)	207	15
10622651030378	Mountain View (Alternative)	529	28
10622651033703	Kings Canyon Continuation	535	30
10622651033703	Kings Canyon Continuation	431	27
10622651033703	Kings Canyon Continuation	156	16
10622651033703	Kings Canyon Continuation	274	12
10622651033703	Kings Canyon Continuation	224	12
10622651033703	Kings Canyon Continuation	261	18
10622651033703	Kings Canyon Continuation	207	15
10622651033703	Kings Canyon Continuation	529	28
10623640000000	Parlier Unified	164	42
10623640000000	Parlier Unified	161	41
10623640000000	Parlier Unified	81	33
10623640000000	Parlier Unified	97	19
10623640000000	Parlier Unified	95	18
10623640000000	Parlier Unified	67	23
10623640000000	Parlier Unified	66	23
10623640000000	Parlier Unified	55	20
10623640000000	Parlier Unified	163	42
10623641034990	Parlier High	149	24
10623641034990	Parlier High	146	24
10623641034990	Parlier High	74	21
10623641034990	Parlier High	61	14
10623641034990	Parlier High	60	14
10623641034990	Parlier High	52	12
10623641034990	Parlier High	149	24
10623641035005	San Joaquin Valley Charter	164	42
10623641035005	San Joaquin Valley Charter	161	41
10623641035005	San Joaquin Valley Charter	81	33
10623641035005	San Joaquin Valley Charter	97	19
10623641035005	San Joaquin Valley Charter	95	18
10623641035005	San Joaquin Valley Charter	67	23
10623641035005	San Joaquin Valley Charter	66	23
10623641035005	San Joaquin Valley Charter	55	20
10623641035005	San Joaquin Valley Charter	163	42
10624140000000	Sanger Unified	691	17
10624140000000	Sanger Unified	473	13
10624140000000	Sanger Unified	363	12
10624140000000	Sanger Unified	657	17
10624141030451	Taft High	691	17
10624141030451	Taft High	473	13
10624141030451	Taft High	363	12
10624141030451	Taft High	657	17
10624141030824	Community Day	691	17
10624141030824	Community Day	473	13
10624141030824	Community Day	363	12
10624141030824	Community Day	657	17
10624141036086	Kings River High (Continuation)	691	17
10624141036086	Kings River High (Continuation)	473	13
10624141036086	Kings River High (Continuation)	363	12
10624141036086	Kings River High (Continuation)	657	17
10624300000000	Selma Unified	371	30
10624300000000	Selma Unified	314	28
10624300000000	Selma Unified	129	15
10624300000000	Selma Unified	186	20
10624300000000	Selma Unified	159	18
10624300000000	Selma Unified	317	27
10624301030758	Selma Independent	31	12
10624301030758	Selma Independent	27	12
10624301030758	Selma Independent	29	11
10624301036672	Selma High	339	13
10624301036672	Selma High	286	11
10624301036672	Selma High	287	12
10625390000000	West Park Elementary	71	70
10625390000000	West Park Elementary	57	48
10625390000000	West Park Elementary	20	25
10625390000000	West Park Elementary	44	33
10625390000000	West Park Elementary	37	21
10625390000000	West Park Elementary	27	37
10625390000000	West Park Elementary	20	27
10625390000000	West Park Elementary	63	63
10625396112387	West Park Charter Academy	71	70
10625396112387	West Park Charter Academy	57	48
10625396112387	West Park Charter Academy	20	25
10625396112387	West Park Charter Academy	44	33
10625396112387	West Park Charter Academy	37	21
10625396112387	West Park Charter Academy	27	37
10625396112387	West Park Charter Academy	20	27
10625396112387	West Park Charter Academy	63	63
10625470120535	Crescent View South Charter	49	152
10625470120535	Crescent View South Charter	23	90
10625470120535	Crescent View South Charter	16	40
10625470120535	Crescent View South Charter	37	62
10625470120535	Crescent View South Charter	19	36
10625470120535	Crescent View South Charter	11	18
10625470120535	Crescent View South Charter	12	90
10625470120535	Crescent View South Charter	43	145
10625470120535	Crescent View South Charter	49	152
10625470120535	Crescent View South Charter	23	90
10625470120535	Crescent View South Charter	16	40
10625470120535	Crescent View South Charter	37	62
10625470120535	Crescent View South Charter	19	36
10625470120535	Crescent View South Charter	11	18
10625470120535	Crescent View South Charter	12	90
10625470120535	Crescent View South Charter	43	145
10738090000000	Firebaugh-Las Deltas Joint Unified	161	13
10738090000000	Firebaugh-Las Deltas Joint Unified	150	13
10738090000000	Firebaugh-Las Deltas Joint Unified	148	13
10738091030147	El Puente High	161	13
10738091030147	El Puente High	150	13
10738091030147	El Puente High	148	13
10739650000000	Central Unified	162	16
10739650000000	Central Unified	781	133
10739650000000	Central Unified	57	20
10739650000000	Central Unified	338	73
10739650000000	Central Unified	200	20
10739650000000	Central Unified	91	28
10739650000000	Central Unified	370	54
10739650000000	Central Unified	27	11
10739650000000	Central Unified	170	32
10739650000000	Central Unified	411	79
10739650000000	Central Unified	168	41
10739650000000	Central Unified	110	16
10739650000000	Central Unified	41	11
10739650000000	Central Unified	505	108
10739650114751	Pathway Community Day	162	16
10739650114751	Pathway Community Day	781	133
10739650114751	Pathway Community Day	57	20
10739650114751	Pathway Community Day	338	73
10739650114751	Pathway Community Day	200	20
10739650114751	Pathway Community Day	91	28
10739650114751	Pathway Community Day	370	54
10739650114751	Pathway Community Day	27	11
10739650114751	Pathway Community Day	170	32
10739650114751	Pathway Community Day	411	79
10739650114751	Pathway Community Day	168	41
10739650114751	Pathway Community Day	110	16
10739650114751	Pathway Community Day	41	11
10739650114751	Pathway Community Day	505	108
10739651030386	Central Unified Alternative/Opportunity	162	16
10739651030386	Central Unified Alternative/Opportunity	781	133
10739651030386	Central Unified Alternative/Opportunity	57	20
10739651030386	Central Unified Alternative/Opportunity	338	73
10739651030386	Central Unified Alternative/Opportunity	200	20
10739651030386	Central Unified Alternative/Opportunity	91	28
10739651030386	Central Unified Alternative/Opportunity	370	54
10739651030386	Central Unified Alternative/Opportunity	27	11
10739651030386	Central Unified Alternative/Opportunity	170	32
10739651030386	Central Unified Alternative/Opportunity	411	79
10739651030386	Central Unified Alternative/Opportunity	168	41
10739651030386	Central Unified Alternative/Opportunity	110	16
10739651030386	Central Unified Alternative/Opportunity	41	11
10739651030386	Central Unified Alternative/Opportunity	505	108
10739651030626	Central High East Campus	155	12
10739651030626	Central High East Campus	705	63
10739651030626	Central High East Campus	296	34
10739651030626	Central High East Campus	84	18
10739651030626	Central High East Campus	344	25
10739651030626	Central High East Campus	157	16
10739651030626	Central High East Campus	361	38
10739651030626	Central High East Campus	139	18
10739651030626	Central High East Campus	449	50
10739651035112	Pershing Continuation High	162	16
10739651035112	Pershing Continuation High	781	133
10739651035112	Pershing Continuation High	57	20
10739651035112	Pershing Continuation High	338	73
10739651035112	Pershing Continuation High	200	20
10739651035112	Pershing Continuation High	91	28
10739651035112	Pershing Continuation High	370	54
10739651035112	Pershing Continuation High	27	11
10739651035112	Pershing Continuation High	170	32
10739651035112	Pershing Continuation High	411	79
10739651035112	Pershing Continuation High	168	41
10739651035112	Pershing Continuation High	110	16
10739651035112	Pershing Continuation High	41	11
10739651035112	Pershing Continuation High	505	108
10739990000000	Kerman Unified	254	31
10739990000000	Kerman Unified	203	29
10739990000000	Kerman Unified	61	20
10739990000000	Kerman Unified	144	14
10739990000000	Kerman Unified	120	13
10739990000000	Kerman Unified	110	17
10739990000000	Kerman Unified	83	16
10739990000000	Kerman Unified	38	14
10739990000000	Kerman Unified	213	25
10739991033422	Enterprise High	254	31
10739991033422	Enterprise High	203	29
10739991033422	Enterprise High	61	20
10739991033422	Enterprise High	144	14
10739991033422	Enterprise High	120	13
10739991033422	Enterprise High	110	17
10739991033422	Enterprise High	83	16
10739991033422	Enterprise High	38	14
10739991033422	Enterprise High	213	25
10739991033430	Kerman High	248	26
10739991033430	Kerman High	198	25
10739991033430	Kerman High	60	17
10739991033430	Kerman High	142	13
10739991033430	Kerman High	118	12
10739991033430	Kerman High	106	13
10739991033430	Kerman High	80	13
10739991033430	Kerman High	38	14
10739991033430	Kerman High	208	20
10751270000000	Mendota Unified	132	12
10751270000000	Mendota Unified	130	12
10751270000000	Mendota Unified	103	11
10751270000000	Mendota Unified	67	11
10751270000000	Mendota Unified	67	11
10751270000000	Mendota Unified	132	12
10751271030261	Mendota Continuation High	132	12
10751271030261	Mendota Continuation High	130	12
10751271030261	Mendota Continuation High	103	11
10751271030261	Mendota Continuation High	67	11
10751271030261	Mendota Continuation High	67	11
10751271030261	Mendota Continuation High	132	12
10752340000000	Golden Plains Unified	102	17
10752340000000	Golden Plains Unified	101	17
10752340000000	Golden Plains Unified	37	13
10752340000000	Golden Plains Unified	102	17
10752341030352	Rio Del Rey High (Continuation)	102	17
10752341030352	Rio Del Rey High (Continuation)	101	17
10752341030352	Rio Del Rey High (Continuation)	37	13
10752341030352	Rio Del Rey High (Continuation)	102	17
10767780000000	Washington Unified	227	71
10767780000000	Washington Unified	13	27
10767780000000	Washington Unified	151	37
10767780000000	Washington Unified	107	23
10767780000000	Washington Unified	122	21
10767780000000	Washington Unified	105	50
10767780000000	Washington Unified	62	28
10767780000000	Washington Unified	58	11
10767780000000	Washington Unified	200	70
10767780000000	Washington Unified	13	11
10767780122473	Elm High	16	42
10767780122473	Elm High	11	18
10767780122473	Elm High	14	41
10767781038306	Washington High	204	23
10767781038306	Washington High	136	17
10767781038306	Washington High	98	12
10767781038306	Washington High	93	18
10767781038306	Washington High	53	13
10767781038306	Washington High	179	23
11000000000000	Glenn	358	58
11000000000000	Glenn	174	32
11000000000000	Glenn	154	17
11000000000000	Glenn	23	17
11000000000000	Glenn	172	30
11000000000000	Glenn	89	16
11000000000000	Glenn	186	28
11000000000000	Glenn	85	16
11000000000000	Glenn	241	54
11101160000000	Glenn County Office of Education	358	58
11101160000000	Glenn County Office of Education	174	32
11101160000000	Glenn County Office of Education	154	17
11101160000000	Glenn County Office of Education	23	17
11101160000000	Glenn County Office of Education	172	30
11101160000000	Glenn County Office of Education	89	16
11101160000000	Glenn County Office of Education	186	28
11101160000000	Glenn County Office of Education	85	16
11101160000000	Glenn County Office of Education	241	54
11101161130087	Glenn County Juvenile Court	358	58
11101161130087	Glenn County Juvenile Court	174	32
11101161130087	Glenn County Juvenile Court	154	17
11101161130087	Glenn County Juvenile Court	23	17
11101161130087	Glenn County Juvenile Court	172	30
11101161130087	Glenn County Juvenile Court	89	16
11101161130087	Glenn County Juvenile Court	186	28
11101161130087	Glenn County Juvenile Court	85	16
11101161130087	Glenn County Juvenile Court	241	54
11101161130103	William Finch	358	58
11101161130103	William Finch	174	32
11101161130103	William Finch	154	17
11101161130103	William Finch	23	17
11101161130103	William Finch	172	30
11101161130103	William Finch	89	16
11101161130103	William Finch	186	28
11101161130103	William Finch	85	16
11101161130103	William Finch	241	54
11101166077184	Glenn County Special Education	358	58
11101166077184	Glenn County Special Education	174	32
11101166077184	Glenn County Special Education	154	17
11101166077184	Glenn County Special Education	23	17
11101166077184	Glenn County Special Education	172	30
11101166077184	Glenn County Special Education	89	16
11101166077184	Glenn County Special Education	186	28
11101166077184	Glenn County Special Education	85	16
11101166077184	Glenn County Special Education	241	54
11626610000000	Willows Unified	98	22
11626610000000	Willows Unified	37	13
11626610000000	Willows Unified	37	12
11626610000000	Willows Unified	60	20
11626611130038	Willows Community High	98	22
11626611130038	Willows Community High	37	13
11626611130038	Willows Community High	37	12
11626611130038	Willows Community High	60	20
11626611132851	Willows High	91	16
11626611132851	Willows High	53	14
11754810000000	Orland Joint Unified	156	14
11754810000000	Orland Joint Unified	112	13
12000000000000	HUMBOLDT	1234	167
12000000000000	HUMBOLDT	155	24
12000000000000	HUMBOLDT	126	21
12000000000000	HUMBOLDT	837	104
12000000000000	HUMBOLDT	607	66
12000000000000	HUMBOLDT	72	13
12000000000000	HUMBOLDT	412	37
12000000000000	Humboldt	627	101
12000000000000	Humboldt	83	11
12000000000000	Humboldt	60	13
12000000000000	Humboldt	425	67
12000000000000	HUMBOLDT	637	136
12000000000000	HUMBOLDT	141	37
12101240000000	Humboldt County Office of Education	1234	167
12101240000000	Humboldt County Office of Education	155	24
12101240000000	Humboldt County Office of Education	126	21
12101240000000	Humboldt County Office of Education	837	104
12101240000000	Humboldt County Office of Education	607	66
12101240000000	Humboldt County Office of Education	72	13
12101240000000	Humboldt County Office of Education	412	37
12101240000000	Humboldt County Office of Education	627	101
12101240000000	Humboldt County Office of Education	83	11
12101240000000	Humboldt County Office of Education	60	13
12101240000000	Humboldt County Office of Education	425	67
12101240000000	Humboldt County Office of Education	637	136
12101240000000	Humboldt County Office of Education	141	37
12101240106153	Eel River Community	1234	167
12101240106153	Eel River Community	155	24
12101240106153	Eel River Community	126	21
12101240106153	Eel River Community	837	104
12101240106153	Eel River Community	607	66
12101240106153	Eel River Community	72	13
12101240106153	Eel River Community	412	37
12101240106153	Eel River Community	627	101
12101240106153	Eel River Community	83	11
12101240106153	Eel River Community	60	13
12101240106153	Eel River Community	425	67
12101240106153	Eel River Community	637	136
12101240106153	Eel River Community	141	37
12101240106161	Eureka Community	1234	167
12101240106161	Eureka Community	155	24
12101240106161	Eureka Community	126	21
12101240106161	Eureka Community	837	104
12101240106161	Eureka Community	607	66
12101240106161	Eureka Community	72	13
12101240106161	Eureka Community	412	37
12101240106161	Eureka Community	627	101
12101240106161	Eureka Community	83	11
12101240106161	Eureka Community	60	13
12101240106161	Eureka Community	425	67
12101240106161	Eureka Community	637	136
12101240106161	Eureka Community	141	37
12101240106179	Southern Humboldt Community	1234	167
12101240106179	Southern Humboldt Community	155	24
12101240106179	Southern Humboldt Community	126	21
12101240106179	Southern Humboldt Community	837	104
12101240106179	Southern Humboldt Community	607	66
12101240106179	Southern Humboldt Community	72	13
12101240106179	Southern Humboldt Community	412	37
12101240106179	Southern Humboldt Community	627	101
12101240106179	Southern Humboldt Community	83	11
12101240106179	Southern Humboldt Community	60	13
12101240106179	Southern Humboldt Community	425	67
12101240106179	Southern Humboldt Community	637	136
12101240106179	Southern Humboldt Community	141	37
12101240106195	Humboldt County Office of Education Court	1234	167
12101240106195	Humboldt County Office of Education Court	155	24
12101240106195	Humboldt County Office of Education Court	126	21
12101240106195	Humboldt County Office of Education Court	837	104
12101240106195	Humboldt County Office of Education Court	607	66
12101240106195	Humboldt County Office of Education Court	72	13
12101240106195	Humboldt County Office of Education Court	412	37
12101240106195	Humboldt County Office of Education Court	627	101
12101240106195	Humboldt County Office of Education Court	83	11
12101240106195	Humboldt County Office of Education Court	60	13
12101240106195	Humboldt County Office of Education Court	425	67
12101240106195	Humboldt County Office of Education Court	637	136
12101240106195	Humboldt County Office of Education Court	141	37
12101246077192	Glen Paul	1234	167
12101246077192	Glen Paul	155	24
12101246077192	Glen Paul	126	21
12101246077192	Glen Paul	837	104
12101246077192	Glen Paul	607	66
12101246077192	Glen Paul	72	13
12101246077192	Glen Paul	412	37
12101246077192	Glen Paul	627	101
12101246077192	Glen Paul	83	11
12101246077192	Glen Paul	60	13
12101246077192	Glen Paul	425	67
12101246077192	Glen Paul	637	136
12101246077192	Glen Paul	141	37
12626870000000	Northern Humboldt Union High	352	22
12626870000000	Northern Humboldt Union High	243	18
12626870000000	Northern Humboldt Union High	175	16
12626870000000	Northern Humboldt Union High	123	14
12626870000000	Northern Humboldt Union High	110	14
12626871230044	Pacific Coast High (Continuation)	352	22
12626871230044	Pacific Coast High (Continuation)	243	18
12626871230044	Pacific Coast High (Continuation)	175	16
12626871230044	Pacific Coast High (Continuation)	123	14
12626871230044	Pacific Coast High (Continuation)	110	14
12626871230051	Tsurai High (Continuation)	352	22
12626871230051	Tsurai High (Continuation)	243	18
12626871230051	Tsurai High (Continuation)	175	16
12626871230051	Tsurai High (Continuation)	123	14
12626871230051	Tsurai High (Continuation)	110	14
12753820000000	Mattole Unified	67	14
12753821230135	Mattole Valley Charter (#159)	67	14
12755150000000	Eureka City Schools	341	23
12755150000000	Eureka City Schools	235	13
12755150000000	Eureka City Schools	170	16
12755150000000	Eureka City Schools	114	11
12755150000000	Eureka City Schools	191	19
12755151232057	Zoe Barnum High	341	23
12755151232057	Zoe Barnum High	235	13
12755151232057	Zoe Barnum High	170	16
12755151232057	Zoe Barnum High	114	11
12755151232057	Zoe Barnum High	191	19
13000000000000	Imperial	2206	257
13000000000000	Imperial	1939	232
13000000000000	Imperial	166	16
13000000000000	Imperial	878	156
13000000000000	Imperial	1124	112
13000000000000	Imperial	987	101
13000000000000	Imperial	1082	145
13000000000000	Imperial	952	131
13000000000000	Imperial	599	60
13000000000000	Imperial	1805	219
13000000000000	Imperial	181	29
13101320000000	Imperial County Office of Education	2206	257
13101320000000	Imperial County Office of Education	1939	232
13101320000000	Imperial County Office of Education	166	16
13101320000000	Imperial County Office of Education	878	156
13101320000000	Imperial County Office of Education	1124	112
13101320000000	Imperial County Office of Education	987	101
13101320000000	Imperial County Office of Education	1082	145
13101320000000	Imperial County Office of Education	952	131
13101320000000	Imperial County Office of Education	599	60
13101320000000	Imperial County Office of Education	1805	219
13101320000000	Imperial County Office of Education	181	29
13101321330117	Imperial County Juvenile Hall/Community	2206	257
13101321330117	Imperial County Juvenile Hall/Community	1939	232
13101321330117	Imperial County Juvenile Hall/Community	166	16
13101321330117	Imperial County Juvenile Hall/Community	878	156
13101321330117	Imperial County Juvenile Hall/Community	1124	112
13101321330117	Imperial County Juvenile Hall/Community	987	101
13101321330117	Imperial County Juvenile Hall/Community	1082	145
13101321330117	Imperial County Juvenile Hall/Community	952	131
13101321330117	Imperial County Juvenile Hall/Community	599	60
13101321330117	Imperial County Juvenile Hall/Community	1805	219
13101321330117	Imperial County Juvenile Hall/Community	181	29
13101326069272	Imperial County Special Education	2206	257
13101326069272	Imperial County Special Education	1939	232
13101326069272	Imperial County Special Education	166	16
13101326069272	Imperial County Special Education	878	156
13101326069272	Imperial County Special Education	1124	112
13101326069272	Imperial County Special Education	987	101
13101326069272	Imperial County Special Education	1082	145
13101326069272	Imperial County Special Education	952	131
13101326069272	Imperial County Special Education	599	60
13101326069272	Imperial County Special Education	1805	219
13101326069272	Imperial County Special Education	181	29
13630810000000	Brawley Union High	360	33
13630810000000	Brawley Union High	310	29
13630810000000	Brawley Union High	72	13
13630810000000	Brawley Union High	178	12
13630810000000	Brawley Union High	182	21
13630810000000	Brawley Union High	158	20
13630810000000	Brawley Union High	265	26
13630811331354	Desert Valley High (Continuation)	360	33
13630811331354	Desert Valley High (Continuation)	310	29
13630811331354	Desert Valley High (Continuation)	72	13
13630811331354	Desert Valley High (Continuation)	178	12
13630811331354	Desert Valley High (Continuation)	182	21
13630811331354	Desert Valley High (Continuation)	158	20
13630811331354	Desert Valley High (Continuation)	265	26
13630811331404	Brawley High	301	21
13630811331404	Brawley High	256	18
13630811331404	Brawley High	146	15
13630811331404	Brawley High	125	14
13630811331404	Brawley High	209	14
13630990000000	Calexico Unified	565	99
13630990000000	Calexico Unified	558	99
13630990000000	Calexico Unified	306	82
13630990000000	Calexico Unified	302	42
13630990000000	Calexico Unified	301	42
13630990000000	Calexico Unified	263	57
13630990000000	Calexico Unified	257	57
13630990000000	Calexico Unified	243	35
13630990000000	Calexico Unified	565	96
13630990000000	Calexico Unified	38	13
13630991332154	Aurora High (Continuation)	565	99
13630991332154	Aurora High (Continuation)	558	99
13630991332154	Aurora High (Continuation)	306	82
13630991332154	Aurora High (Continuation)	302	42
13630991332154	Aurora High (Continuation)	301	42
13630991332154	Aurora High (Continuation)	263	57
13630991332154	Aurora High (Continuation)	257	57
13630991332154	Aurora High (Continuation)	243	35
13630991332154	Aurora High (Continuation)	565	96
13630991332154	Aurora High (Continuation)	38	13
13630991332204	Calexico High	539	75
13630991332204	Calexico High	532	75
13630991332204	Calexico High	286	62
13630991332204	Calexico High	286	29
13630991332204	Calexico High	285	29
13630991332204	Calexico High	253	46
13630991332204	Calexico High	247	46
13630991332204	Calexico High	232	29
13630991332204	Calexico High	539	74
13631150000000	Central Union High	843	65
13631150000000	Central Union High	738	53
13631150000000	Central Union High	403	35
13631150000000	Central Union High	445	29
13631150000000	Central Union High	387	27
13631150000000	Central Union High	398	36
13631150000000	Central Union High	351	26
13631150000000	Central Union High	180	11
13631150000000	Central Union High	638	41
13631151330133	Southwest High	462	21
13631151330133	Southwest High	402	14
13631151330133	Southwest High	227	11
13631151330133	Southwest High	217	13
13631151330133	Southwest High	333	11
13631151333004	Central Union High	347	27
13631151333004	Central Union High	305	22
13631151333004	Central Union High	157	12
13631151333004	Central Union High	183	12
13631151333004	Central Union High	163	11
13631151333004	Central Union High	164	15
13631151333004	Central Union High	142	11
13631151333004	Central Union High	272	15
13631151333558	Desert Oasis High (Continuation)	843	65
13631151333558	Desert Oasis High (Continuation)	738	53
13631151333558	Desert Oasis High (Continuation)	403	35
13631151333558	Desert Oasis High (Continuation)	445	29
13631151333558	Desert Oasis High (Continuation)	387	27
13631151333558	Desert Oasis High (Continuation)	398	36
13631151333558	Desert Oasis High (Continuation)	351	26
13631151333558	Desert Oasis High (Continuation)	180	11
13631151333558	Desert Oasis High (Continuation)	638	41
14000000000000	Inyo	320	484
14000000000000	Inyo	29	147
14000000000000	Inyo	149	284
14000000000000	Inyo	23	12
14000000000000	Inyo	109	35
14000000000000	Inyo	38	131
14000000000000	Inyo	161	200
14000000000000	Inyo	20	72
14000000000000	Inyo	70	106
14000000000000	Inyo	53	17
14000000000000	Inyo	159	284
14000000000000	Inyo	79	178
14000000000000	Inyo	56	18
14000000000000	Inyo	203	440
14000000000000	Inyo	25	63
14101400000000	Inyo County Office of Education	320	484
14101400000000	Inyo County Office of Education	29	147
14101400000000	Inyo County Office of Education	149	284
14101400000000	Inyo County Office of Education	23	12
14101400000000	Inyo County Office of Education	109	35
14101400000000	Inyo County Office of Education	38	131
14101400000000	Inyo County Office of Education	161	200
14101400000000	Inyo County Office of Education	20	72
14101400000000	Inyo County Office of Education	70	106
14101400000000	Inyo County Office of Education	53	17
14101400000000	Inyo County Office of Education	159	284
14101400000000	Inyo County Office of Education	79	178
14101400000000	Inyo County Office of Education	56	18
14101400000000	Inyo County Office of Education	203	440
14101400000000	Inyo County Office of Education	25	63
14101400117994	YouthBuild Charter School of California	320	484
14101400117994	YouthBuild Charter School of California	29	147
14101400117994	YouthBuild Charter School of California	149	284
14101400117994	YouthBuild Charter School of California	23	12
14101400117994	YouthBuild Charter School of California	109	35
14101400117994	YouthBuild Charter School of California	38	131
14101400117994	YouthBuild Charter School of California	161	200
14101400117994	YouthBuild Charter School of California	20	72
14101400117994	YouthBuild Charter School of California	70	106
14101400117994	YouthBuild Charter School of California	53	17
14101400117994	YouthBuild Charter School of California	159	284
14101400117994	YouthBuild Charter School of California	79	178
14101400117994	YouthBuild Charter School of California	56	18
14101400117994	YouthBuild Charter School of California	203	440
14101400117994	YouthBuild Charter School of California	25	63
14101400121301	YouthBuild Charter School of California Central	320	484
14101400121301	YouthBuild Charter School of California Central	29	147
14101400121301	YouthBuild Charter School of California Central	149	284
14101400121301	YouthBuild Charter School of California Central	23	12
14101400121301	YouthBuild Charter School of California Central	109	35
14101400121301	YouthBuild Charter School of California Central	38	131
14101400121301	YouthBuild Charter School of California Central	161	200
14101400121301	YouthBuild Charter School of California Central	20	72
14101400121301	YouthBuild Charter School of California Central	70	106
14101400121301	YouthBuild Charter School of California Central	53	17
14101400121301	YouthBuild Charter School of California Central	159	284
14101400121301	YouthBuild Charter School of California Central	79	178
14101400121301	YouthBuild Charter School of California Central	56	18
14101400121301	YouthBuild Charter School of California Central	203	440
14101400121301	YouthBuild Charter School of California Central	25	63
14101401430073	Jill Kinmont Boothe	320	484
14101401430073	Jill Kinmont Boothe	29	147
14101401430073	Jill Kinmont Boothe	149	284
14101401430073	Jill Kinmont Boothe	23	12
14101401430073	Jill Kinmont Boothe	109	35
14101401430073	Jill Kinmont Boothe	38	131
14101401430073	Jill Kinmont Boothe	161	200
14101401430073	Jill Kinmont Boothe	20	72
14101401430073	Jill Kinmont Boothe	70	106
14101401430073	Jill Kinmont Boothe	53	17
14101401430073	Jill Kinmont Boothe	159	284
14101401430073	Jill Kinmont Boothe	79	178
14101401430073	Jill Kinmont Boothe	56	18
14101401430073	Jill Kinmont Boothe	203	440
14101401430073	Jill Kinmont Boothe	25	63
14766870000000	Bishop Unified	128	31
14766870000000	Bishop Unified	73	15
14766870000000	Bishop Unified	64	13
14766870000000	Bishop Unified	64	18
14766870000000	Bishop Unified	44	20
15000000000000	Kern	288	34
15000000000000	Kern	10303	2274
15000000000000	Kern	647	249
15000000000000	Kern	207	16
15000000000000	Kern	5750	1393
15000000000000	Kern	103	14
15000000000000	Kern	3221	544
15000000000000	Kern	1535	699
15000000000000	Kern	147	11
15000000000000	Kern	5300	929
15000000000000	Kern	327	103
15000000000000	Kern	2969	592
15000000000000	Kern	1649	202
15000000000000	Kern	141	23
15000000000000	Kern	5003	1345
15000000000000	Kern	320	146
15000000000000	Kern	2781	801
15000000000000	Kern	44	11
15000000000000	Kern	1572	342
15000000000000	Kern	738	168
15000000000000	Kern	7114	2019
15000000000000	Kern	766	266
15101570000000	Kern County Office of Education	288	34
15101570000000	Kern County Office of Education	10303	2274
15101570000000	Kern County Office of Education	647	249
15101570000000	Kern County Office of Education	207	16
15101570000000	Kern County Office of Education	5750	1393
15101570000000	Kern County Office of Education	103	14
15101570000000	Kern County Office of Education	3221	544
15101570000000	Kern County Office of Education	1535	699
15101570000000	Kern County Office of Education	147	11
15101570000000	Kern County Office of Education	5300	929
15101570000000	Kern County Office of Education	327	103
15101570000000	Kern County Office of Education	2969	592
15101570000000	Kern County Office of Education	1649	202
15101570000000	Kern County Office of Education	141	23
15101570000000	Kern County Office of Education	5003	1345
15101570000000	Kern County Office of Education	320	146
15101570000000	Kern County Office of Education	2781	801
15101570000000	Kern County Office of Education	44	11
15101570000000	Kern County Office of Education	1572	342
15101570000000	Kern County Office of Education	738	168
15101570000000	Kern County Office of Education	7114	2019
15101570000000	Kern County Office of Education	766	266
15101571530302	Kern County Juvenile Court	288	34
15101571530302	Kern County Juvenile Court	10303	2274
15101571530302	Kern County Juvenile Court	647	249
15101571530302	Kern County Juvenile Court	207	16
15101571530302	Kern County Juvenile Court	5750	1393
15101571530302	Kern County Juvenile Court	103	14
15101571530302	Kern County Juvenile Court	3221	544
15101571530302	Kern County Juvenile Court	1535	699
15101571530302	Kern County Juvenile Court	147	11
15101571530302	Kern County Juvenile Court	5300	929
15101571530302	Kern County Juvenile Court	327	103
15101571530302	Kern County Juvenile Court	2969	592
15101571530302	Kern County Juvenile Court	1649	202
15101571530302	Kern County Juvenile Court	141	23
15101571530302	Kern County Juvenile Court	5003	1345
15101571530302	Kern County Juvenile Court	320	146
15101571530302	Kern County Juvenile Court	2781	801
15101571530302	Kern County Juvenile Court	44	11
15101571530302	Kern County Juvenile Court	1572	342
15101571530302	Kern County Juvenile Court	738	168
15101571530302	Kern County Juvenile Court	7114	2019
15101571530302	Kern County Juvenile Court	766	266
15101571530310	Kern County Community	288	34
15101571530310	Kern County Community	10303	2274
15101571530310	Kern County Community	647	249
15101571530310	Kern County Community	207	16
15101571530310	Kern County Community	5750	1393
15101571530310	Kern County Community	103	14
15101571530310	Kern County Community	3221	544
15101571530310	Kern County Community	1535	699
15101571530310	Kern County Community	147	11
15101571530310	Kern County Community	5300	929
15101571530310	Kern County Community	327	103
15101571530310	Kern County Community	2969	592
15101571530310	Kern County Community	1649	202
15101571530310	Kern County Community	141	23
15101571530310	Kern County Community	5003	1345
15101571530310	Kern County Community	320	146
15101571530310	Kern County Community	2781	801
15101571530310	Kern County Community	44	11
15101571530310	Kern County Community	1572	342
15101571530310	Kern County Community	738	168
15101571530310	Kern County Community	7114	2019
15101571530310	Kern County Community	766	266
15101571530492	Valley Oaks Charter	288	34
15101571530492	Valley Oaks Charter	10303	2274
15101571530492	Valley Oaks Charter	647	249
15101571530492	Valley Oaks Charter	207	16
15101571530492	Valley Oaks Charter	5750	1393
15101571530492	Valley Oaks Charter	103	14
15101571530492	Valley Oaks Charter	3221	544
15101571530492	Valley Oaks Charter	1535	699
15101571530492	Valley Oaks Charter	147	11
15101571530492	Valley Oaks Charter	5300	929
15101571530492	Valley Oaks Charter	327	103
15101571530492	Valley Oaks Charter	2969	592
15101571530492	Valley Oaks Charter	1649	202
15101571530492	Valley Oaks Charter	141	23
15101571530492	Valley Oaks Charter	5003	1345
15101571530492	Valley Oaks Charter	320	146
15101571530492	Valley Oaks Charter	2781	801
15101571530492	Valley Oaks Charter	44	11
15101571530492	Valley Oaks Charter	1572	342
15101571530492	Valley Oaks Charter	738	168
15101571530492	Valley Oaks Charter	7114	2019
15101571530492	Valley Oaks Charter	766	266
15101576069496	Kern County Special Education	288	34
15101576069496	Kern County Special Education	10303	2274
15101576069496	Kern County Special Education	647	249
15101576069496	Kern County Special Education	207	16
15101576069496	Kern County Special Education	5750	1393
15101576069496	Kern County Special Education	103	14
15101576069496	Kern County Special Education	3221	544
15101576069496	Kern County Special Education	1535	699
15101576069496	Kern County Special Education	147	11
15101576069496	Kern County Special Education	5300	929
15101576069496	Kern County Special Education	327	103
15101576069496	Kern County Special Education	2969	592
15101576069496	Kern County Special Education	1649	202
15101576069496	Kern County Special Education	141	23
15101576069496	Kern County Special Education	5003	1345
15101576069496	Kern County Special Education	320	146
15101576069496	Kern County Special Education	2781	801
15101576069496	Kern County Special Education	44	11
15101576069496	Kern County Special Education	1572	342
15101576069496	Kern County Special Education	738	168
15101576069496	Kern County Special Education	7114	2019
15101576069496	Kern County Special Education	766	266
15634120000000	Delano Joint Union High	900	36
15634120000000	Delano Joint Union High	766	32
15634120000000	Delano Joint Union High	295	27
15634120000000	Delano Joint Union High	492	13
15634120000000	Delano Joint Union High	417	12
15634120000000	Delano Joint Union High	408	23
15634120000000	Delano Joint Union High	349	20
15634120000000	Delano Joint Union High	899	36
15634121531656	Valley High	900	36
15634121531656	Valley High	766	32
15634121531656	Valley High	295	27
15634121531656	Valley High	492	13
15634121531656	Valley High	417	12
15634121531656	Valley High	408	23
15634121531656	Valley High	349	20
15634121531656	Valley High	899	36
15634121531672	Delano High	371	12
15634121531672	Delano High	371	12
15635290000000	Kern Union High	251	27
15635290000000	Kern Union High	7291	1301
15635290000000	Kern Union High	515	117
15635290000000	Kern Union High	4064	858
15635290000000	Kern Union High	2234	271
15635290000000	Kern Union High	981	441
15635290000000	Kern Union High	3758	619
15635290000000	Kern Union High	263	61
15635290000000	Kern Union High	2114	429
15635290000000	Kern Union High	1135	111
15635290000000	Kern Union High	126	18
15635290000000	Kern Union High	3533	682
15635290000000	Kern Union High	252	56
15635290000000	Kern Union High	1950	429
15635290000000	Kern Union High	1099	160
15635290000000	Kern Union High	452	115
15635290000000	Kern Union High	4892	1137
15635290000000	Kern Union High	541	97
15635290100198	Golden Valley High	450	75
15635290100198	Golden Valley High	351	59
15635290100198	Golden Valley High	93	29
15635290100198	Golden Valley High	248	34
15635290100198	Golden Valley High	199	28
15635290100198	Golden Valley High	202	41
15635290100198	Golden Valley High	152	31
15635290100198	Golden Valley High	65	13
15635290100198	Golden Valley High	400	66
15635290110999	Frontier High	513	36
15635290110999	Frontier High	306	22
15635290110999	Frontier High	250	12
15635290110999	Frontier High	263	24
15635290110999	Frontier High	156	17
15635290110999	Frontier High	156	14
15635290116392	Independence High	362	31
15635290116392	Independence High	170	22
15635290116392	Independence High	19	11
15635290116392	Independence High	189	17
15635290116392	Independence High	92	13
15635290116392	Independence High	173	14
15635290116392	Independence High	199	20
15635290116400	Mira Monte High	392	59
15635290116400	Mira Monte High	340	47
15635290116400	Mira Monte High	134	34
15635290116400	Mira Monte High	211	30
15635290116400	Mira Monte High	182	22
15635290116400	Mira Monte High	181	29
15635290116400	Mira Monte High	158	25
15635290116400	Mira Monte High	46	11
15635290116400	Mira Monte High	374	57
15635290125062	Tierra Del Sol Continuation High	45	71
15635290125062	Tierra Del Sol Continuation High	36	47
15635290125062	Tierra Del Sol Continuation High	16	12
15635290125062	Tierra Del Sol Continuation High	19	35
15635290125062	Tierra Del Sol Continuation High	15	23
15635290125062	Tierra Del Sol Continuation High	26	36
15635290125062	Tierra Del Sol Continuation High	21	24
15635290125062	Tierra Del Sol Continuation High	42	68
15635291530021	Central Valley High (Continuation)	251	27
15635291530021	Central Valley High (Continuation)	7291	1301
15635291530021	Central Valley High (Continuation)	515	117
15635291530021	Central Valley High (Continuation)	4064	858
15635291530021	Central Valley High (Continuation)	2234	271
15635291530021	Central Valley High (Continuation)	981	441
15635291530021	Central Valley High (Continuation)	3758	619
15635291530021	Central Valley High (Continuation)	263	61
15635291530021	Central Valley High (Continuation)	2114	429
15635291530021	Central Valley High (Continuation)	1135	111
15635291530021	Central Valley High (Continuation)	126	18
15635291530021	Central Valley High (Continuation)	3533	682
15635291530021	Central Valley High (Continuation)	252	56
15635291530021	Central Valley High (Continuation)	1950	429
15635291530021	Central Valley High (Continuation)	1099	160
15635291530021	Central Valley High (Continuation)	452	115
15635291530021	Central Valley High (Continuation)	4892	1137
15635291530021	Central Valley High (Continuation)	541	97
15635291530047	Nueva Continuation High	251	27
15635291530047	Nueva Continuation High	7291	1301
15635291530047	Nueva Continuation High	515	117
15635291530047	Nueva Continuation High	4064	858
15635291530047	Nueva Continuation High	2234	271
15635291530047	Nueva Continuation High	981	441
15635291530047	Nueva Continuation High	3758	619
15635291530047	Nueva Continuation High	263	61
15635291530047	Nueva Continuation High	2114	429
15635291530047	Nueva Continuation High	1135	111
15635291530047	Nueva Continuation High	126	18
15635291530047	Nueva Continuation High	3533	682
15635291530047	Nueva Continuation High	252	56
15635291530047	Nueva Continuation High	1950	429
15635291530047	Nueva Continuation High	1099	160
15635291530047	Nueva Continuation High	452	115
15635291530047	Nueva Continuation High	4892	1137
15635291530047	Nueva Continuation High	541	97
15635291530112	Vista West Continuation High	251	27
15635291530112	Vista West Continuation High	7291	1301
15635291530112	Vista West Continuation High	515	117
15635291530112	Vista West Continuation High	4064	858
15635291530112	Vista West Continuation High	2234	271
15635291530112	Vista West Continuation High	981	441
15635291530112	Vista West Continuation High	3758	619
15635291530112	Vista West Continuation High	263	61
15635291530112	Vista West Continuation High	2114	429
15635291530112	Vista West Continuation High	1135	111
15635291530112	Vista West Continuation High	126	18
15635291530112	Vista West Continuation High	3533	682
15635291530112	Vista West Continuation High	252	56
15635291530112	Vista West Continuation High	1950	429
15635291530112	Vista West Continuation High	1099	160
15635291530112	Vista West Continuation High	452	115
15635291530112	Vista West Continuation High	4892	1137
15635291530112	Vista West Continuation High	541	97
15635291530252	Arvin High	400	97
15635291530252	Arvin High	372	92
15635291530252	Arvin High	183	68
15635291530252	Arvin High	218	45
15635291530252	Arvin High	200	42
15635291530252	Arvin High	182	52
15635291530252	Arvin High	172	50
15635291530252	Arvin High	89	22
15635291530252	Arvin High	386	95
15635291530294	Summit Continuation	251	27
15635291530294	Summit Continuation	7291	1301
15635291530294	Summit Continuation	515	117
15635291530294	Summit Continuation	4064	858
15635291530294	Summit Continuation	2234	271
15635291530294	Summit Continuation	981	441
15635291530294	Summit Continuation	3758	619
15635291530294	Summit Continuation	263	61
15635291530294	Summit Continuation	2114	429
15635291530294	Summit Continuation	1135	111
15635291530294	Summit Continuation	126	18
15635291530294	Summit Continuation	3533	682
15635291530294	Summit Continuation	252	56
15635291530294	Summit Continuation	1950	429
15635291530294	Summit Continuation	1099	160
15635291530294	Summit Continuation	452	115
15635291530294	Summit Continuation	4892	1137
15635291530294	Summit Continuation	541	97
15635291530344	Stockdale High	479	22
15635291530344	Stockdale High	121	11
15635291530344	Stockdale High	233	18
15635291530344	Stockdale High	129	15
15635291530369	Centennial High	398	33
15635291530369	Centennial High	257	23
15635291530369	Centennial High	196	14
15635291530369	Centennial High	202	19
15635291530369	Centennial High	128	14
15635291530369	Centennial High	106	15
15635291530385	Ridgeview High	420	53
15635291530385	Ridgeview High	233	30
15635291530385	Ridgeview High	88	14
15635291530385	Ridgeview High	41	18
15635291530385	Ridgeview High	221	28
15635291530385	Ridgeview High	129	17
15635291530385	Ridgeview High	199	25
15635291530385	Ridgeview High	104	13
15635291530385	Ridgeview High	302	44
15635291530435	Kern Workforce 2000 Academy	78	103
15635291530435	Kern Workforce 2000 Academy	68	84
15635291530435	Kern Workforce 2000 Academy	22	46
15635291530435	Kern Workforce 2000 Academy	44	46
15635291530435	Kern Workforce 2000 Academy	41	42
15635291530435	Kern Workforce 2000 Academy	34	57
15635291530435	Kern Workforce 2000 Academy	27	42
15635291530435	Kern Workforce 2000 Academy	11	15
15635291530435	Kern Workforce 2000 Academy	70	97
15635291530476	Liberty High	416	26
15635291530476	Liberty High	99	13
15635291530476	Liberty High	269	12
15635291530476	Liberty High	210	17
15635291530708	Bakersfield High	492	95
15635291530708	Bakersfield High	61	19
15635291530708	Bakersfield High	259	54
15635291530708	Bakersfield High	145	19
15635291530708	Bakersfield High	46	21
15635291530708	Bakersfield High	249	46
15635291530708	Bakersfield High	124	31
15635291530708	Bakersfield High	243	49
15635291530708	Bakersfield High	27	12
15635291530708	Bakersfield High	135	23
15635291530708	Bakersfield High	67	11
15635291530708	Bakersfield High	316	79
15635291532290	East Bakersfield High	442	50
15635291532290	East Bakersfield High	347	43
15635291532290	East Bakersfield High	74	26
15635291532290	East Bakersfield High	242	25
15635291532290	East Bakersfield High	189	23
15635291532290	East Bakersfield High	200	25
15635291532290	East Bakersfield High	158	20
15635291532290	East Bakersfield High	371	48
15635291532605	Foothill High	329	85
15635291532605	Foothill High	268	70
15635291532605	Foothill High	58	26
15635291532605	Foothill High	177	41
15635291532605	Foothill High	148	32
15635291532605	Foothill High	152	44
15635291532605	Foothill High	120	38
15635291532605	Foothill High	302	83
15635291533330	Highland High	372	31
15635291533330	Highland High	235	20
15635291533330	Highland High	186	18
15635291533330	Highland High	128	13
15635291533330	Highland High	186	13
15635291533330	Highland High	244	24
15635291534775	North High	398	35
15635291534775	North High	301	24
15635291534775	North High	208	15
15635291534775	North High	190	20
15635291534775	North High	131	15
15635291534775	North High	277	33
15635291535087	Shafter High	299	44
15635291535087	Shafter High	257	41
15635291535087	Shafter High	70	29
15635291535087	Shafter High	142	24
15635291535087	Shafter High	119	21
15635291535087	Shafter High	157	20
15635291535087	Shafter High	138	20
15635291535087	Shafter High	66	17
15635291535087	Shafter High	260	41
15635291535392	South High	388	75
15635291535392	South High	277	51
15635291535392	South High	63	25
15635291535392	South High	184	43
15635291535392	South High	137	28
15635291535392	South High	204	32
15635291535392	South High	140	23
15635291535392	South High	359	72
15635291536325	Vista Continuation High	251	27
15635291536325	Vista Continuation High	7291	1301
15635291536325	Vista Continuation High	515	117
15635291536325	Vista Continuation High	4064	858
15635291536325	Vista Continuation High	2234	271
15635291536325	Vista Continuation High	981	441
15635291536325	Vista Continuation High	3758	619
15635291536325	Vista Continuation High	263	61
15635291536325	Vista Continuation High	2114	429
15635291536325	Vista Continuation High	1135	111
15635291536325	Vista Continuation High	126	18
15635291536325	Vista Continuation High	3533	682
15635291536325	Vista Continuation High	252	56
15635291536325	Vista Continuation High	1950	429
15635291536325	Vista Continuation High	1099	160
15635291536325	Vista Continuation High	452	115
15635291536325	Vista Continuation High	4892	1137
15635291536325	Vista Continuation High	541	97
15635291536606	West High	347	61
15635291536606	West High	54	13
15635291536606	West High	208	29
15635291536606	West High	61	14
15635291536606	West High	39	15
15635291536606	West High	181	26
15635291536606	West High	113	12
15635291536606	West High	166	35
15635291536606	West High	95	17
15635291536606	West High	294	57
15636286121024	California Virtual Academy @ Kern	28	19
15636286121024	California Virtual Academy @ Kern	13	12
15636286121024	California Virtual Academy @ Kern	28	19
15636286121024	California Virtual Academy @ Kern	13	12
15636770000000	Mojave Unified	156	32
15636770000000	Mojave Unified	33	11
15636770000000	Mojave Unified	70	16
15636770000000	Mojave Unified	86	16
15636770000000	Mojave Unified	131	28
15636770114512	California City High	91	13
15636770114512	California City High	72	11
15636771530013	Mountain View High (Continuation)	156	32
15636771530013	Mountain View High (Continuation)	33	11
15636771530013	Mountain View High (Continuation)	70	16
15636771530013	Mountain View High (Continuation)	86	16
15636771530013	Mountain View High (Continuation)	131	28
15637680124842	California Pacific Charter School of Kern	38	27
15637680124842	California Pacific Charter School of Kern	25	16
15637680124842	California Pacific Charter School of Kern	13	11
15637680124842	California Pacific Charter School of Kern	17	17
15637680124842	California Pacific Charter School of Kern	38	27
15637680124842	California Pacific Charter School of Kern	25	16
15637680124842	California Pacific Charter School of Kern	13	11
15637680124842	California Pacific Charter School of Kern	17	17
15637760000000	Southern Kern Unified	175	37
15637760000000	Southern Kern Unified	71	13
15637760000000	Southern Kern Unified	91	14
15637760000000	Southern Kern Unified	102	22
15637760000000	Southern Kern Unified	73	15
15637760000000	Southern Kern Unified	111	28
15637761530039	Rare Earth High (Continuation)	175	37
15637761530039	Rare Earth High (Continuation)	71	13
15637761530039	Rare Earth High (Continuation)	91	14
15637761530039	Rare Earth High (Continuation)	102	22
15637761530039	Rare Earth High (Continuation)	73	15
15637761530039	Rare Earth High (Continuation)	111	28
15637761530377	Abraham Lincoln Alternative	13	11
15637761534957	Rosamond High	155	17
15637761534957	Rosamond High	98	12
15638260000000	Tehachapi Unified	317	44
15638260000000	Tehachapi Unified	68	13
15638260000000	Tehachapi Unified	224	26
15638260000000	Tehachapi Unified	166	14
15638260000000	Tehachapi Unified	151	30
15638260000000	Tehachapi Unified	113	19
15638260000000	Tehachapi Unified	107	30
15638260000000	Tehachapi Unified	22	13
15638261530245	Monroe High (Continuation)	317	44
15638261530245	Monroe High (Continuation)	68	13
15638261530245	Monroe High (Continuation)	224	26
15638261530245	Monroe High (Continuation)	166	14
15638261530245	Monroe High (Continuation)	151	30
15638261530245	Monroe High (Continuation)	113	19
15638261530245	Monroe High (Continuation)	107	30
15638261530245	Monroe High (Continuation)	22	13
15638261536135	Tehachapi High	258	17
15638261536135	Tehachapi High	127	13
15638590000000	Wasco Union High	288	17
15638590000000	Wasco Union High	264	16
15638590000000	Wasco Union High	256	17
15638591530351	Wasco Independence High	288	17
15638591530351	Wasco Independence High	264	16
15638591530351	Wasco Independence High	256	17
15638591536440	Wasco High	268	14
15638591536440	Wasco High	244	14
15638591536440	Wasco High	236	14
15737420000000	Sierra Sands Unified	323	17
15737420000000	Sierra Sands Unified	152	15
15737421530054	Mesquite Continuation High	323	17
15737421530054	Mesquite Continuation High	152	15
15737421531367	Burroughs High	299	13
15737421531367	Burroughs High	131	12
15739080000000	McFarland Unified	177	39
15739080000000	McFarland Unified	172	37
15739080000000	McFarland Unified	58	22
15739080000000	McFarland Unified	97	20
15739080000000	McFarland Unified	94	18
15739080000000	McFarland Unified	80	19
15739080000000	McFarland Unified	78	19
15739080000000	McFarland Unified	176	37
15739081530146	San Joaquin High (Continuation)	177	39
15739081530146	San Joaquin High (Continuation)	172	37
15739081530146	San Joaquin High (Continuation)	58	22
15739081530146	San Joaquin High (Continuation)	97	20
15739081530146	San Joaquin High (Continuation)	94	18
15739081530146	San Joaquin High (Continuation)	80	19
15739081530146	San Joaquin High (Continuation)	78	19
15739081530146	San Joaquin High (Continuation)	176	37
15739081530229	McFarland Independent	177	39
15739081530229	McFarland Independent	172	37
15739081530229	McFarland Independent	58	22
15739081530229	McFarland Independent	97	20
15739081530229	McFarland Independent	94	18
15739081530229	McFarland Independent	80	19
15739081530229	McFarland Independent	78	19
15739081530229	McFarland Independent	176	37
15739081534155	McFarland High	170	12
15739081534155	McFarland High	165	12
15739081534155	McFarland High	58	12
15739081534155	McFarland High	169	11
15751680000000	El Tejon Unified	77	17
15751680000000	El Tejon Unified	38	11
15751680000000	El Tejon Unified	41	12
16000000000000	Kings	1559	379
16000000000000	Kings	84	31
16000000000000	Kings	879	218
16000000000000	Kings	487	101
16000000000000	Kings	290	113
16000000000000	Kings	850	167
16000000000000	Kings	43	11
16000000000000	Kings	488	89
16000000000000	Kings	258	56
16000000000000	Kings	709	212
16000000000000	Kings	41	20
16000000000000	Kings	391	129
16000000000000	Kings	229	45
16000000000000	Kings	204	37
16000000000000	Kings	934	299
16000000000000	Kings	99	50
16101650000000	Kings County Office of Education	1559	379
16101650000000	Kings County Office of Education	84	31
16101650000000	Kings County Office of Education	879	218
16101650000000	Kings County Office of Education	487	101
16101650000000	Kings County Office of Education	290	113
16101650000000	Kings County Office of Education	850	167
16101650000000	Kings County Office of Education	43	11
16101650000000	Kings County Office of Education	488	89
16101650000000	Kings County Office of Education	258	56
16101650000000	Kings County Office of Education	709	212
16101650000000	Kings County Office of Education	41	20
16101650000000	Kings County Office of Education	391	129
16101650000000	Kings County Office of Education	229	45
16101650000000	Kings County Office of Education	204	37
16101650000000	Kings County Office of Education	934	299
16101650000000	Kings County Office of Education	99	50
16101651630102	J. C. Montgomery	1559	379
16101651630102	J. C. Montgomery	84	31
16101651630102	J. C. Montgomery	879	218
16101651630102	J. C. Montgomery	487	101
16101651630102	J. C. Montgomery	290	113
16101651630102	J. C. Montgomery	850	167
16101651630102	J. C. Montgomery	43	11
16101651630102	J. C. Montgomery	488	89
16101651630102	J. C. Montgomery	258	56
16101651630102	J. C. Montgomery	709	212
16101651630102	J. C. Montgomery	41	20
16101651630102	J. C. Montgomery	391	129
16101651630102	J. C. Montgomery	229	45
16101651630102	J. C. Montgomery	204	37
16101651630102	J. C. Montgomery	934	299
16101651630102	J. C. Montgomery	99	50
16101651630193	Kings County Community	1559	379
16101651630193	Kings County Community	84	31
16101651630193	Kings County Community	879	218
16101651630193	Kings County Community	487	101
16101651630193	Kings County Community	290	113
16101651630193	Kings County Community	850	167
16101651630193	Kings County Community	43	11
16101651630193	Kings County Community	488	89
16101651630193	Kings County Community	258	56
16101651630193	Kings County Community	709	212
16101651630193	Kings County Community	41	20
16101651630193	Kings County Community	391	129
16101651630193	Kings County Community	229	45
16101651630193	Kings County Community	204	37
16101651630193	Kings County Community	934	299
16101651630193	Kings County Community	99	50
16101656069298	Kings County Special Education	1559	379
16101656069298	Kings County Special Education	84	31
16101656069298	Kings County Special Education	879	218
16101656069298	Kings County Special Education	487	101
16101656069298	Kings County Special Education	290	113
16101656069298	Kings County Special Education	850	167
16101656069298	Kings County Special Education	43	11
16101656069298	Kings County Special Education	488	89
16101656069298	Kings County Special Education	258	56
16101656069298	Kings County Special Education	709	212
16101656069298	Kings County Special Education	41	20
16101656069298	Kings County Special Education	391	129
16101656069298	Kings County Special Education	229	45
16101656069298	Kings County Special Education	204	37
16101656069298	Kings County Special Education	934	299
16101656069298	Kings County Special Education	99	50
16638750000000	Armona Union Elementary	70	34
16638750000000	Armona Union Elementary	36	21
16638750000000	Armona Union Elementary	39	15
16638750000000	Armona Union Elementary	31	19
16638750000000	Armona Union Elementary	13	15
16638750000000	Armona Union Elementary	47	26
16638750101717	Crossroads Charter	70	34
16638750101717	Crossroads Charter	36	21
16638750101717	Crossroads Charter	39	15
16638750101717	Crossroads Charter	31	19
16638750101717	Crossroads Charter	13	15
16638750101717	Crossroads Charter	47	26
16638750112698	California Virtual Academy @ Kings	22	30
16638750112698	California Virtual Academy @ Kings	13	18
16638750112698	California Virtual Academy @ Kings	15	13
16638750112698	California Virtual Academy @ Kings	22	30
16638750112698	California Virtual Academy @ Kings	13	18
16638750112698	California Virtual Academy @ Kings	15	13
16638910000000	Corcoran Joint Unified	144	14
16638910000000	Corcoran Joint Unified	127	12
16638911632140	Kings Lake Education Center	144	14
16638911632140	Kings Lake Education Center	127	12
16639250000000	Hanford Joint Union High	709	97
16639250000000	Hanford Joint Union High	369	62
16639250000000	Hanford Joint Union High	253	23
16639250000000	Hanford Joint Union High	85	26
16639250000000	Hanford Joint Union High	386	48
16639250000000	Hanford Joint Union High	204	33
16639250000000	Hanford Joint Union High	323	49
16639250000000	Hanford Joint Union High	165	29
16639250000000	Hanford Joint Union High	117	13
16639250000000	Hanford Joint Union High	86	13
16639250000000	Hanford Joint Union High	370	75
16639250000000	Hanford Joint Union High	40	14
16639251630060	Hanford Night (Continuation)	709	97
16639251630060	Hanford Night (Continuation)	369	62
16639251630060	Hanford Night (Continuation)	253	23
16639251630060	Hanford Night (Continuation)	85	26
16639251630060	Hanford Night (Continuation)	386	48
16639251630060	Hanford Night (Continuation)	204	33
16639251630060	Hanford Night (Continuation)	323	49
16639251630060	Hanford Night (Continuation)	165	29
16639251630060	Hanford Night (Continuation)	117	13
16639251630060	Hanford Night (Continuation)	86	13
16639251630060	Hanford Night (Continuation)	370	75
16639251630060	Hanford Night (Continuation)	40	14
16639251630169	Hanford West High	333	23
16639251630169	Hanford West High	180	12
16639251630169	Hanford West High	146	13
16639251630169	Hanford West High	179	15
16639251634245	Earl F. Johnson High (Continuation)	709	97
16639251634245	Earl F. Johnson High (Continuation)	369	62
16639251634245	Earl F. Johnson High (Continuation)	253	23
16639251634245	Earl F. Johnson High (Continuation)	85	26
16639251634245	Earl F. Johnson High (Continuation)	386	48
16639251634245	Earl F. Johnson High (Continuation)	204	33
16639251634245	Earl F. Johnson High (Continuation)	323	49
16639251634245	Earl F. Johnson High (Continuation)	165	29
16639251634245	Earl F. Johnson High (Continuation)	117	13
16639251634245	Earl F. Johnson High (Continuation)	86	13
16639251634245	Earl F. Johnson High (Continuation)	370	75
16639251634245	Earl F. Johnson High (Continuation)	40	14
16639251634401	Hanford High	304	17
16639251634401	Hanford High	141	13
16639251634401	Hanford High	172	14
16639251634401	Hanford High	82	11
16639251634401	Hanford High	132	15
16639820000000	Lemoore Union High	414	47
16639820000000	Lemoore Union High	194	28
16639820000000	Lemoore Union High	142	13
16639820000000	Lemoore Union High	79	14
16639820000000	Lemoore Union High	219	23
16639820000000	Lemoore Union High	105	16
16639820000000	Lemoore Union High	195	24
16639820000000	Lemoore Union High	89	12
16639820000000	Lemoore Union High	209	33
16639821630011	Jamison (Donald C.) High (Continuation)	414	47
16639821630011	Jamison (Donald C.) High (Continuation)	194	28
16639821630011	Jamison (Donald C.) High (Continuation)	142	13
16639821630011	Jamison (Donald C.) High (Continuation)	79	14
16639821630011	Jamison (Donald C.) High (Continuation)	219	23
16639821630011	Jamison (Donald C.) High (Continuation)	105	16
16639821630011	Jamison (Donald C.) High (Continuation)	195	24
16639821630011	Jamison (Donald C.) High (Continuation)	89	12
16639821630011	Jamison (Donald C.) High (Continuation)	209	33
16639821635606	Lemoore High	373	28
16639821635606	Lemoore High	168	16
16639821635606	Lemoore High	200	16
16639821635606	Lemoore High	93	11
16639821635606	Lemoore High	173	12
16639821635606	Lemoore High	177	19
16739320000000	Reef-Sunset Unified	120	23
16739320000000	Reef-Sunset Unified	116	21
16739320000000	Reef-Sunset Unified	85	21
16739320000000	Reef-Sunset Unified	59	15
16739320000000	Reef-Sunset Unified	59	13
16739320000000	Reef-Sunset Unified	120	22
16739321630078	Sunrise High (Continuation)	120	23
16739321630078	Sunrise High (Continuation)	116	21
16739321630078	Sunrise High (Continuation)	85	21
16739321630078	Sunrise High (Continuation)	59	15
16739321630078	Sunrise High (Continuation)	59	13
16739321630078	Sunrise High (Continuation)	120	22
16739321630110	Adelante High	120	23
16739321630110	Adelante High	116	21
16739321630110	Adelante High	85	21
16739321630110	Adelante High	59	15
16739321630110	Adelante High	59	13
16739321630110	Adelante High	120	22
16739321630953	Avenal High	118	20
16739321630953	Avenal High	114	19
16739321630953	Avenal High	84	19
16739321630953	Avenal High	58	12
16739321630953	Avenal High	58	11
16739321630953	Avenal High	118	20
17000000000000	Lake	621	59
17000000000000	Lake	143	13
17000000000000	Lake	418	35
17000000000000	Lake	319	25
17000000000000	Lake	223	13
17000000000000	Lake	302	34
17000000000000	Lake	195	22
17000000000000	Lake	440	45
17000000000000	Lake	52	12
17101730000000	Lake County Office of Education	621	59
17101730000000	Lake County Office of Education	143	13
17101730000000	Lake County Office of Education	418	35
17101730000000	Lake County Office of Education	319	25
17101730000000	Lake County Office of Education	223	13
17101730000000	Lake County Office of Education	302	34
17101730000000	Lake County Office of Education	195	22
17101730000000	Lake County Office of Education	440	45
17101730000000	Lake County Office of Education	52	12
17101730107995	Clearlake Community	621	59
17101730107995	Clearlake Community	143	13
17101730107995	Clearlake Community	418	35
17101730107995	Clearlake Community	319	25
17101730107995	Clearlake Community	223	13
17101730107995	Clearlake Community	302	34
17101730107995	Clearlake Community	195	22
17101730107995	Clearlake Community	440	45
17101730107995	Clearlake Community	52	12
17101731730068	Renaissance Court	621	59
17101731730068	Renaissance Court	143	13
17101731730068	Renaissance Court	418	35
17101731730068	Renaissance Court	319	25
17101731730068	Renaissance Court	223	13
17101731730068	Renaissance Court	302	34
17101731730068	Renaissance Court	195	22
17101731730068	Renaissance Court	440	45
17101731730068	Renaissance Court	52	12
17101731730167	Lloyd Hance Community	621	59
17101731730167	Lloyd Hance Community	143	13
17101731730167	Lloyd Hance Community	418	35
17101731730167	Lloyd Hance Community	319	25
17101731730167	Lloyd Hance Community	223	13
17101731730167	Lloyd Hance Community	302	34
17101731730167	Lloyd Hance Community	195	22
17101731730167	Lloyd Hance Community	440	45
17101731730167	Lloyd Hance Community	52	12
17640220000000	Konocti Unified	156	17
17640220000000	Konocti Unified	135	15
17640221730027	Carle (William C.) High (Continuation)	156	17
17640221730027	Carle (William C.) High (Continuation)	135	15
17640550000000	Middletown Unified	138	12
17640551730035	Loconoma Valley High	138	12
18000000000000	Lassen	371	86
18000000000000	Lassen	42	11
18000000000000	Lassen	300	61
18000000000000	Lassen	180	42
18000000000000	Lassen	150	29
18000000000000	Lassen	191	44
18000000000000	Lassen	150	32
18000000000000	Lassen	181	61
18101810000000	Lassen County Office of Education	371	86
18101810000000	Lassen County Office of Education	42	11
18101810000000	Lassen County Office of Education	300	61
18101810000000	Lassen County Office of Education	180	42
18101810000000	Lassen County Office of Education	150	29
18101810000000	Lassen County Office of Education	191	44
18101810000000	Lassen County Office of Education	150	32
18101810000000	Lassen County Office of Education	181	61
18101811830058	Lassen County Juvenile Court	371	86
18101811830058	Lassen County Juvenile Court	42	11
18101811830058	Lassen County Juvenile Court	300	61
18101811830058	Lassen County Juvenile Court	180	42
18101811830058	Lassen County Juvenile Court	150	29
18101811830058	Lassen County Juvenile Court	191	44
18101811830058	Lassen County Juvenile Court	150	32
18101811830058	Lassen County Juvenile Court	181	61
18101816069934	Lassen County Special Education	371	86
18101816069934	Lassen County Special Education	42	11
18101816069934	Lassen County Special Education	300	61
18101816069934	Lassen County Special Education	180	42
18101816069934	Lassen County Special Education	150	29
18101816069934	Lassen County Special Education	191	44
18101816069934	Lassen County Special Education	150	32
18101816069934	Lassen County Special Education	181	61
18641390000000	Lassen Union High	178	27
18641390000000	Lassen Union High	152	23
18641390000000	Lassen Union High	74	12
18641390000000	Lassen Union High	104	15
18641390000000	Lassen Union High	86	14
18641390000000	Lassen Union High	51	15
18641390106385	Diamond Mountain Charter High	17	17
18641390106385	Diamond Mountain Charter High	16	15
18641391830082	Lassen Community Day	178	27
18641391830082	Lassen Community Day	152	23
18641391830082	Lassen Community Day	74	12
18641391830082	Lassen Community Day	104	15
18641391830082	Lassen Community Day	86	14
18641391830082	Lassen Community Day	51	15
18641391833813	Credence High	178	27
18641391833813	Credence High	152	23
18641391833813	Credence High	74	12
18641391833813	Credence High	104	15
18641391833813	Credence High	86	14
18641391833813	Credence High	51	15
18642041830132	Westwood Charter	39	23
18642041830132	Westwood Charter	30	15
18642041830132	Westwood Charter	25	11
18642041830132	Westwood Charter	14	12
18642041830132	Westwood Charter	23	19
18642041830132	Westwood Charter	39	23
18642041830132	Westwood Charter	30	15
18642041830132	Westwood Charter	25	11
18642041830132	Westwood Charter	14	12
18642041830132	Westwood Charter	23	19
18767296010763	Long Valley Charter	55	21
18767296010763	Long Valley Charter	46	14
18767296010763	SBE - Long Valley Charter	25	11
18767296010763	Long Valley Charter	39	17
18767296010763	Long Valley Charter	55	21
18767296010763	Long Valley Charter	46	14
18767296010763	Long Valley Charter	25	11
18767296010763	Long Valley Charter	39	17
19000000000000	Los Angeles	10454	501
19000000000000	Los Angeles	98515	19443
19000000000000	Los Angeles	8501	2793
19000000000000	Los Angeles	274	379
19000000000000	Los Angeles	3034	173
19000000000000	Los Angeles	57323	13493
19000000000000	Los Angeles	352	93
19000000000000	Los Angeles	456	97
19000000000000	Los Angeles	714	79
19000000000000	Los Angeles	17407	1835
19000000000000	Los Angeles	16725	7944
19000000000000	Los Angeles	5185	197
19000000000000	Los Angeles	51509	7969
19000000000000	Los Angeles	4611	1187
19000000000000	Los Angeles	130	174
19000000000000	Los Angeles	1510	75
19000000000000	Los Angeles	30579	5516
19000000000000	Los Angeles	175	49
19000000000000	Los Angeles	240	39
19000000000000	Los Angeles	395	35
19000000000000	Los Angeles	8684	697
19000000000000	Los Angeles	5269	304
19000000000000	Los Angeles	47006	11474
19000000000000	Los Angeles	3890	1606
19000000000000	Los Angeles	144	205
19000000000000	Los Angeles	1524	98
19000000000000	Los Angeles	26744	7977
19000000000000	Los Angeles	177	44
19000000000000	Los Angeles	216	58
19000000000000	Los Angeles	319	44
19000000000000	Los Angeles	8723	1138
19000000000000	Los Angeles	680	121
19000000000000	Los Angeles	71415	16642
19000000000000	Los Angeles	8927	2879
19101990000000	Los Angeles County Office of Education	10454	501
19101990000000	Los Angeles County Office of Education	98515	19443
19101990000000	Los Angeles County Office of Education	8501	2793
19101990000000	Los Angeles County Office of Education	274	379
19101990000000	Los Angeles County Office of Education	3034	173
19101990000000	Los Angeles County Office of Education	57323	13493
19101990000000	Los Angeles County Office of Education	352	93
19101990000000	Los Angeles County Office of Education	456	97
19101990000000	Los Angeles County Office of Education	714	79
19101990000000	Los Angeles County Office of Education	17407	1835
19101990000000	Los Angeles County Office of Education	16725	7944
19101990000000	Los Angeles County Office of Education	5185	197
19101990000000	Los Angeles County Office of Education	51509	7969
19101990000000	Los Angeles County Office of Education	4611	1187
19101990000000	Los Angeles County Office of Education	130	174
19101990000000	Los Angeles County Office of Education	1510	75
19101990000000	Los Angeles County Office of Education	30579	5516
19101990000000	Los Angeles County Office of Education	175	49
19101990000000	Los Angeles County Office of Education	240	39
19101990000000	Los Angeles County Office of Education	395	35
19101990000000	Los Angeles County Office of Education	8684	697
19101990000000	Los Angeles County Office of Education	5269	304
19101990000000	Los Angeles County Office of Education	47006	11474
19101990000000	Los Angeles County Office of Education	3890	1606
19101990000000	Los Angeles County Office of Education	144	205
19101990000000	Los Angeles County Office of Education	1524	98
19101990000000	Los Angeles County Office of Education	26744	7977
19101990000000	Los Angeles County Office of Education	177	44
19101990000000	Los Angeles County Office of Education	216	58
19101990000000	Los Angeles County Office of Education	319	44
19101990000000	Los Angeles County Office of Education	8723	1138
19101990000000	Los Angeles County Office of Education	680	121
19101990000000	Los Angeles County Office of Education	71415	16642
19101990000000	Los Angeles County Office of Education	8927	2879
19101990109918	Opportunities Unlimited Charter High	22	18
19101990109918	Opportunities Unlimited Charter High	22	18
19101990121822	Nidorf, Barry J. Juvenile Hall	10454	501
19101990121822	Nidorf, Barry J. Juvenile Hall	98515	19443
19101990121822	Nidorf, Barry J. Juvenile Hall	8501	2793
19101990121822	Nidorf, Barry J. Juvenile Hall	274	379
19101990121822	Nidorf, Barry J. Juvenile Hall	3034	173
19101990121822	Nidorf, Barry J. Juvenile Hall	57323	13493
19101990121822	Nidorf, Barry J. Juvenile Hall	352	93
19101990121822	Nidorf, Barry J. Juvenile Hall	456	97
19101990121822	Nidorf, Barry J. Juvenile Hall	714	79
19101990121822	Nidorf, Barry J. Juvenile Hall	17407	1835
19101990121822	Nidorf, Barry J. Juvenile Hall	16725	7944
19101990121822	Nidorf, Barry J. Juvenile Hall	5185	197
19101990121822	Nidorf, Barry J. Juvenile Hall	51509	7969
19101990121822	Nidorf, Barry J. Juvenile Hall	4611	1187
19101990121822	Nidorf, Barry J. Juvenile Hall	130	174
19101990121822	Nidorf, Barry J. Juvenile Hall	1510	75
19101990121822	Nidorf, Barry J. Juvenile Hall	30579	5516
19101990121822	Nidorf, Barry J. Juvenile Hall	175	49
19101990121822	Nidorf, Barry J. Juvenile Hall	240	39
19101990121822	Nidorf, Barry J. Juvenile Hall	395	35
19101990121822	Nidorf, Barry J. Juvenile Hall	8684	697
19101990121822	Nidorf, Barry J. Juvenile Hall	5269	304
19101990121822	Nidorf, Barry J. Juvenile Hall	47006	11474
19101990121822	Nidorf, Barry J. Juvenile Hall	3890	1606
19101990121822	Nidorf, Barry J. Juvenile Hall	144	205
19101990121822	Nidorf, Barry J. Juvenile Hall	1524	98
19101990121822	Nidorf, Barry J. Juvenile Hall	26744	7977
19101990121822	Nidorf, Barry J. Juvenile Hall	177	44
19101990121822	Nidorf, Barry J. Juvenile Hall	216	58
19101990121822	Nidorf, Barry J. Juvenile Hall	319	44
19101990121822	Nidorf, Barry J. Juvenile Hall	8723	1138
19101990121822	Nidorf, Barry J. Juvenile Hall	680	121
19101990121822	Nidorf, Barry J. Juvenile Hall	71415	16642
19101990121822	Nidorf, Barry J. Juvenile Hall	8927	2879
19101990121871	Los Padrinos Juvenile Hall	10454	501
19101990121871	Los Padrinos Juvenile Hall	98515	19443
19101990121871	Los Padrinos Juvenile Hall	8501	2793
19101990121871	Los Padrinos Juvenile Hall	274	379
19101990121871	Los Padrinos Juvenile Hall	3034	173
19101990121871	Los Padrinos Juvenile Hall	57323	13493
19101990121871	Los Padrinos Juvenile Hall	352	93
19101990121871	Los Padrinos Juvenile Hall	456	97
19101990121871	Los Padrinos Juvenile Hall	714	79
19101990121871	Los Padrinos Juvenile Hall	17407	1835
19101990121871	Los Padrinos Juvenile Hall	16725	7944
19101990121871	Los Padrinos Juvenile Hall	5185	197
19101990121871	Los Padrinos Juvenile Hall	51509	7969
19101990121871	Los Padrinos Juvenile Hall	4611	1187
19101990121871	Los Padrinos Juvenile Hall	130	174
19101990121871	Los Padrinos Juvenile Hall	1510	75
19101990121871	Los Padrinos Juvenile Hall	30579	5516
19101990121871	Los Padrinos Juvenile Hall	175	49
19101990121871	Los Padrinos Juvenile Hall	240	39
19101990121871	Los Padrinos Juvenile Hall	395	35
19101990121871	Los Padrinos Juvenile Hall	8684	697
19101990121871	Los Padrinos Juvenile Hall	5269	304
19101990121871	Los Padrinos Juvenile Hall	47006	11474
19101990121871	Los Padrinos Juvenile Hall	3890	1606
19101990121871	Los Padrinos Juvenile Hall	144	205
19101990121871	Los Padrinos Juvenile Hall	1524	98
19101990121871	Los Padrinos Juvenile Hall	26744	7977
19101990121871	Los Padrinos Juvenile Hall	177	44
19101990121871	Los Padrinos Juvenile Hall	216	58
19101990121871	Los Padrinos Juvenile Hall	319	44
19101990121871	Los Padrinos Juvenile Hall	8723	1138
19101990121871	Los Padrinos Juvenile Hall	680	121
19101990121871	Los Padrinos Juvenile Hall	71415	16642
19101990121871	Los Padrinos Juvenile Hall	8927	2879
19101990121897	Central Juvenile Hall	10454	501
19101990121897	Central Juvenile Hall	98515	19443
19101990121897	Central Juvenile Hall	8501	2793
19101990121897	Central Juvenile Hall	274	379
19101990121897	Central Juvenile Hall	3034	173
19101990121897	Central Juvenile Hall	57323	13493
19101990121897	Central Juvenile Hall	352	93
19101990121897	Central Juvenile Hall	456	97
19101990121897	Central Juvenile Hall	714	79
19101990121897	Central Juvenile Hall	17407	1835
19101990121897	Central Juvenile Hall	16725	7944
19101990121897	Central Juvenile Hall	5185	197
19101990121897	Central Juvenile Hall	51509	7969
19101990121897	Central Juvenile Hall	4611	1187
19101990121897	Central Juvenile Hall	130	174
19101990121897	Central Juvenile Hall	1510	75
19101990121897	Central Juvenile Hall	30579	5516
19101990121897	Central Juvenile Hall	175	49
19101990121897	Central Juvenile Hall	240	39
19101990121897	Central Juvenile Hall	395	35
19101990121897	Central Juvenile Hall	8684	697
19101990121897	Central Juvenile Hall	5269	304
19101990121897	Central Juvenile Hall	47006	11474
19101990121897	Central Juvenile Hall	3890	1606
19101990121897	Central Juvenile Hall	144	205
19101990121897	Central Juvenile Hall	1524	98
19101990121897	Central Juvenile Hall	26744	7977
19101990121897	Central Juvenile Hall	177	44
19101990121897	Central Juvenile Hall	216	58
19101990121897	Central Juvenile Hall	319	44
19101990121897	Central Juvenile Hall	8723	1138
19101990121897	Central Juvenile Hall	680	121
19101990121897	Central Juvenile Hall	71415	16642
19101990121897	Central Juvenile Hall	8927	2879
19101990121905	Kirby, Dorothy Camp	10454	501
19101990121905	Kirby, Dorothy Camp	98515	19443
19101990121905	Kirby, Dorothy Camp	8501	2793
19101990121905	Kirby, Dorothy Camp	274	379
19101990121905	Kirby, Dorothy Camp	3034	173
19101990121905	Kirby, Dorothy Camp	57323	13493
19101990121905	Kirby, Dorothy Camp	352	93
19101990121905	Kirby, Dorothy Camp	456	97
19101990121905	Kirby, Dorothy Camp	714	79
19101990121905	Kirby, Dorothy Camp	17407	1835
19101990121905	Kirby, Dorothy Camp	16725	7944
19101990121905	Kirby, Dorothy Camp	5185	197
19101990121905	Kirby, Dorothy Camp	51509	7969
19101990121905	Kirby, Dorothy Camp	4611	1187
19101990121905	Kirby, Dorothy Camp	130	174
19101990121905	Kirby, Dorothy Camp	1510	75
19101990121905	Kirby, Dorothy Camp	30579	5516
19101990121905	Kirby, Dorothy Camp	175	49
19101990121905	Kirby, Dorothy Camp	240	39
19101990121905	Kirby, Dorothy Camp	395	35
19101990121905	Kirby, Dorothy Camp	8684	697
19101990121905	Kirby, Dorothy Camp	5269	304
19101990121905	Kirby, Dorothy Camp	47006	11474
19101990121905	Kirby, Dorothy Camp	3890	1606
19101990121905	Kirby, Dorothy Camp	144	205
19101990121905	Kirby, Dorothy Camp	1524	98
19101990121905	Kirby, Dorothy Camp	26744	7977
19101990121905	Kirby, Dorothy Camp	177	44
19101990121905	Kirby, Dorothy Camp	216	58
19101990121905	Kirby, Dorothy Camp	319	44
19101990121905	Kirby, Dorothy Camp	8723	1138
19101990121905	Kirby, Dorothy Camp	680	121
19101990121905	Kirby, Dorothy Camp	71415	16642
19101990121905	Kirby, Dorothy Camp	8927	2879
19101990121921	Afflerbaugh-Paige Camp	10454	501
19101990121921	Afflerbaugh-Paige Camp	98515	19443
19101990121921	Afflerbaugh-Paige Camp	8501	2793
19101990121921	Afflerbaugh-Paige Camp	274	379
19101990121921	Afflerbaugh-Paige Camp	3034	173
19101990121921	Afflerbaugh-Paige Camp	57323	13493
19101990121921	Afflerbaugh-Paige Camp	352	93
19101990121921	Afflerbaugh-Paige Camp	456	97
19101990121921	Afflerbaugh-Paige Camp	714	79
19101990121921	Afflerbaugh-Paige Camp	17407	1835
19101990121921	Afflerbaugh-Paige Camp	16725	7944
19101990121921	Afflerbaugh-Paige Camp	5185	197
19101990121921	Afflerbaugh-Paige Camp	51509	7969
19101990121921	Afflerbaugh-Paige Camp	4611	1187
19101990121921	Afflerbaugh-Paige Camp	130	174
19101990121921	Afflerbaugh-Paige Camp	1510	75
19101990121921	Afflerbaugh-Paige Camp	30579	5516
19101990121921	Afflerbaugh-Paige Camp	175	49
19101990121921	Afflerbaugh-Paige Camp	240	39
19101990121921	Afflerbaugh-Paige Camp	395	35
19101990121921	Afflerbaugh-Paige Camp	8684	697
19101990121921	Afflerbaugh-Paige Camp	5269	304
19101990121921	Afflerbaugh-Paige Camp	47006	11474
19101990121921	Afflerbaugh-Paige Camp	3890	1606
19101990121921	Afflerbaugh-Paige Camp	144	205
19101990121921	Afflerbaugh-Paige Camp	1524	98
19101990121921	Afflerbaugh-Paige Camp	26744	7977
19101990121921	Afflerbaugh-Paige Camp	177	44
19101990121921	Afflerbaugh-Paige Camp	216	58
19101990121921	Afflerbaugh-Paige Camp	319	44
19101990121921	Afflerbaugh-Paige Camp	8723	1138
19101990121921	Afflerbaugh-Paige Camp	680	121
19101990121921	Afflerbaugh-Paige Camp	71415	16642
19101990121921	Afflerbaugh-Paige Camp	8927	2879
19101990121939	Rockey, Glenn Camp	10454	501
19101990121939	Rockey, Glenn Camp	98515	19443
19101990121939	Rockey, Glenn Camp	8501	2793
19101990121939	Rockey, Glenn Camp	274	379
19101990121939	Rockey, Glenn Camp	3034	173
19101990121939	Rockey, Glenn Camp	57323	13493
19101990121939	Rockey, Glenn Camp	352	93
19101990121939	Rockey, Glenn Camp	456	97
19101990121939	Rockey, Glenn Camp	714	79
19101990121939	Rockey, Glenn Camp	17407	1835
19101990121939	Rockey, Glenn Camp	16725	7944
19101990121939	Rockey, Glenn Camp	5185	197
19101990121939	Rockey, Glenn Camp	51509	7969
19101990121939	Rockey, Glenn Camp	4611	1187
19101990121939	Rockey, Glenn Camp	130	174
19101990121939	Rockey, Glenn Camp	1510	75
19101990121939	Rockey, Glenn Camp	30579	5516
19101990121939	Rockey, Glenn Camp	175	49
19101990121939	Rockey, Glenn Camp	240	39
19101990121939	Rockey, Glenn Camp	395	35
19101990121939	Rockey, Glenn Camp	8684	697
19101990121939	Rockey, Glenn Camp	5269	304
19101990121939	Rockey, Glenn Camp	47006	11474
19101990121939	Rockey, Glenn Camp	3890	1606
19101990121939	Rockey, Glenn Camp	144	205
19101990121939	Rockey, Glenn Camp	1524	98
19101990121939	Rockey, Glenn Camp	26744	7977
19101990121939	Rockey, Glenn Camp	177	44
19101990121939	Rockey, Glenn Camp	216	58
19101990121939	Rockey, Glenn Camp	319	44
19101990121939	Rockey, Glenn Camp	8723	1138
19101990121939	Rockey, Glenn Camp	680	121
19101990121939	Rockey, Glenn Camp	71415	16642
19101990121939	Rockey, Glenn Camp	8927	2879
19101990121947	Miller, Fred C. Camp	10454	501
19101990121947	Miller, Fred C. Camp	98515	19443
19101990121947	Miller, Fred C. Camp	8501	2793
19101990121947	Miller, Fred C. Camp	274	379
19101990121947	Miller, Fred C. Camp	3034	173
19101990121947	Miller, Fred C. Camp	57323	13493
19101990121947	Miller, Fred C. Camp	352	93
19101990121947	Miller, Fred C. Camp	456	97
19101990121947	Miller, Fred C. Camp	714	79
19101990121947	Miller, Fred C. Camp	17407	1835
19101990121947	Miller, Fred C. Camp	16725	7944
19101990121947	Miller, Fred C. Camp	5185	197
19101990121947	Miller, Fred C. Camp	51509	7969
19101990121947	Miller, Fred C. Camp	4611	1187
19101990121947	Miller, Fred C. Camp	130	174
19101990121947	Miller, Fred C. Camp	1510	75
19101990121947	Miller, Fred C. Camp	30579	5516
19101990121947	Miller, Fred C. Camp	175	49
19101990121947	Miller, Fred C. Camp	240	39
19101990121947	Miller, Fred C. Camp	395	35
19101990121947	Miller, Fred C. Camp	8684	697
19101990121947	Miller, Fred C. Camp	5269	304
19101990121947	Miller, Fred C. Camp	47006	11474
19101990121947	Miller, Fred C. Camp	3890	1606
19101990121947	Miller, Fred C. Camp	144	205
19101990121947	Miller, Fred C. Camp	1524	98
19101990121947	Miller, Fred C. Camp	26744	7977
19101990121947	Miller, Fred C. Camp	177	44
19101990121947	Miller, Fred C. Camp	216	58
19101990121947	Miller, Fred C. Camp	319	44
19101990121947	Miller, Fred C. Camp	8723	1138
19101990121947	Miller, Fred C. Camp	680	121
19101990121947	Miller, Fred C. Camp	71415	16642
19101990121947	Miller, Fred C. Camp	8927	2879
19101990121954	Kilpatrick, Vernon Camp	10454	501
19101990121954	Kilpatrick, Vernon Camp	98515	19443
19101990121954	Kilpatrick, Vernon Camp	8501	2793
19101990121954	Kilpatrick, Vernon Camp	274	379
19101990121954	Kilpatrick, Vernon Camp	3034	173
19101990121954	Kilpatrick, Vernon Camp	57323	13493
19101990121954	Kilpatrick, Vernon Camp	352	93
19101990121954	Kilpatrick, Vernon Camp	456	97
19101990121954	Kilpatrick, Vernon Camp	714	79
19101990121954	Kilpatrick, Vernon Camp	17407	1835
19101990121954	Kilpatrick, Vernon Camp	16725	7944
19101990121954	Kilpatrick, Vernon Camp	5185	197
19101990121954	Kilpatrick, Vernon Camp	51509	7969
19101990121954	Kilpatrick, Vernon Camp	4611	1187
19101990121954	Kilpatrick, Vernon Camp	130	174
19101990121954	Kilpatrick, Vernon Camp	1510	75
19101990121954	Kilpatrick, Vernon Camp	30579	5516
19101990121954	Kilpatrick, Vernon Camp	175	49
19101990121954	Kilpatrick, Vernon Camp	240	39
19101990121954	Kilpatrick, Vernon Camp	395	35
19101990121954	Kilpatrick, Vernon Camp	8684	697
19101990121954	Kilpatrick, Vernon Camp	5269	304
19101990121954	Kilpatrick, Vernon Camp	47006	11474
19101990121954	Kilpatrick, Vernon Camp	3890	1606
19101990121954	Kilpatrick, Vernon Camp	144	205
19101990121954	Kilpatrick, Vernon Camp	1524	98
19101990121954	Kilpatrick, Vernon Camp	26744	7977
19101990121954	Kilpatrick, Vernon Camp	177	44
19101990121954	Kilpatrick, Vernon Camp	216	58
19101990121954	Kilpatrick, Vernon Camp	319	44
19101990121954	Kilpatrick, Vernon Camp	8723	1138
19101990121954	Kilpatrick, Vernon Camp	680	121
19101990121954	Kilpatrick, Vernon Camp	71415	16642
19101990121954	Kilpatrick, Vernon Camp	8927	2879
19101990121970	Gonzales, David Camp	10454	501
19101990121970	Gonzales, David Camp	98515	19443
19101990121970	Gonzales, David Camp	8501	2793
19101990121970	Gonzales, David Camp	274	379
19101990121970	Gonzales, David Camp	3034	173
19101990121970	Gonzales, David Camp	57323	13493
19101990121970	Gonzales, David Camp	352	93
19101990121970	Gonzales, David Camp	456	97
19101990121970	Gonzales, David Camp	714	79
19101990121970	Gonzales, David Camp	17407	1835
19101990121970	Gonzales, David Camp	16725	7944
19101990121970	Gonzales, David Camp	5185	197
19101990121970	Gonzales, David Camp	51509	7969
19101990121970	Gonzales, David Camp	4611	1187
19101990121970	Gonzales, David Camp	130	174
19101990121970	Gonzales, David Camp	1510	75
19101990121970	Gonzales, David Camp	30579	5516
19101990121970	Gonzales, David Camp	175	49
19101990121970	Gonzales, David Camp	240	39
19101990121970	Gonzales, David Camp	395	35
19101990121970	Gonzales, David Camp	8684	697
19101990121970	Gonzales, David Camp	5269	304
19101990121970	Gonzales, David Camp	47006	11474
19101990121970	Gonzales, David Camp	3890	1606
19101990121970	Gonzales, David Camp	144	205
19101990121970	Gonzales, David Camp	1524	98
19101990121970	Gonzales, David Camp	26744	7977
19101990121970	Gonzales, David Camp	177	44
19101990121970	Gonzales, David Camp	216	58
19101990121970	Gonzales, David Camp	319	44
19101990121970	Gonzales, David Camp	8723	1138
19101990121970	Gonzales, David Camp	680	121
19101990121970	Gonzales, David Camp	71415	16642
19101990121970	Gonzales, David Camp	8927	2879
19101990121988	Scott, Joseph Camp	10454	501
19101990121988	Scott, Joseph Camp	98515	19443
19101990121988	Scott, Joseph Camp	8501	2793
19101990121988	Scott, Joseph Camp	274	379
19101990121988	Scott, Joseph Camp	3034	173
19101990121988	Scott, Joseph Camp	57323	13493
19101990121988	Scott, Joseph Camp	352	93
19101990121988	Scott, Joseph Camp	456	97
19101990121988	Scott, Joseph Camp	714	79
19101990121988	Scott, Joseph Camp	17407	1835
19101990121988	Scott, Joseph Camp	16725	7944
19101990121988	Scott, Joseph Camp	5185	197
19101990121988	Scott, Joseph Camp	51509	7969
19101990121988	Scott, Joseph Camp	4611	1187
19101990121988	Scott, Joseph Camp	130	174
19101990121988	Scott, Joseph Camp	1510	75
19101990121988	Scott, Joseph Camp	30579	5516
19101990121988	Scott, Joseph Camp	175	49
19101990121988	Scott, Joseph Camp	240	39
19101990121988	Scott, Joseph Camp	395	35
19101990121988	Scott, Joseph Camp	8684	697
19101990121988	Scott, Joseph Camp	5269	304
19101990121988	Scott, Joseph Camp	47006	11474
19101990121988	Scott, Joseph Camp	3890	1606
19101990121988	Scott, Joseph Camp	144	205
19101990121988	Scott, Joseph Camp	1524	98
19101990121988	Scott, Joseph Camp	26744	7977
19101990121988	Scott, Joseph Camp	177	44
19101990121988	Scott, Joseph Camp	216	58
19101990121988	Scott, Joseph Camp	319	44
19101990121988	Scott, Joseph Camp	8723	1138
19101990121988	Scott, Joseph Camp	680	121
19101990121988	Scott, Joseph Camp	71415	16642
19101990121988	Scott, Joseph Camp	8927	2879
19101990121996	Scudder, Kenyon Camp	10454	501
19101990121996	Scudder, Kenyon Camp	98515	19443
19101990121996	Scudder, Kenyon Camp	8501	2793
19101990121996	Scudder, Kenyon Camp	274	379
19101990121996	Scudder, Kenyon Camp	3034	173
19101990121996	Scudder, Kenyon Camp	57323	13493
19101990121996	Scudder, Kenyon Camp	352	93
19101990121996	Scudder, Kenyon Camp	456	97
19101990121996	Scudder, Kenyon Camp	714	79
19101990121996	Scudder, Kenyon Camp	17407	1835
19101990121996	Scudder, Kenyon Camp	16725	7944
19101990121996	Scudder, Kenyon Camp	5185	197
19101990121996	Scudder, Kenyon Camp	51509	7969
19101990121996	Scudder, Kenyon Camp	4611	1187
19101990121996	Scudder, Kenyon Camp	130	174
19101990121996	Scudder, Kenyon Camp	1510	75
19101990121996	Scudder, Kenyon Camp	30579	5516
19101990121996	Scudder, Kenyon Camp	175	49
19101990121996	Scudder, Kenyon Camp	240	39
19101990121996	Scudder, Kenyon Camp	395	35
19101990121996	Scudder, Kenyon Camp	8684	697
19101990121996	Scudder, Kenyon Camp	5269	304
19101990121996	Scudder, Kenyon Camp	47006	11474
19101990121996	Scudder, Kenyon Camp	3890	1606
19101990121996	Scudder, Kenyon Camp	144	205
19101990121996	Scudder, Kenyon Camp	1524	98
19101990121996	Scudder, Kenyon Camp	26744	7977
19101990121996	Scudder, Kenyon Camp	177	44
19101990121996	Scudder, Kenyon Camp	216	58
19101990121996	Scudder, Kenyon Camp	319	44
19101990121996	Scudder, Kenyon Camp	8723	1138
19101990121996	Scudder, Kenyon Camp	680	121
19101990121996	Scudder, Kenyon Camp	71415	16642
19101990121996	Scudder, Kenyon Camp	8927	2879
19101990122002	Munz, John Camp	10454	501
19101990122002	Munz, John Camp	98515	19443
19101990122002	Munz, John Camp	8501	2793
19101990122002	Munz, John Camp	274	379
19101990122002	Munz, John Camp	3034	173
19101990122002	Munz, John Camp	57323	13493
19101990122002	Munz, John Camp	352	93
19101990122002	Munz, John Camp	456	97
19101990122002	Munz, John Camp	714	79
19101990122002	Munz, John Camp	17407	1835
19101990122002	Munz, John Camp	16725	7944
19101990122002	Munz, John Camp	5185	197
19101990122002	Munz, John Camp	51509	7969
19101990122002	Munz, John Camp	4611	1187
19101990122002	Munz, John Camp	130	174
19101990122002	Munz, John Camp	1510	75
19101990122002	Munz, John Camp	30579	5516
19101990122002	Munz, John Camp	175	49
19101990122002	Munz, John Camp	240	39
19101990122002	Munz, John Camp	395	35
19101990122002	Munz, John Camp	8684	697
19101990122002	Munz, John Camp	5269	304
19101990122002	Munz, John Camp	47006	11474
19101990122002	Munz, John Camp	3890	1606
19101990122002	Munz, John Camp	144	205
19101990122002	Munz, John Camp	1524	98
19101990122002	Munz, John Camp	26744	7977
19101990122002	Munz, John Camp	177	44
19101990122002	Munz, John Camp	216	58
19101990122002	Munz, John Camp	319	44
19101990122002	Munz, John Camp	8723	1138
19101990122002	Munz, John Camp	680	121
19101990122002	Munz, John Camp	71415	16642
19101990122002	Munz, John Camp	8927	2879
19101990122010	Mendenhall, William Camp	10454	501
19101990122010	Mendenhall, William Camp	98515	19443
19101990122010	Mendenhall, William Camp	8501	2793
19101990122010	Mendenhall, William Camp	274	379
19101990122010	Mendenhall, William Camp	3034	173
19101990122010	Mendenhall, William Camp	57323	13493
19101990122010	Mendenhall, William Camp	352	93
19101990122010	Mendenhall, William Camp	456	97
19101990122010	Mendenhall, William Camp	714	79
19101990122010	Mendenhall, William Camp	17407	1835
19101990122010	Mendenhall, William Camp	16725	7944
19101990122010	Mendenhall, William Camp	5185	197
19101990122010	Mendenhall, William Camp	51509	7969
19101990122010	Mendenhall, William Camp	4611	1187
19101990122010	Mendenhall, William Camp	130	174
19101990122010	Mendenhall, William Camp	1510	75
19101990122010	Mendenhall, William Camp	30579	5516
19101990122010	Mendenhall, William Camp	175	49
19101990122010	Mendenhall, William Camp	240	39
19101990122010	Mendenhall, William Camp	395	35
19101990122010	Mendenhall, William Camp	8684	697
19101990122010	Mendenhall, William Camp	5269	304
19101990122010	Mendenhall, William Camp	47006	11474
19101990122010	Mendenhall, William Camp	3890	1606
19101990122010	Mendenhall, William Camp	144	205
19101990122010	Mendenhall, William Camp	1524	98
19101990122010	Mendenhall, William Camp	26744	7977
19101990122010	Mendenhall, William Camp	177	44
19101990122010	Mendenhall, William Camp	216	58
19101990122010	Mendenhall, William Camp	319	44
19101990122010	Mendenhall, William Camp	8723	1138
19101990122010	Mendenhall, William Camp	680	121
19101990122010	Mendenhall, William Camp	71415	16642
19101990122010	Mendenhall, William Camp	8927	2879
19101990122028	Onizuka Camp	10454	501
19101990122028	Onizuka Camp	98515	19443
19101990122028	Onizuka Camp	8501	2793
19101990122028	Onizuka Camp	274	379
19101990122028	Onizuka Camp	3034	173
19101990122028	Onizuka Camp	57323	13493
19101990122028	Onizuka Camp	352	93
19101990122028	Onizuka Camp	456	97
19101990122028	Onizuka Camp	714	79
19101990122028	Onizuka Camp	17407	1835
19101990122028	Onizuka Camp	16725	7944
19101990122028	Onizuka Camp	5185	197
19101990122028	Onizuka Camp	51509	7969
19101990122028	Onizuka Camp	4611	1187
19101990122028	Onizuka Camp	130	174
19101990122028	Onizuka Camp	1510	75
19101990122028	Onizuka Camp	30579	5516
19101990122028	Onizuka Camp	175	49
19101990122028	Onizuka Camp	240	39
19101990122028	Onizuka Camp	395	35
19101990122028	Onizuka Camp	8684	697
19101990122028	Onizuka Camp	5269	304
19101990122028	Onizuka Camp	47006	11474
19101990122028	Onizuka Camp	3890	1606
19101990122028	Onizuka Camp	144	205
19101990122028	Onizuka Camp	1524	98
19101990122028	Onizuka Camp	26744	7977
19101990122028	Onizuka Camp	177	44
19101990122028	Onizuka Camp	216	58
19101990122028	Onizuka Camp	319	44
19101990122028	Onizuka Camp	8723	1138
19101990122028	Onizuka Camp	680	121
19101990122028	Onizuka Camp	71415	16642
19101990122028	Onizuka Camp	8927	2879
19101990122036	McNair Camp	10454	501
19101990122036	McNair Camp	98515	19443
19101990122036	McNair Camp	8501	2793
19101990122036	McNair Camp	274	379
19101990122036	McNair Camp	3034	173
19101990122036	McNair Camp	57323	13493
19101990122036	McNair Camp	352	93
19101990122036	McNair Camp	456	97
19101990122036	McNair Camp	714	79
19101990122036	McNair Camp	17407	1835
19101990122036	McNair Camp	16725	7944
19101990122036	McNair Camp	5185	197
19101990122036	McNair Camp	51509	7969
19101990122036	McNair Camp	4611	1187
19101990122036	McNair Camp	130	174
19101990122036	McNair Camp	1510	75
19101990122036	McNair Camp	30579	5516
19101990122036	McNair Camp	175	49
19101990122036	McNair Camp	240	39
19101990122036	McNair Camp	395	35
19101990122036	McNair Camp	8684	697
19101990122036	McNair Camp	5269	304
19101990122036	McNair Camp	47006	11474
19101990122036	McNair Camp	3890	1606
19101990122036	McNair Camp	144	205
19101990122036	McNair Camp	1524	98
19101990122036	McNair Camp	26744	7977
19101990122036	McNair Camp	177	44
19101990122036	McNair Camp	216	58
19101990122036	McNair Camp	319	44
19101990122036	McNair Camp	8723	1138
19101990122036	McNair Camp	680	121
19101990122036	McNair Camp	71415	16642
19101990122036	McNair Camp	8927	2879
19101990122044	Jarvis Camp	10454	501
19101990122044	Jarvis Camp	98515	19443
19101990122044	Jarvis Camp	8501	2793
19101990122044	Jarvis Camp	274	379
19101990122044	Jarvis Camp	3034	173
19101990122044	Jarvis Camp	57323	13493
19101990122044	Jarvis Camp	352	93
19101990122044	Jarvis Camp	456	97
19101990122044	Jarvis Camp	714	79
19101990122044	Jarvis Camp	17407	1835
19101990122044	Jarvis Camp	16725	7944
19101990122044	Jarvis Camp	5185	197
19101990122044	Jarvis Camp	51509	7969
19101990122044	Jarvis Camp	4611	1187
19101990122044	Jarvis Camp	130	174
19101990122044	Jarvis Camp	1510	75
19101990122044	Jarvis Camp	30579	5516
19101990122044	Jarvis Camp	175	49
19101990122044	Jarvis Camp	240	39
19101990122044	Jarvis Camp	395	35
19101990122044	Jarvis Camp	8684	697
19101990122044	Jarvis Camp	5269	304
19101990122044	Jarvis Camp	47006	11474
19101990122044	Jarvis Camp	3890	1606
19101990122044	Jarvis Camp	144	205
19101990122044	Jarvis Camp	1524	98
19101990122044	Jarvis Camp	26744	7977
19101990122044	Jarvis Camp	177	44
19101990122044	Jarvis Camp	216	58
19101990122044	Jarvis Camp	319	44
19101990122044	Jarvis Camp	8723	1138
19101990122044	Jarvis Camp	680	121
19101990122044	Jarvis Camp	71415	16642
19101990122044	Jarvis Camp	8927	2879
19101990123604	Phoenix Academy Residential Education Center	10454	501
19101990123604	Phoenix Academy Residential Education Center	98515	19443
19101990123604	Phoenix Academy Residential Education Center	8501	2793
19101990123604	Phoenix Academy Residential Education Center	274	379
19101990123604	Phoenix Academy Residential Education Center	3034	173
19101990123604	Phoenix Academy Residential Education Center	57323	13493
19101990123604	Phoenix Academy Residential Education Center	352	93
19101990123604	Phoenix Academy Residential Education Center	456	97
19101990123604	Phoenix Academy Residential Education Center	714	79
19101990123604	Phoenix Academy Residential Education Center	17407	1835
19101990123604	Phoenix Academy Residential Education Center	16725	7944
19101990123604	Phoenix Academy Residential Education Center	5185	197
19101990123604	Phoenix Academy Residential Education Center	51509	7969
19101990123604	Phoenix Academy Residential Education Center	4611	1187
19101990123604	Phoenix Academy Residential Education Center	130	174
19101990123604	Phoenix Academy Residential Education Center	1510	75
19101990123604	Phoenix Academy Residential Education Center	30579	5516
19101990123604	Phoenix Academy Residential Education Center	175	49
19101990123604	Phoenix Academy Residential Education Center	240	39
19101990123604	Phoenix Academy Residential Education Center	395	35
19101990123604	Phoenix Academy Residential Education Center	8684	697
19101990123604	Phoenix Academy Residential Education Center	5269	304
19101990123604	Phoenix Academy Residential Education Center	47006	11474
19101990123604	Phoenix Academy Residential Education Center	3890	1606
19101990123604	Phoenix Academy Residential Education Center	144	205
19101990123604	Phoenix Academy Residential Education Center	1524	98
19101990123604	Phoenix Academy Residential Education Center	26744	7977
19101990123604	Phoenix Academy Residential Education Center	177	44
19101990123604	Phoenix Academy Residential Education Center	216	58
19101990123604	Phoenix Academy Residential Education Center	319	44
19101990123604	Phoenix Academy Residential Education Center	8723	1138
19101990123604	Phoenix Academy Residential Education Center	680	121
19101990123604	Phoenix Academy Residential Education Center	71415	16642
19101990123604	Phoenix Academy Residential Education Center	8927	2879
19101990123612	Pacific Lodge Residential Education Center	10454	501
19101990123612	Pacific Lodge Residential Education Center	98515	19443
19101990123612	Pacific Lodge Residential Education Center	8501	2793
19101990123612	Pacific Lodge Residential Education Center	274	379
19101990123612	Pacific Lodge Residential Education Center	3034	173
19101990123612	Pacific Lodge Residential Education Center	57323	13493
19101990123612	Pacific Lodge Residential Education Center	352	93
19101990123612	Pacific Lodge Residential Education Center	456	97
19101990123612	Pacific Lodge Residential Education Center	714	79
19101990123612	Pacific Lodge Residential Education Center	17407	1835
19101990123612	Pacific Lodge Residential Education Center	16725	7944
19101990123612	Pacific Lodge Residential Education Center	5185	197
19101990123612	Pacific Lodge Residential Education Center	51509	7969
19101990123612	Pacific Lodge Residential Education Center	4611	1187
19101990123612	Pacific Lodge Residential Education Center	130	174
19101990123612	Pacific Lodge Residential Education Center	1510	75
19101990123612	Pacific Lodge Residential Education Center	30579	5516
19101990123612	Pacific Lodge Residential Education Center	175	49
19101990123612	Pacific Lodge Residential Education Center	240	39
19101990123612	Pacific Lodge Residential Education Center	395	35
19101990123612	Pacific Lodge Residential Education Center	8684	697
19101990123612	Pacific Lodge Residential Education Center	5269	304
19101990123612	Pacific Lodge Residential Education Center	47006	11474
19101990123612	Pacific Lodge Residential Education Center	3890	1606
19101990123612	Pacific Lodge Residential Education Center	144	205
19101990123612	Pacific Lodge Residential Education Center	1524	98
19101990123612	Pacific Lodge Residential Education Center	26744	7977
19101990123612	Pacific Lodge Residential Education Center	177	44
19101990123612	Pacific Lodge Residential Education Center	216	58
19101990123612	Pacific Lodge Residential Education Center	319	44
19101990123612	Pacific Lodge Residential Education Center	8723	1138
19101990123612	Pacific Lodge Residential Education Center	680	121
19101990123612	Pacific Lodge Residential Education Center	71415	16642
19101990123612	Pacific Lodge Residential Education Center	8927	2879
19101991933399	L.A. County High School for the Arts	10454	501
19101991933399	L.A. County High School for the Arts	98515	19443
19101991933399	L.A. County High School for the Arts	8501	2793
19101991933399	L.A. County High School for the Arts	274	379
19101991933399	L.A. County High School for the Arts	3034	173
19101991933399	L.A. County High School for the Arts	57323	13493
19101991933399	L.A. County High School for the Arts	352	93
19101991933399	L.A. County High School for the Arts	456	97
19101991933399	L.A. County High School for the Arts	714	79
19101991933399	L.A. County High School for the Arts	17407	1835
19101991933399	L.A. County High School for the Arts	16725	7944
19101991933399	L.A. County High School for the Arts	5185	197
19101991933399	L.A. County High School for the Arts	51509	7969
19101991933399	L.A. County High School for the Arts	4611	1187
19101991933399	L.A. County High School for the Arts	130	174
19101991933399	L.A. County High School for the Arts	1510	75
19101991933399	L.A. County High School for the Arts	30579	5516
19101991933399	L.A. County High School for the Arts	175	49
19101991933399	L.A. County High School for the Arts	240	39
19101991933399	L.A. County High School for the Arts	395	35
19101991933399	L.A. County High School for the Arts	8684	697
19101991933399	L.A. County High School for the Arts	5269	304
19101991933399	L.A. County High School for the Arts	47006	11474
19101991933399	L.A. County High School for the Arts	3890	1606
19101991933399	L.A. County High School for the Arts	144	205
19101991933399	L.A. County High School for the Arts	1524	98
19101991933399	L.A. County High School for the Arts	26744	7977
19101991933399	L.A. County High School for the Arts	177	44
19101991933399	L.A. County High School for the Arts	216	58
19101991933399	L.A. County High School for the Arts	319	44
19101991933399	L.A. County High School for the Arts	8723	1138
19101991933399	L.A. County High School for the Arts	680	121
19101991933399	L.A. County High School for the Arts	71415	16642
19101991933399	L.A. County High School for the Arts	8927	2879
19101991995232	Los Angeles County Special Education	10454	501
19101991995232	Los Angeles County Special Education	98515	19443
19101991995232	Los Angeles County Special Education	8501	2793
19101991995232	Los Angeles County Special Education	274	379
19101991995232	Los Angeles County Special Education	3034	173
19101991995232	Los Angeles County Special Education	57323	13493
19101991995232	Los Angeles County Special Education	352	93
19101991995232	Los Angeles County Special Education	456	97
19101991995232	Los Angeles County Special Education	714	79
19101991995232	Los Angeles County Special Education	17407	1835
19101991995232	Los Angeles County Special Education	16725	7944
19101991995232	Los Angeles County Special Education	5185	197
19101991995232	Los Angeles County Special Education	51509	7969
19101991995232	Los Angeles County Special Education	4611	1187
19101991995232	Los Angeles County Special Education	130	174
19101991995232	Los Angeles County Special Education	1510	75
19101991995232	Los Angeles County Special Education	30579	5516
19101991995232	Los Angeles County Special Education	175	49
19101991995232	Los Angeles County Special Education	240	39
19101991995232	Los Angeles County Special Education	395	35
19101991995232	Los Angeles County Special Education	8684	697
19101991995232	Los Angeles County Special Education	5269	304
19101991995232	Los Angeles County Special Education	47006	11474
19101991995232	Los Angeles County Special Education	3890	1606
19101991995232	Los Angeles County Special Education	144	205
19101991995232	Los Angeles County Special Education	1524	98
19101991995232	Los Angeles County Special Education	26744	7977
19101991995232	Los Angeles County Special Education	177	44
19101991995232	Los Angeles County Special Education	216	58
19101991995232	Los Angeles County Special Education	319	44
19101991995232	Los Angeles County Special Education	8723	1138
19101991995232	Los Angeles County Special Education	680	121
19101991995232	Los Angeles County Special Education	71415	16642
19101991995232	Los Angeles County Special Education	8927	2879
19101991995257	Alternative Opportunity Programs	10454	501
19101991995257	Alternative Opportunity Programs	98515	19443
19101991995257	Alternative Opportunity Programs	8501	2793
19101991995257	Alternative Opportunity Programs	274	379
19101991995257	Alternative Opportunity Programs	3034	173
19101991995257	Alternative Opportunity Programs	57323	13493
19101991995257	Alternative Opportunity Programs	352	93
19101991995257	Alternative Opportunity Programs	456	97
19101991995257	Alternative Opportunity Programs	714	79
19101991995257	Alternative Opportunity Programs	17407	1835
19101991995257	Alternative Opportunity Programs	16725	7944
19101991995257	Alternative Opportunity Programs	5185	197
19101991995257	Alternative Opportunity Programs	51509	7969
19101991995257	Alternative Opportunity Programs	4611	1187
19101991995257	Alternative Opportunity Programs	130	174
19101991995257	Alternative Opportunity Programs	1510	75
19101991995257	Alternative Opportunity Programs	30579	5516
19101991995257	Alternative Opportunity Programs	175	49
19101991995257	Alternative Opportunity Programs	240	39
19101991995257	Alternative Opportunity Programs	395	35
19101991995257	Alternative Opportunity Programs	8684	697
19101991995257	Alternative Opportunity Programs	5269	304
19101991995257	Alternative Opportunity Programs	47006	11474
19101991995257	Alternative Opportunity Programs	3890	1606
19101991995257	Alternative Opportunity Programs	144	205
19101991995257	Alternative Opportunity Programs	1524	98
19101991995257	Alternative Opportunity Programs	26744	7977
19101991995257	Alternative Opportunity Programs	177	44
19101991995257	Alternative Opportunity Programs	216	58
19101991995257	Alternative Opportunity Programs	319	44
19101991995257	Alternative Opportunity Programs	8723	1138
19101991995257	Alternative Opportunity Programs	680	121
19101991995257	Alternative Opportunity Programs	71415	16642
19101991995257	Alternative Opportunity Programs	8927	2879
19101991995869	International Polytechnic High	10454	501
19101991995869	International Polytechnic High	98515	19443
19101991995869	International Polytechnic High	8501	2793
19101991995869	International Polytechnic High	274	379
19101991995869	International Polytechnic High	3034	173
19101991995869	International Polytechnic High	57323	13493
19101991995869	International Polytechnic High	352	93
19101991995869	International Polytechnic High	456	97
19101991995869	International Polytechnic High	714	79
19101991995869	International Polytechnic High	17407	1835
19101991995869	International Polytechnic High	16725	7944
19101991995869	International Polytechnic High	5185	197
19101991995869	International Polytechnic High	51509	7969
19101991995869	International Polytechnic High	4611	1187
19101991995869	International Polytechnic High	130	174
19101991995869	International Polytechnic High	1510	75
19101991995869	International Polytechnic High	30579	5516
19101991995869	International Polytechnic High	175	49
19101991995869	International Polytechnic High	240	39
19101991995869	International Polytechnic High	395	35
19101991995869	International Polytechnic High	8684	697
19101991995869	International Polytechnic High	5269	304
19101991995869	International Polytechnic High	47006	11474
19101991995869	International Polytechnic High	3890	1606
19101991995869	International Polytechnic High	144	205
19101991995869	International Polytechnic High	1524	98
19101991995869	International Polytechnic High	26744	7977
19101991995869	International Polytechnic High	177	44
19101991995869	International Polytechnic High	216	58
19101991995869	International Polytechnic High	319	44
19101991995869	International Polytechnic High	8723	1138
19101991995869	International Polytechnic High	680	121
19101991995869	International Polytechnic High	71415	16642
19101991995869	International Polytechnic High	8927	2879
19101991996008	Soledad Enrichment Action Charter High	10454	501
19101991996008	Soledad Enrichment Action Charter High	98515	19443
19101991996008	Soledad Enrichment Action Charter High	8501	2793
19101991996008	Soledad Enrichment Action Charter High	274	379
19101991996008	Soledad Enrichment Action Charter High	3034	173
19101991996008	Soledad Enrichment Action Charter High	57323	13493
19101991996008	Soledad Enrichment Action Charter High	352	93
19101991996008	Soledad Enrichment Action Charter High	456	97
19101991996008	Soledad Enrichment Action Charter High	714	79
19101991996008	Soledad Enrichment Action Charter High	17407	1835
19101991996008	Soledad Enrichment Action Charter High	16725	7944
19101991996008	Soledad Enrichment Action Charter High	5185	197
19101991996008	Soledad Enrichment Action Charter High	51509	7969
19101991996008	Soledad Enrichment Action Charter High	4611	1187
19101991996008	Soledad Enrichment Action Charter High	130	174
19101991996008	Soledad Enrichment Action Charter High	1510	75
19101991996008	Soledad Enrichment Action Charter High	30579	5516
19101991996008	Soledad Enrichment Action Charter High	175	49
19101991996008	Soledad Enrichment Action Charter High	240	39
19101991996008	Soledad Enrichment Action Charter High	395	35
19101991996008	Soledad Enrichment Action Charter High	8684	697
19101991996008	Soledad Enrichment Action Charter High	5269	304
19101991996008	Soledad Enrichment Action Charter High	47006	11474
19101991996008	Soledad Enrichment Action Charter High	3890	1606
19101991996008	Soledad Enrichment Action Charter High	144	205
19101991996008	Soledad Enrichment Action Charter High	1524	98
19101991996008	Soledad Enrichment Action Charter High	26744	7977
19101991996008	Soledad Enrichment Action Charter High	177	44
19101991996008	Soledad Enrichment Action Charter High	216	58
19101991996008	Soledad Enrichment Action Charter High	319	44
19101991996008	Soledad Enrichment Action Charter High	8723	1138
19101991996008	Soledad Enrichment Action Charter High	680	121
19101991996008	Soledad Enrichment Action Charter High	71415	16642
19101991996008	Soledad Enrichment Action Charter High	8927	2879
19101991996172	East Los Angeles Community Day	10454	501
19101991996172	East Los Angeles Community Day	98515	19443
19101991996172	East Los Angeles Community Day	8501	2793
19101991996172	East Los Angeles Community Day	274	379
19101991996172	East Los Angeles Community Day	3034	173
19101991996172	East Los Angeles Community Day	57323	13493
19101991996172	East Los Angeles Community Day	352	93
19101991996172	East Los Angeles Community Day	456	97
19101991996172	East Los Angeles Community Day	714	79
19101991996172	East Los Angeles Community Day	17407	1835
19101991996172	East Los Angeles Community Day	16725	7944
19101991996172	East Los Angeles Community Day	5185	197
19101991996172	East Los Angeles Community Day	51509	7969
19101991996172	East Los Angeles Community Day	4611	1187
19101991996172	East Los Angeles Community Day	130	174
19101991996172	East Los Angeles Community Day	1510	75
19101991996172	East Los Angeles Community Day	30579	5516
19101991996172	East Los Angeles Community Day	175	49
19101991996172	East Los Angeles Community Day	240	39
19101991996172	East Los Angeles Community Day	395	35
19101991996172	East Los Angeles Community Day	8684	697
19101991996172	East Los Angeles Community Day	5269	304
19101991996172	East Los Angeles Community Day	47006	11474
19101991996172	East Los Angeles Community Day	3890	1606
19101991996172	East Los Angeles Community Day	144	205
19101991996172	East Los Angeles Community Day	1524	98
19101991996172	East Los Angeles Community Day	26744	7977
19101991996172	East Los Angeles Community Day	177	44
19101991996172	East Los Angeles Community Day	216	58
19101991996172	East Los Angeles Community Day	319	44
19101991996172	East Los Angeles Community Day	8723	1138
19101991996172	East Los Angeles Community Day	680	121
19101991996172	East Los Angeles Community Day	71415	16642
19101991996172	East Los Angeles Community Day	8927	2879
19101991996180	Eastern Community Day	10454	501
19101991996180	Eastern Community Day	98515	19443
19101991996180	Eastern Community Day	8501	2793
19101991996180	Eastern Community Day	274	379
19101991996180	Eastern Community Day	3034	173
19101991996180	Eastern Community Day	57323	13493
19101991996180	Eastern Community Day	352	93
19101991996180	Eastern Community Day	456	97
19101991996180	Eastern Community Day	714	79
19101991996180	Eastern Community Day	17407	1835
19101991996180	Eastern Community Day	16725	7944
19101991996180	Eastern Community Day	5185	197
19101991996180	Eastern Community Day	51509	7969
19101991996180	Eastern Community Day	4611	1187
19101991996180	Eastern Community Day	130	174
19101991996180	Eastern Community Day	1510	75
19101991996180	Eastern Community Day	30579	5516
19101991996180	Eastern Community Day	175	49
19101991996180	Eastern Community Day	240	39
19101991996180	Eastern Community Day	395	35
19101991996180	Eastern Community Day	8684	697
19101991996180	Eastern Community Day	5269	304
19101991996180	Eastern Community Day	47006	11474
19101991996180	Eastern Community Day	3890	1606
19101991996180	Eastern Community Day	144	205
19101991996180	Eastern Community Day	1524	98
19101991996180	Eastern Community Day	26744	7977
19101991996180	Eastern Community Day	177	44
19101991996180	Eastern Community Day	216	58
19101991996180	Eastern Community Day	319	44
19101991996180	Eastern Community Day	8723	1138
19101991996180	Eastern Community Day	680	121
19101991996180	Eastern Community Day	71415	16642
19101991996180	Eastern Community Day	8927	2879
19101991996214	Renaissance Community Day	10454	501
19101991996214	Renaissance Community Day	98515	19443
19101991996214	Renaissance Community Day	8501	2793
19101991996214	Renaissance Community Day	274	379
19101991996214	Renaissance Community Day	3034	173
19101991996214	Renaissance Community Day	57323	13493
19101991996214	Renaissance Community Day	352	93
19101991996214	Renaissance Community Day	456	97
19101991996214	Renaissance Community Day	714	79
19101991996214	Renaissance Community Day	17407	1835
19101991996214	Renaissance Community Day	16725	7944
19101991996214	Renaissance Community Day	5185	197
19101991996214	Renaissance Community Day	51509	7969
19101991996214	Renaissance Community Day	4611	1187
19101991996214	Renaissance Community Day	130	174
19101991996214	Renaissance Community Day	1510	75
19101991996214	Renaissance Community Day	30579	5516
19101991996214	Renaissance Community Day	175	49
19101991996214	Renaissance Community Day	240	39
19101991996214	Renaissance Community Day	395	35
19101991996214	Renaissance Community Day	8684	697
19101991996214	Renaissance Community Day	5269	304
19101991996214	Renaissance Community Day	47006	11474
19101991996214	Renaissance Community Day	3890	1606
19101991996214	Renaissance Community Day	144	205
19101991996214	Renaissance Community Day	1524	98
19101991996214	Renaissance Community Day	26744	7977
19101991996214	Renaissance Community Day	177	44
19101991996214	Renaissance Community Day	216	58
19101991996214	Renaissance Community Day	319	44
19101991996214	Renaissance Community Day	8723	1138
19101991996214	Renaissance Community Day	680	121
19101991996214	Renaissance Community Day	71415	16642
19101991996214	Renaissance Community Day	8927	2879
19642120000000	ABC Unified	1533	44
19642120000000	ABC Unified	519	25
19642120000000	ABC Unified	177	21
19642120000000	ABC Unified	767	23
19642120000000	ABC Unified	265	15
19642120000000	ABC Unified	766	21
19642120000000	ABC Unified	740	34
19642121931641	Tracy (Wilbur) High (Continuation)	1533	44
19642121931641	Tracy (Wilbur) High (Continuation)	519	25
19642121931641	Tracy (Wilbur) High (Continuation)	177	21
19642121931641	Tracy (Wilbur) High (Continuation)	767	23
19642121931641	Tracy (Wilbur) High (Continuation)	265	15
19642121931641	Tracy (Wilbur) High (Continuation)	766	21
19642121931641	Tracy (Wilbur) High (Continuation)	740	34
19642121995596	ABC Secondary (Alternative)	1533	44
19642121995596	ABC Secondary (Alternative)	519	25
19642121995596	ABC Secondary (Alternative)	177	21
19642121995596	ABC Secondary (Alternative)	767	23
19642121995596	ABC Secondary (Alternative)	265	15
19642121995596	ABC Secondary (Alternative)	766	21
19642121995596	ABC Secondary (Alternative)	740	34
19642460000000	Antelope Valley Union High	4093	575
19642460000000	Antelope Valley Union High	717	172
19642460000000	Antelope Valley Union High	2177	285
19642460000000	Antelope Valley Union High	979	91
19642460000000	Antelope Valley Union High	1037	177
19642460000000	Antelope Valley Union High	2191	225
19642460000000	Antelope Valley Union High	402	58
19642460000000	Antelope Valley Union High	1167	117
19642460000000	Antelope Valley Union High	507	38
19642460000000	Antelope Valley Union High	1902	350
19642460000000	Antelope Valley Union High	315	114
19642460000000	Antelope Valley Union High	1010	168
19642460000000	Antelope Valley Union High	472	53
19642460000000	Antelope Valley Union High	2835	465
19642460000000	Antelope Valley Union High	383	140
19642460100081	William J. (Pete) Knight High	622	43
19642460100081	William J. (Pete) Knight High	437	32
19642460100081	William J. (Pete) Knight High	227	17
19642460100081	William J. (Pete) Knight High	319	21
19642460100081	William J. (Pete) Knight High	219	20
19642460100081	William J. (Pete) Knight High	303	22
19642460100081	William J. (Pete) Knight High	218	12
19642460100081	William J. (Pete) Knight High	498	40
19642460108407	Eastside High	457	38
19642460108407	Eastside High	121	14
19642460108407	Eastside High	250	18
19642460108407	Eastside High	143	14
19642460108407	Eastside High	248	20
19642460108407	Eastside High	140	12
19642460108407	Eastside High	209	18
19642460108407	Eastside High	379	31
19642460108407	Eastside High	44	14
19642460115337	Los Angeles County Online High	60	127
19642460115337	Los Angeles County Online High	33	46
19642460115337	Los Angeles County Online High	37	67
19642460115337	Los Angeles County Online High	21	23
19642460115337	Los Angeles County Online High	23	60
19642460115337	Los Angeles County Online High	12	23
19642460115337	Los Angeles County Online High	21	78
19642460115337	Los Angeles County Online High	60	127
19642460115337	Los Angeles County Online High	33	46
19642460115337	Los Angeles County Online High	37	67
19642460115337	Los Angeles County Online High	21	23
19642460115337	Los Angeles County Online High	23	60
19642460115337	Los Angeles County Online High	12	23
19642460115337	Los Angeles County Online High	21	78
19642461930213	Antelope Valley High	328	49
19642461930213	Antelope Valley High	103	22
19642461930213	Antelope Valley High	179	18
19642461930213	Antelope Valley High	86	12
19642461930213	Antelope Valley High	185	19
19642461930213	Antelope Valley High	143	30
19642461930213	Antelope Valley High	45	14
19642461930213	Antelope Valley High	77	12
19642461930213	Antelope Valley High	291	32
19642461930213	Antelope Valley High	52	24
19642461931732	Desert Winds Continuation High	4093	575
19642461931732	Desert Winds Continuation High	717	172
19642461931732	Desert Winds Continuation High	2177	285
19642461931732	Desert Winds Continuation High	979	91
19642461931732	Desert Winds Continuation High	1037	177
19642461931732	Desert Winds Continuation High	2191	225
19642461931732	Desert Winds Continuation High	402	58
19642461931732	Desert Winds Continuation High	1167	117
19642461931732	Desert Winds Continuation High	507	38
19642461931732	Desert Winds Continuation High	1902	350
19642461931732	Desert Winds Continuation High	315	114
19642461931732	Desert Winds Continuation High	1010	168
19642461931732	Desert Winds Continuation High	472	53
19642461931732	Desert Winds Continuation High	2835	465
19642461931732	Desert Winds Continuation High	383	140
19642461936624	Palmdale High	490	83
19642461936624	Palmdale High	70	23
19642461936624	Palmdale High	352	50
19642461936624	Palmdale High	236	32
19642461936624	Palmdale High	264	35
19642461936624	Palmdale High	189	21
19642461936624	Palmdale High	226	48
19642461936624	Palmdale High	33	15
19642461936624	Palmdale High	163	29
19642461936624	Palmdale High	421	70
19642461936624	Palmdale High	52	21
19642461937051	Quartz Hill High	666	34
19642461937051	Quartz Hill High	375	21
19642461937051	Quartz Hill High	354	15
19642461937051	Quartz Hill High	204	12
19642461937051	Quartz Hill High	312	19
19642461937051	Quartz Hill High	250	19
19642461995398	Highland High	613	30
19642461995398	Highland High	304	12
19642461995398	Highland High	316	11
19642461995398	Highland High	297	19
19642461995398	Highland High	345	18
19642461995406	Littlerock High	297	50
19642461995406	Littlerock High	214	31
19642461995406	Littlerock High	119	23
19642461995406	Littlerock High	172	25
19642461995406	Littlerock High	124	14
19642461995406	Littlerock High	125	25
19642461995406	Littlerock High	90	17
19642461995406	Littlerock High	257	43
19642461995844	Lancaster High	492	43
19642461995844	Lancaster High	124	15
19642461995844	Lancaster High	205	15
19642461995844	Lancaster High	60	12
19642461995844	Lancaster High	264	18
19642461995844	Lancaster High	228	25
19642461995844	Lancaster High	297	27
19642461995844	Lancaster High	33	16
19642461995968	Phoenix High Community Day	4093	575
19642461995968	Phoenix High Community Day	717	172
19642461995968	Phoenix High Community Day	2177	285
19642461995968	Phoenix High Community Day	979	91
19642461995968	Phoenix High Community Day	1037	177
19642461995968	Phoenix High Community Day	2191	225
19642461995968	Phoenix High Community Day	402	58
19642461995968	Phoenix High Community Day	1167	117
19642461995968	Phoenix High Community Day	507	38
19642461995968	Phoenix High Community Day	1902	350
19642461995968	Phoenix High Community Day	315	114
19642461995968	Phoenix High Community Day	1010	168
19642461995968	Phoenix High Community Day	472	53
19642461995968	Phoenix High Community Day	2835	465
19642461995968	Phoenix High Community Day	383	140
19642461996537	Desert Sands Charter	49	391
19642461996537	Desert Sands Charter	22	204
19642461996537	Desert Sands Charter	17	95
19642461996537	Desert Sands Charter	34	193
19642461996537	Desert Sands Charter	15	101
19642461996537	Desert Sands Charter	12	44
19642461996537	Desert Sands Charter	15	198
19642461996537	Desert Sands Charter	40	343
19642461996537	Desert Sands Charter	49	391
19642461996537	Desert Sands Charter	22	204
19642461996537	Desert Sands Charter	17	95
19642461996537	Desert Sands Charter	34	193
19642461996537	Desert Sands Charter	15	101
19642461996537	Desert Sands Charter	12	44
19642461996537	Desert Sands Charter	15	198
19642461996537	Desert Sands Charter	40	343
19642461996644	R. Rex Parris High	4093	575
19642461996644	R. Rex Parris High	717	172
19642461996644	R. Rex Parris High	2177	285
19642461996644	R. Rex Parris High	979	91
19642461996644	R. Rex Parris High	1037	177
19642461996644	R. Rex Parris High	2191	225
19642461996644	R. Rex Parris High	402	58
19642461996644	R. Rex Parris High	1167	117
19642461996644	R. Rex Parris High	507	38
19642461996644	R. Rex Parris High	1902	350
19642461996644	R. Rex Parris High	315	114
19642461996644	R. Rex Parris High	1010	168
19642461996644	R. Rex Parris High	472	53
19642461996644	R. Rex Parris High	2835	465
19642461996644	R. Rex Parris High	383	140
19642790000000	Azusa Unified	667	39
19642790000000	Azusa Unified	590	37
19642790000000	Azusa Unified	188	24
19642790000000	Azusa Unified	337	16
19642790000000	Azusa Unified	303	15
19642790000000	Azusa Unified	330	23
19642790000000	Azusa Unified	287	22
19642790000000	Azusa Unified	565	38
19642791930528	Azusa High	282	12
19642791930528	Azusa High	245	12
19642791930528	Azusa High	238	12
19642791931765	Sierra High	667	39
19642791931765	Sierra High	590	37
19642791931765	Sierra High	188	24
19642791931765	Sierra High	337	16
19642791931765	Sierra High	303	15
19642791931765	Sierra High	330	23
19642791931765	Sierra High	287	22
19642791931765	Sierra High	565	38
19642870000000	Baldwin Park Unified	960	112
19642870000000	Baldwin Park Unified	854	105
19642870000000	Baldwin Park Unified	203	49
19642870000000	Baldwin Park Unified	519	49
19642870000000	Baldwin Park Unified	473	47
19642870000000	Baldwin Park Unified	441	63
19642870000000	Baldwin Park Unified	381	58
19642870000000	Baldwin Park Unified	948	105
19642870000000	Baldwin Park Unified	80	12
19642870114397	Opportunities For Learning - Baldwin Park II	111	330
19642870114397	Opportunities For Learning - Baldwin Park II	19	53
19642870114397	Opportunities For Learning - Baldwin Park II	75	259
19642870114397	Opportunities For Learning - Baldwin Park II	21	133
19642870114397	Opportunities For Learning - Baldwin Park II	75	135
19642870114397	Opportunities For Learning - Baldwin Park II	14	25
19642870114397	Opportunities For Learning - Baldwin Park II	47	102
19642870114397	Opportunities For Learning - Baldwin Park II	36	195
19642870114397	Opportunities For Learning - Baldwin Park II	28	157
19642870114397	Opportunities For Learning - Baldwin Park II	100	318
19642870114397	Opportunities For Learning - Baldwin Park II	111	330
19642870114397	Opportunities For Learning - Baldwin Park II	19	53
19642870114397	Opportunities For Learning - Baldwin Park II	75	259
19642870114397	Opportunities For Learning - Baldwin Park II	21	133
19642870114397	Opportunities For Learning - Baldwin Park II	75	135
19642870114397	Opportunities For Learning - Baldwin Park II	14	25
19642870114397	Opportunities For Learning - Baldwin Park II	47	102
19642870114397	Opportunities For Learning - Baldwin Park II	36	195
19642870114397	Opportunities For Learning - Baldwin Park II	28	157
19642870114397	Opportunities For Learning - Baldwin Park II	100	318
19642871930601	Baldwin Park High	438	52
19642871930601	Baldwin Park High	391	51
19642871930601	Baldwin Park High	92	16
19642871930601	Baldwin Park High	235	22
19642871930601	Baldwin Park High	216	22
19642871930601	Baldwin Park High	203	30
19642871930601	Baldwin Park High	175	29
19642871930601	Baldwin Park High	431	47
19642871936384	North Park Continuation High	960	112
19642871936384	North Park Continuation High	854	105
19642871936384	North Park Continuation High	203	49
19642871936384	North Park Continuation High	519	49
19642871936384	North Park Continuation High	473	47
19642871936384	North Park Continuation High	441	63
19642871936384	North Park Continuation High	381	58
19642871936384	North Park Continuation High	948	105
19642871936384	North Park Continuation High	80	12
19642871938166	Sierra Vista High	403	30
19642871938166	Sierra Vista High	349	26
19642871938166	Sierra Vista High	62	17
19642871938166	Sierra Vista High	229	15
19642871938166	Sierra Vista High	204	13
19642871938166	Sierra Vista High	174	15
19642871938166	Sierra Vista High	145	13
19642871938166	Sierra Vista High	399	29
19642871996479	Opportunities for Learning - Baldwin Park	213	220
19642871996479	Opportunities for Learning - Baldwin Park	12	18
19642871996479	Opportunities for Learning - Baldwin Park	131	161
19642871996479	Opportunities for Learning - Baldwin Park	56	28
19642871996479	Opportunities for Learning - Baldwin Park	19	56
19642871996479	Opportunities for Learning - Baldwin Park	130	100
19642871996479	Opportunities for Learning - Baldwin Park	85	73
19642871996479	Opportunities for Learning - Baldwin Park	83	120
19642871996479	Opportunities for Learning - Baldwin Park	46	88
19642871996479	Opportunities for Learning - Baldwin Park	25	18
19642871996479	Opportunities for Learning - Baldwin Park	177	204
19642871996479	Opportunities for Learning - Baldwin Park	213	220
19642871996479	Opportunities for Learning - Baldwin Park	12	18
19642871996479	Opportunities for Learning - Baldwin Park	131	161
19642871996479	Opportunities for Learning - Baldwin Park	56	28
19642871996479	Opportunities for Learning - Baldwin Park	19	56
19642871996479	Opportunities for Learning - Baldwin Park	130	100
19642871996479	Opportunities for Learning - Baldwin Park	85	73
19642871996479	Opportunities for Learning - Baldwin Park	83	120
19642871996479	Opportunities for Learning - Baldwin Park	46	88
19642871996479	Opportunities for Learning - Baldwin Park	25	18
19642871996479	Opportunities for Learning - Baldwin Park	177	204
19642950000000	Bassett Unified	270	17
19642950000000	Bassett Unified	252	15
19642950000000	Bassett Unified	241	14
19642951936491	Nueva Vista Continuation High	270	17
19642951936491	Nueva Vista Continuation High	252	15
19642951936491	Nueva Vista Continuation High	241	14
19643030000000	Bellflower Unified	978	67
19643030000000	Bellflower Unified	168	14
19643030000000	Bellflower Unified	510	42
19643030000000	Bellflower Unified	140	20
19643030000000	Bellflower Unified	516	27
19643030000000	Bellflower Unified	269	21
19643030000000	Bellflower Unified	462	40
19643030000000	Bellflower Unified	241	21
19643030000000	Bellflower Unified	678	57
19643030000000	Bellflower Unified	74	13
19643031930775	Bellflower High	371	23
19643031930775	Bellflower High	247	18
19643031930775	Bellflower High	200	15
19643031930775	Bellflower High	131	11
19643031930775	Bellflower High	316	18
19643031935618	Mayfair High	504	13
19643031938190	Somerset Continuation High	978	67
19643031938190	Somerset Continuation High	168	14
19643031938190	Somerset Continuation High	510	42
19643031938190	Somerset Continuation High	140	20
19643031938190	Somerset Continuation High	516	27
19643031938190	Somerset Continuation High	269	21
19643031938190	Somerset Continuation High	462	40
19643031938190	Somerset Continuation High	241	21
19643031938190	Somerset Continuation High	678	57
19643031938190	Somerset Continuation High	74	13
19643031995679	Bellflower Alternative Education Center	978	67
19643031995679	Bellflower Alternative Education Center	168	14
19643031995679	Bellflower Alternative Education Center	510	42
19643031995679	Bellflower Alternative Education Center	140	20
19643031995679	Bellflower Alternative Education Center	516	27
19643031995679	Bellflower Alternative Education Center	269	21
19643031995679	Bellflower Alternative Education Center	462	40
19643031995679	Bellflower Alternative Education Center	241	21
19643031995679	Bellflower Alternative Education Center	678	57
19643031995679	Bellflower Alternative Education Center	74	13
19643110000000	Beverly Hills Unified	492	29
19643110000000	Beverly Hills Unified	340	22
19643110000000	Beverly Hills Unified	250	12
19643110000000	Beverly Hills Unified	242	17
19643110000000	Beverly Hills Unified	168	13
19643111930981	Beverly Hills High	482	24
19643111930981	Beverly Hills High	332	18
19643111930981	Beverly Hills High	247	11
19643111930981	Beverly Hills High	235	13
19643111931021	Moreno High (Continuation)	492	29
19643111931021	Moreno High (Continuation)	340	22
19643111931021	Moreno High (Continuation)	250	12
19643111931021	Moreno High (Continuation)	242	17
19643111931021	Moreno High (Continuation)	168	13
19643290000000	Bonita Unified	877	14
19643290000000	Bonita Unified	432	11
19643290000000	Bonita Unified	305	12
19643291937598	Chaparral High (Continuation)	877	14
19643291937598	Chaparral High (Continuation)	432	11
19643291937598	Chaparral High (Continuation)	305	12
19643370000000	Burbank Unified	1309	55
19643370000000	Burbank Unified	467	21
19643370000000	Burbank Unified	617	30
19643370000000	Burbank Unified	674	16
19643370000000	Burbank Unified	635	39
19643370000000	Burbank Unified	234	14
19643370000000	Burbank Unified	299	23
19643370000000	Burbank Unified	515	35
19643370000000	Burbank Unified	93	17
19643371931187	Burbank High	618	31
19643371931187	Burbank High	347	20
19643371931187	Burbank High	290	24
19643371931187	Burbank High	159	16
19643371931187	Burbank High	255	19
19643371931237	Burroughs High	641	11
19643371933332	Monterey High (Continuation)	1309	55
19643371933332	Monterey High (Continuation)	467	21
19643371933332	Monterey High (Continuation)	617	30
19643371933332	Monterey High (Continuation)	674	16
19643371933332	Monterey High (Continuation)	635	39
19643371933332	Monterey High (Continuation)	234	14
19643371933332	Monterey High (Continuation)	299	23
19643371933332	Monterey High (Continuation)	515	35
19643371933332	Monterey High (Continuation)	93	17
19643371996099	Options for Youth-Burbank Charter	146	113
19643371996099	Options for Youth-Burbank Charter	61	88
19643371996099	Options for Youth-Burbank Charter	70	20
19643371996099	Options for Youth-Burbank Charter	14	41
19643371996099	Options for Youth-Burbank Charter	96	52
19643371996099	Options for Youth-Burbank Charter	41	42
19643371996099	Options for Youth-Burbank Charter	50	61
19643371996099	Options for Youth-Burbank Charter	20	46
19643371996099	Options for Youth-Burbank Charter	24	11
19643371996099	Options for Youth-Burbank Charter	113	103
19643371996099	Options for Youth-Burbank Charter	146	113
19643371996099	Options for Youth-Burbank Charter	61	88
19643371996099	Options for Youth-Burbank Charter	70	20
19643371996099	Options for Youth-Burbank Charter	14	41
19643371996099	Options for Youth-Burbank Charter	96	52
19643371996099	Options for Youth-Burbank Charter	41	42
19643371996099	Options for Youth-Burbank Charter	50	61
19643371996099	Options for Youth-Burbank Charter	20	46
19643371996099	Options for Youth-Burbank Charter	24	11
19643371996099	Options for Youth-Burbank Charter	113	103
19643371996230	Burbank USD Community Day	1309	55
19643371996230	Burbank USD Community Day	467	21
19643371996230	Burbank USD Community Day	617	30
19643371996230	Burbank USD Community Day	674	16
19643371996230	Burbank USD Community Day	635	39
19643371996230	Burbank USD Community Day	234	14
19643371996230	Burbank USD Community Day	299	23
19643371996230	Burbank USD Community Day	515	35
19643371996230	Burbank USD Community Day	93	17
19643520000000	Centinela Valley Union High	1144	425
19643520000000	Centinela Valley Union High	186	73
19643520000000	Centinela Valley Union High	837	305
19643520000000	Centinela Valley Union High	35	12
19643520000000	Centinela Valley Union High	366	206
19643520000000	Centinela Valley Union High	585	164
19643520000000	Centinela Valley Union High	99	28
19643520000000	Centinela Valley Union High	430	122
19643520000000	Centinela Valley Union High	559	261
19643520000000	Centinela Valley Union High	87	45
19643520000000	Centinela Valley Union High	407	183
19643520000000	Centinela Valley Union High	1069	348
19643520000000	Centinela Valley Union High	98	48
19643521930239	R. K. Lloyde High	1144	425
19643521930239	R. K. Lloyde High	186	73
19643521930239	R. K. Lloyde High	837	305
19643521930239	R. K. Lloyde High	35	12
19643521930239	R. K. Lloyde High	366	206
19643521930239	R. K. Lloyde High	585	164
19643521930239	R. K. Lloyde High	99	28
19643521930239	R. K. Lloyde High	430	122
19643521930239	R. K. Lloyde High	559	261
19643521930239	R. K. Lloyde High	87	45
19643521930239	R. K. Lloyde High	407	183
19643521930239	R. K. Lloyde High	1069	348
19643521930239	R. K. Lloyde High	98	48
19643521933951	Hawthorne High	339	81
19643521933951	Hawthorne High	264	61
19643521933951	Hawthorne High	133	42
19643521933951	Hawthorne High	173	32
19643521933951	Hawthorne High	135	27
19643521933951	Hawthorne High	166	49
19643521933951	Hawthorne High	129	34
19643521933951	Hawthorne High	321	66
19643521934926	Lawndale High	373	18
19643521934926	Lawndale High	285	12
19643521934926	Lawndale High	186	11
19643521934926	Lawndale High	332	12
19643521935048	Leuzinger High	366	114
19643521935048	Leuzinger High	80	20
19643521935048	Leuzinger High	244	77
19643521935048	Leuzinger High	128	69
19643521935048	Leuzinger High	189	49
19643521935048	Leuzinger High	125	33
19643521935048	Leuzinger High	177	65
19643521935048	Leuzinger High	36	11
19643521935048	Leuzinger High	119	44
19643521935048	Leuzinger High	354	87
19643780000000	Charter Oak Unified	467	17
19643780000000	Charter Oak Unified	211	16
19643781930312	Arrow High (Continuation)	467	17
19643781930312	Arrow High (Continuation)	211	16
19643781995927	Bridges Community Day	467	17
19643781995927	Bridges Community Day	211	16
19644360000000	Covina-Valley Unified	1213	55
19644360000000	Covina-Valley Unified	789	44
19644360000000	Covina-Valley Unified	110	14
19644360000000	Covina-Valley Unified	638	15
19644360000000	Covina-Valley Unified	422	12
19644360000000	Covina-Valley Unified	575	40
19644360000000	Covina-Valley Unified	367	32
19644360000000	Covina-Valley Unified	792	50
19644361931617	Fairvalley High (Continuation)	1213	55
19644361931617	Fairvalley High (Continuation)	789	44
19644361931617	Fairvalley High (Continuation)	110	14
19644361931617	Fairvalley High (Continuation)	638	15
19644361931617	Fairvalley High (Continuation)	422	12
19644361931617	Fairvalley High (Continuation)	575	40
19644361931617	Fairvalley High (Continuation)	367	32
19644361931617	Fairvalley High (Continuation)	792	50
19644361932086	Covina High	363	13
19644361932086	Covina High	233	11
19644440000000	Culver City Unified	532	61
19644440000000	Culver City Unified	145	12
19644440000000	Culver City Unified	199	35
19644440000000	Culver City Unified	38	17
19644440000000	Culver City Unified	270	15
19644440000000	Culver City Unified	262	46
19644440000000	Culver City Unified	90	26
19644440000000	Culver City Unified	245	36
19644441932201	Culver City High	509	41
19644441932201	Culver City High	189	21
19644441932201	Culver City High	37	13
19644441932201	Culver City High	259	12
19644441932201	Culver City High	250	29
19644441932201	Culver City High	85	14
19644441932201	Culver City High	231	27
19644441932656	Culver Park High	532	61
19644441932656	Culver Park High	145	12
19644441932656	Culver Park High	199	35
19644441932656	Culver Park High	38	17
19644441932656	Culver Park High	270	15
19644441932656	Culver Park High	262	46
19644441932656	Culver Park High	90	26
19644441932656	Culver Park High	245	36
19644510000000	Downey Unified	1900	140
19644510000000	Downey Unified	1568	116
19644510000000	Downey Unified	284	61
19644510000000	Downey Unified	928	59
19644510000000	Downey Unified	767	46
19644510000000	Downey Unified	972	81
19644510000000	Downey Unified	801	70
19644510000000	Downey Unified	1445	123
19644510000000	Downey Unified	167	12
19644511931625	Columbus Continuation	1900	140
19644511931625	Columbus Continuation	1568	116
19644511931625	Columbus Continuation	284	61
19644511931625	Columbus Continuation	928	59
19644511931625	Columbus Continuation	767	46
19644511931625	Columbus Continuation	972	81
19644511931625	Columbus Continuation	801	70
19644511931625	Columbus Continuation	1445	123
19644511931625	Columbus Continuation	167	12
19644511932441	Downey High	903	38
19644511932441	Downey High	751	29
19644511932441	Downey High	130	17
19644511932441	Downey High	468	18
19644511932441	Downey High	387	13
19644511932441	Downey High	435	20
19644511932441	Downey High	364	16
19644511932441	Downey High	672	34
19644511939164	Warren High	790	40
19644511939164	Warren High	637	32
19644511939164	Warren High	89	20
19644511939164	Warren High	376	19
19644511939164	Warren High	310	14
19644511939164	Warren High	414	21
19644511939164	Warren High	327	18
19644511939164	Warren High	584	30
19644690000000	Duarte Unified	310	20
19644690000000	Duarte Unified	232	13
19644690000000	Duarte Unified	135	13
19644690000000	Duarte Unified	234	19
19644691936079	Mt. Olive Innovation and Technology High	310	20
19644691936079	Mt. Olive Innovation and Technology High	232	13
19644691936079	Mt. Olive Innovation and Technology High	135	13
19644691936079	Mt. Olive Innovation and Technology High	234	19
19645190000000	El Monte Union High	466	15
19645190000000	El Monte Union High	1976	226
19645190000000	El Monte Union High	1438	199
19645190000000	El Monte Union High	520	114
19645190000000	El Monte Union High	1036	83
19645190000000	El Monte Union High	779	78
19645190000000	El Monte Union High	236	12
19645190000000	El Monte Union High	940	143
19645190000000	El Monte Union High	659	121
19645190000000	El Monte Union High	1835	211
19645190000000	El Monte Union High	122	26
19645191932664	El Monte High	356	38
19645191932664	El Monte High	278	34
19645191932664	El Monte High	119	25
19645191932664	El Monte High	202	16
19645191932664	El Monte High	158	14
19645191932664	El Monte High	154	22
19645191932664	El Monte High	120	20
19645191932664	El Monte High	348	34
19645191932680	Mountain View High	350	17
19645191932680	Mountain View High	318	14
19645191932680	Mountain View High	169	12
19645191932680	Mountain View High	348	15
19645191937481	Rosemead High	439	13
19645191938919	Fernando R. Ledesma Continuation High	466	15
19645191938919	Fernando R. Ledesma Continuation High	1976	226
19645191938919	Fernando R. Ledesma Continuation High	1438	199
19645191938919	Fernando R. Ledesma Continuation High	520	114
19645191938919	Fernando R. Ledesma Continuation High	1036	83
19645191938919	Fernando R. Ledesma Continuation High	779	78
19645191938919	Fernando R. Ledesma Continuation High	236	12
19645191938919	Fernando R. Ledesma Continuation High	940	143
19645191938919	Fernando R. Ledesma Continuation High	659	121
19645191938919	Fernando R. Ledesma Continuation High	1835	211
19645191938919	Fernando R. Ledesma Continuation High	122	26
19645191995661	South El Monte High	315	28
19645191995661	South El Monte High	298	26
19645191995661	South El Monte High	102	13
19645191995661	South El Monte High	174	12
19645191995661	South El Monte High	163	12
19645191995661	South El Monte High	141	16
19645191995661	South El Monte High	135	14
19645191995661	South El Monte High	298	27
19645191996123	El Monte Union High School Community Day	466	15
19645191996123	El Monte Union High School Community Day	1976	226
19645191996123	El Monte Union High School Community Day	1438	199
19645191996123	El Monte Union High School Community Day	520	114
19645191996123	El Monte Union High School Community Day	1036	83
19645191996123	El Monte Union High School Community Day	779	78
19645191996123	El Monte Union High School Community Day	236	12
19645191996123	El Monte Union High School Community Day	940	143
19645191996123	El Monte Union High School Community Day	659	121
19645191996123	El Monte Union High School Community Day	1835	211
19645191996123	El Monte Union High School Community Day	122	26
19645270000000	El Rancho Unified	743	57
19645270000000	El Rancho Unified	725	56
19645270000000	El Rancho Unified	149	26
19645270000000	El Rancho Unified	372	34
19645270000000	El Rancho Unified	363	34
19645270000000	El Rancho Unified	371	23
19645270000000	El Rancho Unified	362	22
19645270000000	El Rancho Unified	621	54
19645271932698	Ruben Salazar Continuation	743	57
19645271932698	Ruben Salazar Continuation	725	56
19645271932698	Ruben Salazar Continuation	149	26
19645271932698	Ruben Salazar Continuation	372	34
19645271932698	Ruben Salazar Continuation	363	34
19645271932698	Ruben Salazar Continuation	371	23
19645271932698	Ruben Salazar Continuation	362	22
19645271932698	Ruben Salazar Continuation	621	54
19645271932706	El Rancho High	656	32
19645271932706	El Rancho High	641	31
19645271932706	El Rancho High	118	17
19645271932706	El Rancho High	338	23
19645271932706	El Rancho High	329	23
19645271932706	El Rancho High	542	29
19645350000000	El Segundo Unified	302	16
19645680000000	Glendale Unified	319	12
19645680000000	Glendale Unified	2054	145
19645680000000	Glendale Unified	380	42
19645680000000	Glendale Unified	1168	75
19645680000000	Glendale Unified	372	53
19645680000000	Glendale Unified	1011	51
19645680000000	Glendale Unified	186	16
19645680000000	Glendale Unified	579	25
19645680000000	Glendale Unified	1043	94
19645680000000	Glendale Unified	194	26
19645680000000	Glendale Unified	589	50
19645680000000	Glendale Unified	1045	88
19645680000000	Glendale Unified	170	33
19645681932144	Crescenta Valley High	690	23
19645681932144	Crescenta Valley High	350	12
19645681932144	Crescenta Valley High	344	11
19645681932144	Crescenta Valley High	346	12
19645681933472	Daily (Allan F.) High (Continuation)	319	12
19645681933472	Daily (Allan F.) High (Continuation)	2054	145
19645681933472	Daily (Allan F.) High (Continuation)	380	42
19645681933472	Daily (Allan F.) High (Continuation)	1168	75
19645681933472	Daily (Allan F.) High (Continuation)	372	53
19645681933472	Daily (Allan F.) High (Continuation)	1011	51
19645681933472	Daily (Allan F.) High (Continuation)	186	16
19645681933472	Daily (Allan F.) High (Continuation)	579	25
19645681933472	Daily (Allan F.) High (Continuation)	1043	94
19645681933472	Daily (Allan F.) High (Continuation)	194	26
19645681933472	Daily (Allan F.) High (Continuation)	589	50
19645681933472	Daily (Allan F.) High (Continuation)	1045	88
19645681933472	Daily (Allan F.) High (Continuation)	170	33
19645681933530	Glendale High	630	44
19645681933530	Glendale High	179	12
19645681933530	Glendale High	322	23
19645681933530	Glendale High	146	22
19645681933530	Glendale High	327	16
19645681933530	Glendale High	303	28
19645681933530	Glendale High	149	16
19645681933530	Glendale High	443	29
19645681934082	Herbert Hoover High	396	25
19645681934082	Herbert Hoover High	236	12
19645681934082	Herbert Hoover High	113	12
19645681934082	Herbert Hoover High	204	17
19645681934082	Herbert Hoover High	261	21
19645760000000	Glendora Unified	613	14
19645761939677	Whitcomb Continuation High	613	14
19645841996305	Gorman Learning Center	145	24
19645841996305	Gorman Learning Center	84	12
19645841996305	Gorman Learning Center	95	15
19645841996305	Gorman Learning Center	84	16
19645841996305	Gorman Learning Center	145	24
19645841996305	Gorman Learning Center	84	12
19645841996305	Gorman Learning Center	95	15
19645841996305	Gorman Learning Center	84	16
19645920000000	Hawthorne	134	12
19646000120543	Opportunities for Learning - Hermosa Beach	90	83
19646000120543	Opportunities for Learning - Hermosa Beach	23	46
19646000120543	Opportunities for Learning - Hermosa Beach	44	23
19646000120543	Opportunities for Learning - Hermosa Beach	67	32
19646000120543	Opportunities for Learning - Hermosa Beach	14	21
19646000120543	Opportunities for Learning - Hermosa Beach	23	51
19646000120543	Opportunities for Learning - Hermosa Beach	48	73
19646000120543	Opportunities for Learning - Hermosa Beach	90	83
19646000120543	Opportunities for Learning - Hermosa Beach	23	46
19646000120543	Opportunities for Learning - Hermosa Beach	44	23
19646000120543	Opportunities for Learning - Hermosa Beach	67	32
19646000120543	Opportunities for Learning - Hermosa Beach	14	21
19646000120543	Opportunities for Learning - Hermosa Beach	23	51
19646000120543	Opportunities for Learning - Hermosa Beach	48	73
19646000120550	Options for Youth-Hermosa Beach, Inc.	23	41
19646000120550	Options for Youth-Hermosa Beach, Inc.	14	29
19646000120550	Options for Youth-Hermosa Beach, Inc.	22	18
19646000120550	Options for Youth-Hermosa Beach, Inc.	13	14
19646000120550	Options for Youth-Hermosa Beach, Inc.	21	40
19646000120550	Options for Youth-Hermosa Beach, Inc.	23	41
19646000120550	Options for Youth-Hermosa Beach, Inc.	14	29
19646000120550	Options for Youth-Hermosa Beach, Inc.	22	18
19646000120550	Options for Youth-Hermosa Beach, Inc.	13	14
19646000120550	Options for Youth-Hermosa Beach, Inc.	21	40
19646340000000	Inglewood Unified	766	207
19646340000000	Inglewood Unified	319	92
19646340000000	Inglewood Unified	433	110
19646340000000	Inglewood Unified	187	73
19646340000000	Inglewood Unified	396	85
19646340000000	Inglewood Unified	166	40
19646340000000	Inglewood Unified	219	41
19646340000000	Inglewood Unified	370	122
19646340000000	Inglewood Unified	153	52
19646340000000	Inglewood Unified	214	69
19646340000000	Inglewood Unified	751	146
19646340000000	Inglewood Unified	39	18
19646341934231	Inglewood High	391	70
19646341934231	Inglewood High	153	42
19646341934231	Inglewood High	232	27
19646341934231	Inglewood High	98	17
19646341934231	Inglewood High	205	31
19646341934231	Inglewood High	80	22
19646341934231	Inglewood High	186	39
19646341934231	Inglewood High	73	20
19646341934231	Inglewood High	112	19
19646341934231	Inglewood High	383	36
19646341934249	Hillcrest High	766	207
19646341934249	Hillcrest High	319	92
19646341934249	Hillcrest High	433	110
19646341934249	Hillcrest High	187	73
19646341934249	Hillcrest High	396	85
19646341934249	Hillcrest High	166	40
19646341934249	Hillcrest High	219	41
19646341934249	Hillcrest High	370	122
19646341934249	Hillcrest High	153	52
19646341934249	Hillcrest High	214	69
19646341934249	Hillcrest High	751	146
19646341934249	Hillcrest High	39	18
19646341936046	Morningside High	282	93
19646341936046	Morningside High	111	32
19646341936046	Morningside High	165	57
19646341936046	Morningside High	87	41
19646341936046	Morningside High	133	39
19646341936046	Morningside High	51	14
19646341936046	Morningside High	78	22
19646341936046	Morningside High	149	54
19646341936046	Morningside High	60	18
19646341936046	Morningside High	87	35
19646341936046	Morningside High	277	70
19646830000000	Las Virgenes Unified	954	33
19646830000000	Las Virgenes Unified	793	21
19646830000000	Las Virgenes Unified	466	14
19646830000000	Las Virgenes Unified	392	11
19646830000000	Las Virgenes Unified	488	19
19646830000000	Las Virgenes Unified	114	12
19646831931260	Indian Hills Continuation High	954	33
19646831931260	Indian Hills Continuation High	793	21
19646831931260	Indian Hills Continuation High	466	14
19646831931260	Indian Hills Continuation High	392	11
19646831931260	Indian Hills Continuation High	488	19
19646831931260	Indian Hills Continuation High	114	12
19646831931781	Calabasas High	427	11
19647250000000	Long Beach Unified	510	47
19647250000000	Long Beach Unified	5401	857
19647250000000	Long Beach Unified	966	157
19647250000000	Long Beach Unified	295	20
19647250000000	Long Beach Unified	2486	525
19647250000000	Long Beach Unified	94	20
19647250000000	Long Beach Unified	985	80
19647250000000	Long Beach Unified	740	335
19647250000000	Long Beach Unified	266	16
19647250000000	Long Beach Unified	2802	349
19647250000000	Long Beach Unified	531	63
19647250000000	Long Beach Unified	1293	219
19647250000000	Long Beach Unified	484	26
19647250000000	Long Beach Unified	244	31
19647250000000	Long Beach Unified	2599	508
19647250000000	Long Beach Unified	435	94
19647250000000	Long Beach Unified	153	11
19647250000000	Long Beach Unified	1193	306
19647250000000	Long Beach Unified	501	54
19647250000000	Long Beach Unified	24	15
19647250000000	Long Beach Unified	5058	771
19647250000000	Long Beach Unified	351	134
19647250000001	Non-public, non-sectarian schools	21	23
19647250000001	Non-public, non-sectarian schools	11	14
19647250000001	Non-public, non-sectarian schools	13	13
19647250000001	Non-public, non-sectarian schools	21	18
19647250101741	Select Community Day (Secondary)	510	47
19647250101741	Select Community Day (Secondary)	5401	857
19647250101741	Select Community Day (Secondary)	966	157
19647250101741	Select Community Day (Secondary)	295	20
19647250101741	Select Community Day (Secondary)	2486	525
19647250101741	Select Community Day (Secondary)	94	20
19647250101741	Select Community Day (Secondary)	985	80
19647250101741	Select Community Day (Secondary)	740	335
19647250101741	Select Community Day (Secondary)	266	16
19647250101741	Select Community Day (Secondary)	2802	349
19647250101741	Select Community Day (Secondary)	531	63
19647250101741	Select Community Day (Secondary)	1293	219
19647250101741	Select Community Day (Secondary)	484	26
19647250101741	Select Community Day (Secondary)	244	31
19647250101741	Select Community Day (Secondary)	2599	508
19647250101741	Select Community Day (Secondary)	435	94
19647250101741	Select Community Day (Secondary)	153	11
19647250101741	Select Community Day (Secondary)	1193	306
19647250101741	Select Community Day (Secondary)	501	54
19647250101741	Select Community Day (Secondary)	24	15
19647250101741	Select Community Day (Secondary)	5058	771
19647250101741	Select Community Day (Secondary)	351	134
19647251934470	Jordan High	641	98
19647251934470	Jordan High	150	19
19647251934470	Jordan High	403	68
19647251934470	Jordan High	162	46
19647251934470	Jordan High	339	45
19647251934470	Jordan High	84	11
19647251934470	Jordan High	209	29
19647251934470	Jordan High	302	53
19647251934470	Jordan High	194	39
19647251934470	Jordan High	620	90
19647251934470	Jordan High	66	22
19647251934678	Lakewood High	898	42
19647251934678	Lakewood High	357	20
19647251934678	Lakewood High	39	12
19647251934678	Lakewood High	466	22
19647251934678	Lakewood High	432	20
19647251934678	Lakewood High	166	11
19647251934678	Lakewood High	832	35
19647251935758	Millikan High	867	35
19647251935758	Millikan High	471	23
19647251935758	Millikan High	110	11
19647251935758	Millikan High	445	13
19647251935758	Millikan High	422	22
19647251935758	Millikan High	240	13
19647251935758	Millikan High	818	31
19647251935758	Millikan High	46	13
19647251936947	Polytechnic High	239	15
19647251936947	Polytechnic High	1026	104
19647251936947	Polytechnic High	264	24
19647251936947	Polytechnic High	264	43
19647251936947	Polytechnic High	130	16
19647251936947	Polytechnic High	101	42
19647251936947	Polytechnic High	514	45
19647251936947	Polytechnic High	132	11
19647251936947	Polytechnic High	124	19
19647251936947	Polytechnic High	512	59
19647251936947	Polytechnic High	132	13
19647251936947	Polytechnic High	140	24
19647251936947	Polytechnic High	70	12
19647251936947	Polytechnic High	970	87
19647251936947	Polytechnic High	55	22
19647251937176	Reid High	510	47
19647251937176	Reid High	5401	857
19647251937176	Reid High	966	157
19647251937176	Reid High	295	20
19647251937176	Reid High	2486	525
19647251937176	Reid High	94	20
19647251937176	Reid High	985	80
19647251937176	Reid High	740	335
19647251937176	Reid High	266	16
19647251937176	Reid High	2802	349
19647251937176	Reid High	531	63
19647251937176	Reid High	1293	219
19647251937176	Reid High	484	26
19647251937176	Reid High	244	31
19647251937176	Reid High	2599	508
19647251937176	Reid High	435	94
19647251937176	Reid High	153	11
19647251937176	Reid High	1193	306
19647251937176	Reid High	501	54
19647251937176	Reid High	24	15
19647251937176	Reid High	5058	771
19647251937176	Reid High	351	134
19647251939875	Wilson High	858	69
19647251939875	Wilson High	364	42
19647251939875	Wilson High	78	27
19647251939875	Wilson High	440	22
19647251939875	Wilson High	204	15
19647251939875	Wilson High	418	47
19647251939875	Wilson High	160	27
19647251939875	Wilson High	801	55
19647251939875	Wilson High	45	15
19647251995570	Educational Partnership High	510	47
19647251995570	Educational Partnership High	5401	857
19647251995570	Educational Partnership High	966	157
19647251995570	Educational Partnership High	295	20
19647251995570	Educational Partnership High	2486	525
19647251995570	Educational Partnership High	94	20
19647251995570	Educational Partnership High	985	80
19647251995570	Educational Partnership High	740	335
19647251995570	Educational Partnership High	266	16
19647251995570	Educational Partnership High	2802	349
19647251995570	Educational Partnership High	531	63
19647251995570	Educational Partnership High	1293	219
19647251995570	Educational Partnership High	484	26
19647251995570	Educational Partnership High	244	31
19647251995570	Educational Partnership High	2599	508
19647251995570	Educational Partnership High	435	94
19647251995570	Educational Partnership High	153	11
19647251995570	Educational Partnership High	1193	306
19647251995570	Educational Partnership High	501	54
19647251995570	Educational Partnership High	24	15
19647251995570	Educational Partnership High	5058	771
19647251995570	Educational Partnership High	351	134
19647251995935	Cabrillo High	570	89
19647251995935	Cabrillo High	371	65
19647251995935	Cabrillo High	141	50
19647251995935	Cabrillo High	301	41
19647251995935	Cabrillo High	199	33
19647251995935	Cabrillo High	269	48
19647251995935	Cabrillo High	172	32
19647251995935	Cabrillo High	552	83
19647330000000	Los Angeles Unified	1429	146
19647330000000	Los Angeles Unified	28715	8748
19647330000000	Los Angeles Unified	2638	1070
19647330000000	Los Angeles Unified	86	271
19647330000000	Los Angeles Unified	981	84
19647330000000	Los Angeles Unified	21153	6440
19647330000000	Los Angeles Unified	114	41
19647330000000	Los Angeles Unified	128	34
19647330000000	Los Angeles Unified	2185	650
19647330000000	Los Angeles Unified	5720	3775
19647330000000	Los Angeles Unified	738	66
19647330000000	Los Angeles Unified	15362	3669
19647330000000	Los Angeles Unified	1453	480
19647330000000	Los Angeles Unified	26	116
19647330000000	Los Angeles Unified	466	39
19647330000000	Los Angeles Unified	11447	2700
19647330000000	Los Angeles Unified	59	20
19647330000000	Los Angeles Unified	67	11
19647330000000	Los Angeles Unified	1106	231
19647330000000	Los Angeles Unified	691	80
19647330000000	Los Angeles Unified	13353	5079
19647330000000	Los Angeles Unified	1185	590
19647330000000	Los Angeles Unified	60	155
19647330000000	Los Angeles Unified	515	45
19647330000000	Los Angeles Unified	9706	3740
19647330000000	Los Angeles Unified	55	21
19647330000000	Los Angeles Unified	61	23
19647330000000	Los Angeles Unified	1079	419
19647330000000	Los Angeles Unified	103	33
19647330000000	Los Angeles Unified	25742	7678
19647330000000	Los Angeles Unified	2214	1242
19647330000001	Non-public, non-sectarian schools	107	121
19647330000001	Non-public, non-sectarian schools	78	51
19647330000001	Non-public, non-sectarian schools	13	14
19647330000001	Non-public, non-sectarian schools	30	45
19647330000001	Non-public, non-sectarian schools	20	15
19647330000001	Non-public, non-sectarian schools	77	76
19647330000001	Non-public, non-sectarian schools	58	36
19647330000001	Non-public, non-sectarian schools	35	49
19647330000001	Non-public, non-sectarian schools	94	106
19647330100800	Central City Value	63	12
19647330100800	Central City Value	61	12
19647330100800	Central City Value	62	11
19647330100800	Central City Value	63	12
19647330100800	Central City Value	61	12
19647330100800	Central City Value	62	11
19647330101329	William J. Johnston Community Day	1429	146
19647330101329	William J. Johnston Community Day	28715	8748
19647330101329	William J. Johnston Community Day	2638	1070
19647330101329	William J. Johnston Community Day	86	271
19647330101329	William J. Johnston Community Day	981	84
19647330101329	William J. Johnston Community Day	21153	6440
19647330101329	William J. Johnston Community Day	114	41
19647330101329	William J. Johnston Community Day	128	34
19647330101329	William J. Johnston Community Day	2185	650
19647330101329	William J. Johnston Community Day	5720	3775
19647330101329	William J. Johnston Community Day	738	66
19647330101329	William J. Johnston Community Day	15362	3669
19647330101329	William J. Johnston Community Day	1453	480
19647330101329	William J. Johnston Community Day	26	116
19647330101329	William J. Johnston Community Day	466	39
19647330101329	William J. Johnston Community Day	11447	2700
19647330101329	William J. Johnston Community Day	59	20
19647330101329	William J. Johnston Community Day	67	11
19647330101329	William J. Johnston Community Day	1106	231
19647330101329	William J. Johnston Community Day	691	80
19647330101329	William J. Johnston Community Day	13353	5079
19647330101329	William J. Johnston Community Day	1185	590
19647330101329	William J. Johnston Community Day	60	155
19647330101329	William J. Johnston Community Day	515	45
19647330101329	William J. Johnston Community Day	9706	3740
19647330101329	William J. Johnston Community Day	55	21
19647330101329	William J. Johnston Community Day	61	23
19647330101329	William J. Johnston Community Day	1079	419
19647330101329	William J. Johnston Community Day	103	33
19647330101329	William J. Johnston Community Day	25742	7678
19647330101329	William J. Johnston Community Day	2214	1242
19647330102137	Aggeler Community Day	1429	146
19647330102137	Aggeler Community Day	28715	8748
19647330102137	Aggeler Community Day	2638	1070
19647330102137	Aggeler Community Day	86	271
19647330102137	Aggeler Community Day	981	84
19647330102137	Aggeler Community Day	21153	6440
19647330102137	Aggeler Community Day	114	41
19647330102137	Aggeler Community Day	128	34
19647330102137	Aggeler Community Day	2185	650
19647330102137	Aggeler Community Day	5720	3775
19647330102137	Aggeler Community Day	738	66
19647330102137	Aggeler Community Day	15362	3669
19647330102137	Aggeler Community Day	1453	480
19647330102137	Aggeler Community Day	26	116
19647330102137	Aggeler Community Day	466	39
19647330102137	Aggeler Community Day	11447	2700
19647330102137	Aggeler Community Day	59	20
19647330102137	Aggeler Community Day	67	11
19647330102137	Aggeler Community Day	1106	231
19647330102137	Aggeler Community Day	691	80
19647330102137	Aggeler Community Day	13353	5079
19647330102137	Aggeler Community Day	1185	590
19647330102137	Aggeler Community Day	60	155
19647330102137	Aggeler Community Day	515	45
19647330102137	Aggeler Community Day	9706	3740
19647330102137	Aggeler Community Day	55	21
19647330102137	Aggeler Community Day	61	23
19647330102137	Aggeler Community Day	1079	419
19647330102137	Aggeler Community Day	103	33
19647330102137	Aggeler Community Day	25742	7678
19647330102137	Aggeler Community Day	2214	1242
19647330102434	Animo South Los Angeles Charter	116	13
19647330102434	Animo South Los Angeles Charter	116	13
19647330102764	Richard A. Alonzo Community Day	1429	146
19647330102764	Richard A. Alonzo Community Day	28715	8748
19647330102764	Richard A. Alonzo Community Day	2638	1070
19647330102764	Richard A. Alonzo Community Day	86	271
19647330102764	Richard A. Alonzo Community Day	981	84
19647330102764	Richard A. Alonzo Community Day	21153	6440
19647330102764	Richard A. Alonzo Community Day	114	41
19647330102764	Richard A. Alonzo Community Day	128	34
19647330102764	Richard A. Alonzo Community Day	2185	650
19647330102764	Richard A. Alonzo Community Day	5720	3775
19647330102764	Richard A. Alonzo Community Day	738	66
19647330102764	Richard A. Alonzo Community Day	15362	3669
19647330102764	Richard A. Alonzo Community Day	1453	480
19647330102764	Richard A. Alonzo Community Day	26	116
19647330102764	Richard A. Alonzo Community Day	466	39
19647330102764	Richard A. Alonzo Community Day	11447	2700
19647330102764	Richard A. Alonzo Community Day	59	20
19647330102764	Richard A. Alonzo Community Day	67	11
19647330102764	Richard A. Alonzo Community Day	1106	231
19647330102764	Richard A. Alonzo Community Day	691	80
19647330102764	Richard A. Alonzo Community Day	13353	5079
19647330102764	Richard A. Alonzo Community Day	1185	590
19647330102764	Richard A. Alonzo Community Day	60	155
19647330102764	Richard A. Alonzo Community Day	515	45
19647330102764	Richard A. Alonzo Community Day	9706	3740
19647330102764	Richard A. Alonzo Community Day	55	21
19647330102764	Richard A. Alonzo Community Day	61	23
19647330102764	Richard A. Alonzo Community Day	1079	419
19647330102764	Richard A. Alonzo Community Day	103	33
19647330102764	Richard A. Alonzo Community Day	25742	7678
19647330102764	Richard A. Alonzo Community Day	2214	1242
19647330106849	Animo Pat Brown	86	17
19647330106849	Animo Pat Brown	84	15
19647330106849	Animo Pat Brown	37	15
19647330106849	Animo Pat Brown	36	13
19647330106849	Animo Pat Brown	85	16
19647330106849	Animo Pat Brown	86	17
19647330106849	Animo Pat Brown	84	15
19647330106849	Animo Pat Brown	37	15
19647330106849	Animo Pat Brown	36	13
19647330106849	Animo Pat Brown	85	16
19647330107003	Northridge Academy High	218	14
19647330107011	International Studies Learning Center at Legacy High School Complex	73	13
19647330107011	International Studies Learning Center at Legacy High School Complex	73	12
19647330107011	International Studies Learning Center at Legacy High School Complex	67	11
19647330108878	CHAMPS - Charter HS of Arts-Multimedia & Performing	148	21
19647330108878	CHAMPS - Charter HS of Arts-Multimedia & Performing	101	16
19647330108878	CHAMPS - Charter HS of Arts-Multimedia & Performing	46	14
19647330108878	CHAMPS - Charter HS of Arts-Multimedia & Performing	148	21
19647330108878	CHAMPS - Charter HS of Arts-Multimedia & Performing	101	16
19647330108878	CHAMPS - Charter HS of Arts-Multimedia & Performing	46	14
19647330108894	Alliance Judy Ivie Burton Technology Academy High	115	12
19647330108894	Alliance Judy Ivie Burton Technology Academy High	97	12
19647330108894	Alliance Judy Ivie Burton Technology Academy High	115	12
19647330108894	Alliance Judy Ivie Burton Technology Academy High	115	12
19647330108894	Alliance Judy Ivie Burton Technology Academy High	97	12
19647330108894	Alliance Judy Ivie Burton Technology Academy High	115	12
19647330109447	Santee Education Complex	361	121
19647330109447	Santee Education Complex	349	108
19647330109447	Santee Education Complex	113	81
19647330109447	Santee Education Complex	214	49
19647330109447	Santee Education Complex	206	42
19647330109447	Santee Education Complex	147	72
19647330109447	Santee Education Complex	143	66
19647330109447	Santee Education Complex	361	106
19647330109447	Santee Education Complex	16	30
19647330109454	South East High	504	82
19647330109454	South East High	499	82
19647330109454	South East High	117	47
19647330109454	South East High	291	26
19647330109454	South East High	290	26
19647330109454	South East High	213	56
19647330109454	South East High	209	56
19647330109454	South East High	503	78
19647330109454	South East High	33	16
19647330109462	Maywood Academy High	200	31
19647330109462	Maywood Academy High	198	30
19647330109462	Maywood Academy High	52	12
19647330109462	Maywood Academy High	94	13
19647330109462	Maywood Academy High	94	12
19647330109462	Maywood Academy High	106	18
19647330109462	Maywood Academy High	104	18
19647330109462	Maywood Academy High	200	31
19647330109512	Cal Burke High	1429	146
19647330109512	Cal Burke High	28715	8748
19647330109512	Cal Burke High	2638	1070
19647330109512	Cal Burke High	86	271
19647330109512	Cal Burke High	981	84
19647330109512	Cal Burke High	21153	6440
19647330109512	Cal Burke High	114	41
19647330109512	Cal Burke High	128	34
19647330109512	Cal Burke High	2185	650
19647330109512	Cal Burke High	5720	3775
19647330109512	Cal Burke High	738	66
19647330109512	Cal Burke High	15362	3669
19647330109512	Cal Burke High	1453	480
19647330109512	Cal Burke High	26	116
19647330109512	Cal Burke High	466	39
19647330109512	Cal Burke High	11447	2700
19647330109512	Cal Burke High	59	20
19647330109512	Cal Burke High	67	11
19647330109512	Cal Burke High	1106	231
19647330109512	Cal Burke High	691	80
19647330109512	Cal Burke High	13353	5079
19647330109512	Cal Burke High	1185	590
19647330109512	Cal Burke High	60	155
19647330109512	Cal Burke High	515	45
19647330109512	Cal Burke High	9706	3740
19647330109512	Cal Burke High	55	21
19647330109512	Cal Burke High	61	23
19647330109512	Cal Burke High	1079	419
19647330109512	Cal Burke High	103	33
19647330109512	Cal Burke High	25742	7678
19647330109512	Cal Burke High	2214	1242
19647330110304	Los Angeles Academy of Arts & Enterprise Charter	11	14
19647330110304	Los Angeles Academy of Arts & Enterprise Charter	11	14
19647330110304	Los Angeles Academy of Arts & Enterprise Charter	11	14
19647330110304	Los Angeles Academy of Arts & Enterprise Charter	11	14
19647330110304	Los Angeles Academy of Arts & Enterprise Charter	11	14
19647330110304	Los Angeles Academy of Arts & Enterprise Charter	11	14
19647330110668	Frida Kahlo High	1429	146
19647330110668	Frida Kahlo High	28715	8748
19647330110668	Frida Kahlo High	2638	1070
19647330110668	Frida Kahlo High	86	271
19647330110668	Frida Kahlo High	981	84
19647330110668	Frida Kahlo High	21153	6440
19647330110668	Frida Kahlo High	114	41
19647330110668	Frida Kahlo High	128	34
19647330110668	Frida Kahlo High	2185	650
19647330110668	Frida Kahlo High	5720	3775
19647330110668	Frida Kahlo High	738	66
19647330110668	Frida Kahlo High	15362	3669
19647330110668	Frida Kahlo High	1453	480
19647330110668	Frida Kahlo High	26	116
19647330110668	Frida Kahlo High	466	39
19647330110668	Frida Kahlo High	11447	2700
19647330110668	Frida Kahlo High	59	20
19647330110668	Frida Kahlo High	67	11
19647330110668	Frida Kahlo High	1106	231
19647330110668	Frida Kahlo High	691	80
19647330110668	Frida Kahlo High	13353	5079
19647330110668	Frida Kahlo High	1185	590
19647330110668	Frida Kahlo High	60	155
19647330110668	Frida Kahlo High	515	45
19647330110668	Frida Kahlo High	9706	3740
19647330110668	Frida Kahlo High	55	21
19647330110668	Frida Kahlo High	61	23
19647330110668	Frida Kahlo High	1079	419
19647330110668	Frida Kahlo High	103	33
19647330110668	Frida Kahlo High	25742	7678
19647330110668	Frida Kahlo High	2214	1242
19647330111484	New Village Charter High	19	34
19647330111484	New Village Charter High	17	31
19647330111484	New Village Charter High	19	34
19647330111484	New Village Charter High	17	31
19647330111484	New Village Charter High	18	28
19647330111484	New Village Charter High	19	34
19647330111484	New Village Charter High	17	31
19647330111484	New Village Charter High	19	34
19647330111484	New Village Charter High	17	31
19647330111484	New Village Charter High	18	28
19647330111575	Animo Ralph Bunche High	146	31
19647330111575	Animo Ralph Bunche High	142	28
19647330111575	Animo Ralph Bunche High	63	25
19647330111575	Animo Ralph Bunche High	76	13
19647330111575	Animo Ralph Bunche High	76	13
19647330111575	Animo Ralph Bunche High	70	18
19647330111575	Animo Ralph Bunche High	66	15
19647330111575	Animo Ralph Bunche High	146	28
19647330111575	Animo Ralph Bunche High	146	31
19647330111575	Animo Ralph Bunche High	142	28
19647330111575	Animo Ralph Bunche High	63	25
19647330111575	Animo Ralph Bunche High	76	13
19647330111575	Animo Ralph Bunche High	76	13
19647330111575	Animo Ralph Bunche High	70	18
19647330111575	Animo Ralph Bunche High	66	15
19647330111575	Animo Ralph Bunche High	146	28
19647330111617	Animo Locke Technology High	85	38
19647330111617	Animo Locke Technology High	62	29
19647330111617	Animo Locke Technology High	23	21
19647330111617	Animo Locke Technology High	40	19
19647330111617	Animo Locke Technology High	27	16
19647330111617	Animo Locke Technology High	45	19
19647330111617	Animo Locke Technology High	35	13
19647330111617	Animo Locke Technology High	85	36
19647330111617	Animo Locke Technology High	85	38
19647330111617	Animo Locke Technology High	62	29
19647330111617	Animo Locke Technology High	23	21
19647330111617	Animo Locke Technology High	40	19
19647330111617	Animo Locke Technology High	27	16
19647330111617	Animo Locke Technology High	45	19
19647330111617	Animo Locke Technology High	35	13
19647330111617	Animo Locke Technology High	85	36
19647330111625	Animo Watts College Preparatory Academy	90	31
19647330111625	Animo Watts College Preparatory Academy	64	23
19647330111625	Animo Watts College Preparatory Academy	27	14
19647330111625	Animo Watts College Preparatory Academy	50	17
19647330111625	Animo Watts College Preparatory Academy	38	11
19647330111625	Animo Watts College Preparatory Academy	40	14
19647330111625	Animo Watts College Preparatory Academy	26	12
19647330111625	Animo Watts College Preparatory Academy	89	31
19647330111625	Animo Watts College Preparatory Academy	90	31
19647330111625	Animo Watts College Preparatory Academy	64	23
19647330111625	Animo Watts College Preparatory Academy	27	14
19647330111625	Animo Watts College Preparatory Academy	50	17
19647330111625	Animo Watts College Preparatory Academy	38	11
19647330111625	Animo Watts College Preparatory Academy	40	14
19647330111625	Animo Watts College Preparatory Academy	26	12
19647330111625	Animo Watts College Preparatory Academy	89	31
19647330112029	Miguel Contreras Learning Complex	160	30
19647330112029	Miguel Contreras Learning Complex	152	29
19647330112029	Miguel Contreras Learning Complex	42	17
19647330112029	Miguel Contreras Learning Complex	86	11
19647330112029	Miguel Contreras Learning Complex	80	11
19647330112029	Miguel Contreras Learning Complex	74	19
19647330112029	Miguel Contreras Learning Complex	72	18
19647330112029	Miguel Contreras Learning Complex	160	30
19647330112037	East Valley Senior High	139	73
19647330112037	East Valley Senior High	118	63
19647330112037	East Valley Senior High	33	44
19647330112037	East Valley Senior High	70	28
19647330112037	East Valley Senior High	59	23
19647330112037	East Valley Senior High	69	45
19647330112037	East Valley Senior High	59	40
19647330112037	East Valley Senior High	137	67
19647330112037	East Valley Senior High	19	16
19647330112045	Arleta High	340	13
19647330112052	Panorama High	280	110
19647330112052	Panorama High	246	96
19647330112052	Panorama High	82	77
19647330112052	Panorama High	157	41
19647330112052	Panorama High	140	36
19647330112052	Panorama High	123	69
19647330112052	Panorama High	106	60
19647330112052	Panorama High	261	90
19647330112052	Panorama High	24	22
19647330112540	Lou Dantzler Preparatory Charter High	81	15
19647330112540	Lou Dantzler Preparatory Charter High	76	14
19647330112540	Lou Dantzler Preparatory Charter High	61	11
19647330112540	Lou Dantzler Preparatory Charter High	81	15
19647330112540	Lou Dantzler Preparatory Charter High	76	14
19647330112540	Lou Dantzler Preparatory Charter High	61	11
19647330114850	West Adams Preparatory High	475	92
19647330114850	West Adams Preparatory High	413	83
19647330114850	West Adams Preparatory High	162	63
19647330114850	West Adams Preparatory High	255	39
19647330114850	West Adams Preparatory High	224	36
19647330114850	West Adams Preparatory High	220	53
19647330114850	West Adams Preparatory High	189	47
19647330114850	West Adams Preparatory High	475	87
19647330114850	West Adams Preparatory High	62	11
19647330114942	Alliance College-Ready Academy High No. 7	60	18
19647330114942	Alliance College-Ready Academy High No. 7	39	13
19647330114942	Alliance College-Ready Academy High No. 7	32	14
19647330114942	Alliance College-Ready Academy High No. 7	23	11
19647330114942	Alliance College-Ready Academy High No. 7	59	18
19647330114942	Alliance College-Ready Academy High No. 7	60	18
19647330114942	Alliance College-Ready Academy High No. 7	39	13
19647330114942	Alliance College-Ready Academy High No. 7	32	14
19647330114942	Alliance College-Ready Academy High No. 7	23	11
19647330114942	Alliance College-Ready Academy High No. 7	59	18
19647330117051	Edward R. Roybal Learning Center	222	69
19647330117051	Edward R. Roybal Learning Center	194	57
19647330117051	Edward R. Roybal Learning Center	68	49
19647330117051	Edward R. Roybal Learning Center	114	23
19647330117051	Edward R. Roybal Learning Center	100	20
19647330117051	Edward R. Roybal Learning Center	108	46
19647330117051	Edward R. Roybal Learning Center	94	37
19647330117051	Edward R. Roybal Learning Center	222	65
19647330117069	Helen Bernstein High	205	62
19647330117069	Helen Bernstein High	158	47
19647330117069	Helen Bernstein High	21	11
19647330117069	Helen Bernstein High	54	38
19647330117069	Helen Bernstein High	101	20
19647330117069	Helen Bernstein High	78	18
19647330117069	Helen Bernstein High	104	42
19647330117069	Helen Bernstein High	80	29
19647330117069	Helen Bernstein High	185	50
19647330117077	APEX Academy	79	19
19647330117077	APEX Academy	73	17
19647330117077	APEX Academy	39	12
19647330117077	APEX Academy	35	11
19647330117077	APEX Academy	77	17
19647330117721	Contreras Learning Center-Academic Leadership Community	59	17
19647330117721	Contreras Learning Center-Academic Leadership Community	54	16
19647330117721	Contreras Learning Center-Academic Leadership Community	58	17
19647330117739	Roybal LC-Civitas School of Leadership	54	13
19647330117739	Roybal LC-Civitas School of Leadership	51	13
19647330117739	Roybal LC-Civitas School of Leadership	54	13
19647330117747	RFK Community Schools-Los Angeles High School of the Arts	58	17
19647330117747	RFK Community Schools-Los Angeles High School of the Arts	50	12
19647330117747	RFK Community Schools-Los Angeles High School of the Arts	22	13
19647330117747	RFK Community Schools-Los Angeles High School of the Arts	58	17
19647330117754	Belmont SH-LA Teacher Preparatory Academy	49	15
19647330117754	Belmont SH-LA Teacher Preparatory Academy	42	13
19647330117754	Belmont SH-LA Teacher Preparatory Academy	28	13
19647330117754	Belmont SH-LA Teacher Preparatory Academy	49	13
19647330117911	New Millennium Secondary	105	13
19647330117911	New Millennium Secondary	105	13
19647330118588	Animo Locke 1 College Preparatory Academy	118	56
19647330118588	Animo Locke 1 College Preparatory Academy	94	40
19647330118588	Animo Locke 1 College Preparatory Academy	47	29
19647330118588	Animo Locke 1 College Preparatory Academy	67	27
19647330118588	Animo Locke 1 College Preparatory Academy	56	16
19647330118588	Animo Locke 1 College Preparatory Academy	51	29
19647330118588	Animo Locke 1 College Preparatory Academy	38	24
19647330118588	Animo Locke 1 College Preparatory Academy	118	49
19647330118588	Alain Leroy Locke College Prep Academy	118	56
19647330118588	Alain Leroy Locke College Prep Academy	94	40
19647330118588	Alain Leroy Locke College Prep Academy	47	29
19647330118588	Alain Leroy Locke College Prep Academy	67	27
19647330118588	Alain Leroy Locke College Prep Academy	56	16
19647330118588	Alain Leroy Locke College Prep Academy	51	29
19647330118588	Alain Leroy Locke College Prep Academy	38	24
19647330118588	Alain Leroy Locke College Prep Academy	118	49
19647330118596	Animo Locke II College Preparatory Academy	111	25
19647330118596	Animo Locke II College Preparatory Academy	43	11
19647330118596	Animo Locke II College Preparatory Academy	65	14
19647330118596	Animo Locke II College Preparatory Academy	31	12
19647330118596	Animo Locke II College Preparatory Academy	60	12
19647330118596	Animo Locke II College Preparatory Academy	51	13
19647330118596	Animo Locke II College Preparatory Academy	111	24
19647330118596	Animo Locke II College Preparatory Academy	111	25
19647330118596	Animo Locke II College Preparatory Academy	43	11
19647330118596	Animo Locke II College Preparatory Academy	65	14
19647330118596	Animo Locke II College Preparatory Academy	31	12
19647330118596	Animo Locke II College Preparatory Academy	60	12
19647330118596	Animo Locke II College Preparatory Academy	51	13
19647330118596	Animo Locke II College Preparatory Academy	111	24
19647330119651	Sun Valley High	136	57
19647330119651	Sun Valley High	122	55
19647330119651	Sun Valley High	31	41
19647330119651	Sun Valley High	77	18
19647330119651	Sun Valley High	72	16
19647330119651	Sun Valley High	59	39
19647330119651	Sun Valley High	50	39
19647330119651	Sun Valley High	136	56
19647330119651	Sun Valley High	13	14
19647330119685	RFK Community Schools-New Open World Academy K-12	36	12
19647330119685	RFK Community Schools-New Open World Academy K-12	28	12
19647330119685	RFK Community Schools-New Open World Academy K-12	36	12
19647330119693	RFK Community Schools-UCLA Community K-12	56	11
19647330119719	School of Engineering and Technology	69	18
19647330119719	School of Engineering and Technology	67	18
19647330119719	School of Engineering and Technology	22	13
19647330119719	School of Engineering and Technology	31	14
19647330119719	School of Engineering and Technology	30	14
19647330119719	School of Engineering and Technology	69	17
19647330119727	Ramon C. Cortines School of Visual and Performing Arts	209	27
19647330119727	Ramon C. Cortines School of Visual and Performing Arts	112	14
19647330119727	Ramon C. Cortines School of Visual and Performing Arts	142	16
19647330119727	Ramon C. Cortines School of Visual and Performing Arts	67	11
19647330119727	Ramon C. Cortines School of Visual and Performing Arts	174	16
19647330119966	Felicitas and Gonzalo Mendez High	36	23
19647330119966	Felicitas and Gonzalo Mendez High	36	22
19647330119966	Felicitas and Gonzalo Mendez High	22	13
19647330119966	Felicitas and Gonzalo Mendez High	22	12
19647330119966	Felicitas and Gonzalo Mendez High	36	21
19647330121095	RFK Community Schools-Ambassador-Global Leadership	39	17
19647330121095	RFK Community Schools-Ambassador-Global Leadership	30	14
19647330121095	RFK Community Schools-Ambassador-Global Leadership	39	16
19647330122291	Humanitas Art School at Roosevelt High	67	19
19647330122291	Humanitas Art School at Roosevelt High	67	18
19647330122291	Humanitas Art School at Roosevelt High	20	12
19647330122291	Humanitas Art School at Roosevelt High	64	16
19647330122341	East Los Angeles Performing Arts Academy at Esteban E. Torres High No. 1	95	18
19647330122341	East Los Angeles Performing Arts Academy at Esteban E. Torres High No. 1	95	16
19647330122341	East Los Angeles Performing Arts Academy at Esteban E. Torres High No. 1	28	14
19647330122341	East Los Angeles Performing Arts Academy at Esteban E. Torres High No. 1	95	18
19647330122358	Humanitas Academy of Art and Technology at Esteban E. Torres High No. 4	67	17
19647330122358	Humanitas Academy of Art and Technology at Esteban E. Torres High No. 4	66	16
19647330122358	Humanitas Academy of Art and Technology at Esteban E. Torres High No. 4	26	11
19647330122358	Humanitas Academy of Art and Technology at Esteban E. Torres High No. 4	33	12
19647330122358	Humanitas Academy of Art and Technology at Esteban E. Torres High No. 4	33	11
19647330122358	Humanitas Academy of Art and Technology at Esteban E. Torres High No. 4	67	15
19647330122366	Social Justice Leadership Academy at Esteban E. Torres High No. 5	77	18
19647330122366	Social Justice Leadership Academy at Esteban E. Torres High No. 5	77	17
19647330122366	Social Justice Leadership Academy at Esteban E. Torres High No. 5	50	13
19647330122366	Social Justice Leadership Academy at Esteban E. Torres High No. 5	50	13
19647330122366	Social Justice Leadership Academy at Esteban E. Torres High No. 5	76	18
19647330122374	East Los Angeles Renaissance Academy at Esteban E. Torres High No. 2	55	13
19647330122374	East Los Angeles Renaissance Academy at Esteban E. Torres High No. 2	55	13
19647330122374	East Los Angeles Renaissance Academy at Esteban E. Torres High No. 2	55	12
19647331930064	William Tell Aggeler Opportunity High	1429	146
19647331930064	William Tell Aggeler Opportunity High	28715	8748
19647331930064	William Tell Aggeler Opportunity High	2638	1070
19647331930064	William Tell Aggeler Opportunity High	86	271
19647331930064	William Tell Aggeler Opportunity High	981	84
19647331930064	William Tell Aggeler Opportunity High	21153	6440
19647331930064	William Tell Aggeler Opportunity High	114	41
19647331930064	William Tell Aggeler Opportunity High	128	34
19647331930064	William Tell Aggeler Opportunity High	2185	650
19647331930064	William Tell Aggeler Opportunity High	5720	3775
19647331930064	William Tell Aggeler Opportunity High	738	66
19647331930064	William Tell Aggeler Opportunity High	15362	3669
19647331930064	William Tell Aggeler Opportunity High	1453	480
19647331930064	William Tell Aggeler Opportunity High	26	116
19647331930064	William Tell Aggeler Opportunity High	466	39
19647331930064	William Tell Aggeler Opportunity High	11447	2700
19647331930064	William Tell Aggeler Opportunity High	59	20
19647331930064	William Tell Aggeler Opportunity High	67	11
19647331930064	William Tell Aggeler Opportunity High	1106	231
19647331930064	William Tell Aggeler Opportunity High	691	80
19647331930064	William Tell Aggeler Opportunity High	13353	5079
19647331930064	William Tell Aggeler Opportunity High	1185	590
19647331930064	William Tell Aggeler Opportunity High	60	155
19647331930064	William Tell Aggeler Opportunity High	515	45
19647331930064	William Tell Aggeler Opportunity High	9706	3740
19647331930064	William Tell Aggeler Opportunity High	55	21
19647331930064	William Tell Aggeler Opportunity High	61	23
19647331930064	William Tell Aggeler Opportunity High	1079	419
19647331930064	William Tell Aggeler Opportunity High	103	33
19647331930064	William Tell Aggeler Opportunity High	25742	7678
19647331930064	William Tell Aggeler Opportunity High	2214	1242
19647331930296	Harris Newmark Continuation	1429	146
19647331930296	Harris Newmark Continuation	28715	8748
19647331930296	Harris Newmark Continuation	2638	1070
19647331930296	Harris Newmark Continuation	86	271
19647331930296	Harris Newmark Continuation	981	84
19647331930296	Harris Newmark Continuation	21153	6440
19647331930296	Harris Newmark Continuation	114	41
19647331930296	Harris Newmark Continuation	128	34
19647331930296	Harris Newmark Continuation	2185	650
19647331930296	Harris Newmark Continuation	5720	3775
19647331930296	Harris Newmark Continuation	738	66
19647331930296	Harris Newmark Continuation	15362	3669
19647331930296	Harris Newmark Continuation	1453	480
19647331930296	Harris Newmark Continuation	26	116
19647331930296	Harris Newmark Continuation	466	39
19647331930296	Harris Newmark Continuation	11447	2700
19647331930296	Harris Newmark Continuation	59	20
19647331930296	Harris Newmark Continuation	67	11
19647331930296	Harris Newmark Continuation	1106	231
19647331930296	Harris Newmark Continuation	691	80
19647331930296	Harris Newmark Continuation	13353	5079
19647331930296	Harris Newmark Continuation	1185	590
19647331930296	Harris Newmark Continuation	60	155
19647331930296	Harris Newmark Continuation	515	45
19647331930296	Harris Newmark Continuation	9706	3740
19647331930296	Harris Newmark Continuation	55	21
19647331930296	Harris Newmark Continuation	61	23
19647331930296	Harris Newmark Continuation	1079	419
19647331930296	Harris Newmark Continuation	103	33
19647331930296	Harris Newmark Continuation	25742	7678
19647331930296	Harris Newmark Continuation	2214	1242
19647331930387	Central High	1429	146
19647331930387	Central High	28715	8748
19647331930387	Central High	2638	1070
19647331930387	Central High	86	271
19647331930387	Central High	981	84
19647331930387	Central High	21153	6440
19647331930387	Central High	114	41
19647331930387	Central High	128	34
19647331930387	Central High	2185	650
19647331930387	Central High	5720	3775
19647331930387	Central High	738	66
19647331930387	Central High	15362	3669
19647331930387	Central High	1453	480
19647331930387	Central High	26	116
19647331930387	Central High	466	39
19647331930387	Central High	11447	2700
19647331930387	Central High	59	20
19647331930387	Central High	67	11
19647331930387	Central High	1106	231
19647331930387	Central High	691	80
19647331930387	Central High	13353	5079
19647331930387	Central High	1185	590
19647331930387	Central High	60	155
19647331930387	Central High	515	45
19647331930387	Central High	9706	3740
19647331930387	Central High	55	21
19647331930387	Central High	61	23
19647331930387	Central High	1079	419
19647331930387	Central High	103	33
19647331930387	Central High	25742	7678
19647331930387	Central High	2214	1242
19647331930403	Whitney Young Continuation	1429	146
19647331930403	Whitney Young Continuation	28715	8748
19647331930403	Whitney Young Continuation	2638	1070
19647331930403	Whitney Young Continuation	86	271
19647331930403	Whitney Young Continuation	981	84
19647331930403	Whitney Young Continuation	21153	6440
19647331930403	Whitney Young Continuation	114	41
19647331930403	Whitney Young Continuation	128	34
19647331930403	Whitney Young Continuation	2185	650
19647331930403	Whitney Young Continuation	5720	3775
19647331930403	Whitney Young Continuation	738	66
19647331930403	Whitney Young Continuation	15362	3669
19647331930403	Whitney Young Continuation	1453	480
19647331930403	Whitney Young Continuation	26	116
19647331930403	Whitney Young Continuation	466	39
19647331930403	Whitney Young Continuation	11447	2700
19647331930403	Whitney Young Continuation	59	20
19647331930403	Whitney Young Continuation	67	11
19647331930403	Whitney Young Continuation	1106	231
19647331930403	Whitney Young Continuation	691	80
19647331930403	Whitney Young Continuation	13353	5079
19647331930403	Whitney Young Continuation	1185	590
19647331930403	Whitney Young Continuation	60	155
19647331930403	Whitney Young Continuation	515	45
19647331930403	Whitney Young Continuation	9706	3740
19647331930403	Whitney Young Continuation	55	21
19647331930403	Whitney Young Continuation	61	23
19647331930403	Whitney Young Continuation	1079	419
19647331930403	Whitney Young Continuation	103	33
19647331930403	Whitney Young Continuation	25742	7678
19647331930403	Whitney Young Continuation	2214	1242
19647331930429	View Park Continuation	1429	146
19647331930429	View Park Continuation	28715	8748
19647331930429	View Park Continuation	2638	1070
19647331930429	View Park Continuation	86	271
19647331930429	View Park Continuation	981	84
19647331930429	View Park Continuation	21153	6440
19647331930429	View Park Continuation	114	41
19647331930429	View Park Continuation	128	34
19647331930429	View Park Continuation	2185	650
19647331930429	View Park Continuation	5720	3775
19647331930429	View Park Continuation	738	66
19647331930429	View Park Continuation	15362	3669
19647331930429	View Park Continuation	1453	480
19647331930429	View Park Continuation	26	116
19647331930429	View Park Continuation	466	39
19647331930429	View Park Continuation	11447	2700
19647331930429	View Park Continuation	59	20
19647331930429	View Park Continuation	67	11
19647331930429	View Park Continuation	1106	231
19647331930429	View Park Continuation	691	80
19647331930429	View Park Continuation	13353	5079
19647331930429	View Park Continuation	1185	590
19647331930429	View Park Continuation	60	155
19647331930429	View Park Continuation	515	45
19647331930429	View Park Continuation	9706	3740
19647331930429	View Park Continuation	55	21
19647331930429	View Park Continuation	61	23
19647331930429	View Park Continuation	1079	419
19647331930429	View Park Continuation	103	33
19647331930429	View Park Continuation	25742	7678
19647331930429	View Park Continuation	2214	1242
19647331930486	Moneta Continuation	1429	146
19647331930486	Moneta Continuation	28715	8748
19647331930486	Moneta Continuation	2638	1070
19647331930486	Moneta Continuation	86	271
19647331930486	Moneta Continuation	981	84
19647331930486	Moneta Continuation	21153	6440
19647331930486	Moneta Continuation	114	41
19647331930486	Moneta Continuation	128	34
19647331930486	Moneta Continuation	2185	650
19647331930486	Moneta Continuation	5720	3775
19647331930486	Moneta Continuation	738	66
19647331930486	Moneta Continuation	15362	3669
19647331930486	Moneta Continuation	1453	480
19647331930486	Moneta Continuation	26	116
19647331930486	Moneta Continuation	466	39
19647331930486	Moneta Continuation	11447	2700
19647331930486	Moneta Continuation	59	20
19647331930486	Moneta Continuation	67	11
19647331930486	Moneta Continuation	1106	231
19647331930486	Moneta Continuation	691	80
19647331930486	Moneta Continuation	13353	5079
19647331930486	Moneta Continuation	1185	590
19647331930486	Moneta Continuation	60	155
19647331930486	Moneta Continuation	515	45
19647331930486	Moneta Continuation	9706	3740
19647331930486	Moneta Continuation	55	21
19647331930486	Moneta Continuation	61	23
19647331930486	Moneta Continuation	1079	419
19647331930486	Moneta Continuation	103	33
19647331930486	Moneta Continuation	25742	7678
19647331930486	Moneta Continuation	2214	1242
19647331930551	San Antonio Continuation	1429	146
19647331930551	San Antonio Continuation	28715	8748
19647331930551	San Antonio Continuation	2638	1070
19647331930551	San Antonio Continuation	86	271
19647331930551	San Antonio Continuation	981	84
19647331930551	San Antonio Continuation	21153	6440
19647331930551	San Antonio Continuation	114	41
19647331930551	San Antonio Continuation	128	34
19647331930551	San Antonio Continuation	2185	650
19647331930551	San Antonio Continuation	5720	3775
19647331930551	San Antonio Continuation	738	66
19647331930551	San Antonio Continuation	15362	3669
19647331930551	San Antonio Continuation	1453	480
19647331930551	San Antonio Continuation	26	116
19647331930551	San Antonio Continuation	466	39
19647331930551	San Antonio Continuation	11447	2700
19647331930551	San Antonio Continuation	59	20
19647331930551	San Antonio Continuation	67	11
19647331930551	San Antonio Continuation	1106	231
19647331930551	San Antonio Continuation	691	80
19647331930551	San Antonio Continuation	13353	5079
19647331930551	San Antonio Continuation	1185	590
19647331930551	San Antonio Continuation	60	155
19647331930551	San Antonio Continuation	515	45
19647331930551	San Antonio Continuation	9706	3740
19647331930551	San Antonio Continuation	55	21
19647331930551	San Antonio Continuation	61	23
19647331930551	San Antonio Continuation	1079	419
19647331930551	San Antonio Continuation	103	33
19647331930551	San Antonio Continuation	25742	7678
19647331930551	San Antonio Continuation	2214	1242
19647331930577	Pueblo de Los Angeles Continuation	1429	146
19647331930577	Pueblo de Los Angeles Continuation	28715	8748
19647331930577	Pueblo de Los Angeles Continuation	2638	1070
19647331930577	Pueblo de Los Angeles Continuation	86	271
19647331930577	Pueblo de Los Angeles Continuation	981	84
19647331930577	Pueblo de Los Angeles Continuation	21153	6440
19647331930577	Pueblo de Los Angeles Continuation	114	41
19647331930577	Pueblo de Los Angeles Continuation	128	34
19647331930577	Pueblo de Los Angeles Continuation	2185	650
19647331930577	Pueblo de Los Angeles Continuation	5720	3775
19647331930577	Pueblo de Los Angeles Continuation	738	66
19647331930577	Pueblo de Los Angeles Continuation	15362	3669
19647331930577	Pueblo de Los Angeles Continuation	1453	480
19647331930577	Pueblo de Los Angeles Continuation	26	116
19647331930577	Pueblo de Los Angeles Continuation	466	39
19647331930577	Pueblo de Los Angeles Continuation	11447	2700
19647331930577	Pueblo de Los Angeles Continuation	59	20
19647331930577	Pueblo de Los Angeles Continuation	67	11
19647331930577	Pueblo de Los Angeles Continuation	1106	231
19647331930577	Pueblo de Los Angeles Continuation	691	80
19647331930577	Pueblo de Los Angeles Continuation	13353	5079
19647331930577	Pueblo de Los Angeles Continuation	1185	590
19647331930577	Pueblo de Los Angeles Continuation	60	155
19647331930577	Pueblo de Los Angeles Continuation	515	45
19647331930577	Pueblo de Los Angeles Continuation	9706	3740
19647331930577	Pueblo de Los Angeles Continuation	55	21
19647331930577	Pueblo de Los Angeles Continuation	61	23
19647331930577	Pueblo de Los Angeles Continuation	1079	419
19647331930577	Pueblo de Los Angeles Continuation	103	33
19647331930577	Pueblo de Los Angeles Continuation	25742	7678
19647331930577	Pueblo de Los Angeles Continuation	2214	1242
19647331930619	Harold McAlister High (Opportunity)	1429	146
19647331930619	Harold McAlister High (Opportunity)	28715	8748
19647331930619	Harold McAlister High (Opportunity)	2638	1070
19647331930619	Harold McAlister High (Opportunity)	86	271
19647331930619	Harold McAlister High (Opportunity)	981	84
19647331930619	Harold McAlister High (Opportunity)	21153	6440
19647331930619	Harold McAlister High (Opportunity)	114	41
19647331930619	Harold McAlister High (Opportunity)	128	34
19647331930619	Harold McAlister High (Opportunity)	2185	650
19647331930619	Harold McAlister High (Opportunity)	5720	3775
19647331930619	Harold McAlister High (Opportunity)	738	66
19647331930619	Harold McAlister High (Opportunity)	15362	3669
19647331930619	Harold McAlister High (Opportunity)	1453	480
19647331930619	Harold McAlister High (Opportunity)	26	116
19647331930619	Harold McAlister High (Opportunity)	466	39
19647331930619	Harold McAlister High (Opportunity)	11447	2700
19647331930619	Harold McAlister High (Opportunity)	59	20
19647331930619	Harold McAlister High (Opportunity)	67	11
19647331930619	Harold McAlister High (Opportunity)	1106	231
19647331930619	Harold McAlister High (Opportunity)	691	80
19647331930619	Harold McAlister High (Opportunity)	13353	5079
19647331930619	Harold McAlister High (Opportunity)	1185	590
19647331930619	Harold McAlister High (Opportunity)	60	155
19647331930619	Harold McAlister High (Opportunity)	515	45
19647331930619	Harold McAlister High (Opportunity)	9706	3740
19647331930619	Harold McAlister High (Opportunity)	55	21
19647331930619	Harold McAlister High (Opportunity)	61	23
19647331930619	Harold McAlister High (Opportunity)	1079	419
19647331930619	Harold McAlister High (Opportunity)	103	33
19647331930619	Harold McAlister High (Opportunity)	25742	7678
19647331930619	Harold McAlister High (Opportunity)	2214	1242
19647331930650	Phineas Banning Senior High	547	110
19647331930650	Phineas Banning Senior High	505	88
19647331930650	Phineas Banning Senior High	92	50
19647331930650	Phineas Banning Senior High	299	33
19647331930650	Phineas Banning Senior High	281	27
19647331930650	Phineas Banning Senior High	248	77
19647331930650	Phineas Banning Senior High	224	61
19647331930650	Phineas Banning Senior High	510	106
19647331930650	Phineas Banning Senior High	46	35
19647331930692	Thomas Riley High	1429	146
19647331930692	Thomas Riley High	28715	8748
19647331930692	Thomas Riley High	2638	1070
19647331930692	Thomas Riley High	86	271
19647331930692	Thomas Riley High	981	84
19647331930692	Thomas Riley High	21153	6440
19647331930692	Thomas Riley High	114	41
19647331930692	Thomas Riley High	128	34
19647331930692	Thomas Riley High	2185	650
19647331930692	Thomas Riley High	5720	3775
19647331930692	Thomas Riley High	738	66
19647331930692	Thomas Riley High	15362	3669
19647331930692	Thomas Riley High	1453	480
19647331930692	Thomas Riley High	26	116
19647331930692	Thomas Riley High	466	39
19647331930692	Thomas Riley High	11447	2700
19647331930692	Thomas Riley High	59	20
19647331930692	Thomas Riley High	67	11
19647331930692	Thomas Riley High	1106	231
19647331930692	Thomas Riley High	691	80
19647331930692	Thomas Riley High	13353	5079
19647331930692	Thomas Riley High	1185	590
19647331930692	Thomas Riley High	60	155
19647331930692	Thomas Riley High	515	45
19647331930692	Thomas Riley High	9706	3740
19647331930692	Thomas Riley High	55	21
19647331930692	Thomas Riley High	61	23
19647331930692	Thomas Riley High	1079	419
19647331930692	Thomas Riley High	103	33
19647331930692	Thomas Riley High	25742	7678
19647331930692	Thomas Riley High	2214	1242
19647331930734	Angel's Gate (Continuation)	1429	146
19647331930734	Angel's Gate (Continuation)	28715	8748
19647331930734	Angel's Gate (Continuation)	2638	1070
19647331930734	Angel's Gate (Continuation)	86	271
19647331930734	Angel's Gate (Continuation)	981	84
19647331930734	Angel's Gate (Continuation)	21153	6440
19647331930734	Angel's Gate (Continuation)	114	41
19647331930734	Angel's Gate (Continuation)	128	34
19647331930734	Angel's Gate (Continuation)	2185	650
19647331930734	Angel's Gate (Continuation)	5720	3775
19647331930734	Angel's Gate (Continuation)	738	66
19647331930734	Angel's Gate (Continuation)	15362	3669
19647331930734	Angel's Gate (Continuation)	1453	480
19647331930734	Angel's Gate (Continuation)	26	116
19647331930734	Angel's Gate (Continuation)	466	39
19647331930734	Angel's Gate (Continuation)	11447	2700
19647331930734	Angel's Gate (Continuation)	59	20
19647331930734	Angel's Gate (Continuation)	67	11
19647331930734	Angel's Gate (Continuation)	1106	231
19647331930734	Angel's Gate (Continuation)	691	80
19647331930734	Angel's Gate (Continuation)	13353	5079
19647331930734	Angel's Gate (Continuation)	1185	590
19647331930734	Angel's Gate (Continuation)	60	155
19647331930734	Angel's Gate (Continuation)	515	45
19647331930734	Angel's Gate (Continuation)	9706	3740
19647331930734	Angel's Gate (Continuation)	55	21
19647331930734	Angel's Gate (Continuation)	61	23
19647331930734	Angel's Gate (Continuation)	1079	419
19647331930734	Angel's Gate (Continuation)	103	33
19647331930734	Angel's Gate (Continuation)	25742	7678
19647331930734	Angel's Gate (Continuation)	2214	1242
19647331930783	Phoenix Continuation	1429	146
19647331930783	Phoenix Continuation	28715	8748
19647331930783	Phoenix Continuation	2638	1070
19647331930783	Phoenix Continuation	86	271
19647331930783	Phoenix Continuation	981	84
19647331930783	Phoenix Continuation	21153	6440
19647331930783	Phoenix Continuation	114	41
19647331930783	Phoenix Continuation	128	34
19647331930783	Phoenix Continuation	2185	650
19647331930783	Phoenix Continuation	5720	3775
19647331930783	Phoenix Continuation	738	66
19647331930783	Phoenix Continuation	15362	3669
19647331930783	Phoenix Continuation	1453	480
19647331930783	Phoenix Continuation	26	116
19647331930783	Phoenix Continuation	466	39
19647331930783	Phoenix Continuation	11447	2700
19647331930783	Phoenix Continuation	59	20
19647331930783	Phoenix Continuation	67	11
19647331930783	Phoenix Continuation	1106	231
19647331930783	Phoenix Continuation	691	80
19647331930783	Phoenix Continuation	13353	5079
19647331930783	Phoenix Continuation	1185	590
19647331930783	Phoenix Continuation	60	155
19647331930783	Phoenix Continuation	515	45
19647331930783	Phoenix Continuation	9706	3740
19647331930783	Phoenix Continuation	55	21
19647331930783	Phoenix Continuation	61	23
19647331930783	Phoenix Continuation	1079	419
19647331930783	Phoenix Continuation	103	33
19647331930783	Phoenix Continuation	25742	7678
19647331930783	Phoenix Continuation	2214	1242
19647331930791	Mt. Lukens Continuation	1429	146
19647331930791	Mt. Lukens Continuation	28715	8748
19647331930791	Mt. Lukens Continuation	2638	1070
19647331930791	Mt. Lukens Continuation	86	271
19647331930791	Mt. Lukens Continuation	981	84
19647331930791	Mt. Lukens Continuation	21153	6440
19647331930791	Mt. Lukens Continuation	114	41
19647331930791	Mt. Lukens Continuation	128	34
19647331930791	Mt. Lukens Continuation	2185	650
19647331930791	Mt. Lukens Continuation	5720	3775
19647331930791	Mt. Lukens Continuation	738	66
19647331930791	Mt. Lukens Continuation	15362	3669
19647331930791	Mt. Lukens Continuation	1453	480
19647331930791	Mt. Lukens Continuation	26	116
19647331930791	Mt. Lukens Continuation	466	39
19647331930791	Mt. Lukens Continuation	11447	2700
19647331930791	Mt. Lukens Continuation	59	20
19647331930791	Mt. Lukens Continuation	67	11
19647331930791	Mt. Lukens Continuation	1106	231
19647331930791	Mt. Lukens Continuation	691	80
19647331930791	Mt. Lukens Continuation	13353	5079
19647331930791	Mt. Lukens Continuation	1185	590
19647331930791	Mt. Lukens Continuation	60	155
19647331930791	Mt. Lukens Continuation	515	45
19647331930791	Mt. Lukens Continuation	9706	3740
19647331930791	Mt. Lukens Continuation	55	21
19647331930791	Mt. Lukens Continuation	61	23
19647331930791	Mt. Lukens Continuation	1079	419
19647331930791	Mt. Lukens Continuation	103	33
19647331930791	Mt. Lukens Continuation	25742	7678
19647331930791	Mt. Lukens Continuation	2214	1242
19647331930866	Bell Senior High	807	166
19647331930866	Bell Senior High	784	159
19647331930866	Bell Senior High	229	104
19647331930866	Bell Senior High	430	64
19647331930866	Bell Senior High	419	60
19647331930866	Bell Senior High	377	102
19647331930866	Bell Senior High	365	99
19647331930866	Bell Senior High	805	162
19647331930866	Bell Senior High	53	30
19647331930924	Belmont Senior High	215	53
19647331930924	Belmont Senior High	179	45
19647331930924	Belmont Senior High	86	40
19647331930924	Belmont Senior High	98	19
19647331930924	Belmont Senior High	87	15
19647331930924	Belmont Senior High	117	34
19647331930924	Belmont Senior High	92	30
19647331930924	Belmont Senior High	214	48
19647331930940	John R. Wooden High	1429	146
19647331930940	John R. Wooden High	28715	8748
19647331930940	John R. Wooden High	2638	1070
19647331930940	John R. Wooden High	86	271
19647331930940	John R. Wooden High	981	84
19647331930940	John R. Wooden High	21153	6440
19647331930940	John R. Wooden High	114	41
19647331930940	John R. Wooden High	128	34
19647331930940	John R. Wooden High	2185	650
19647331930940	John R. Wooden High	5720	3775
19647331930940	John R. Wooden High	738	66
19647331930940	John R. Wooden High	15362	3669
19647331930940	John R. Wooden High	1453	480
19647331930940	John R. Wooden High	26	116
19647331930940	John R. Wooden High	466	39
19647331930940	John R. Wooden High	11447	2700
19647331930940	John R. Wooden High	59	20
19647331930940	John R. Wooden High	67	11
19647331930940	John R. Wooden High	1106	231
19647331930940	John R. Wooden High	691	80
19647331930940	John R. Wooden High	13353	5079
19647331930940	John R. Wooden High	1185	590
19647331930940	John R. Wooden High	60	155
19647331930940	John R. Wooden High	515	45
19647331930940	John R. Wooden High	9706	3740
19647331930940	John R. Wooden High	55	21
19647331930940	John R. Wooden High	61	23
19647331930940	John R. Wooden High	1079	419
19647331930940	John R. Wooden High	103	33
19647331930940	John R. Wooden High	25742	7678
19647331930940	John R. Wooden High	2214	1242
19647331930973	Simon Rodia Continuation	1429	146
19647331930973	Simon Rodia Continuation	28715	8748
19647331930973	Simon Rodia Continuation	2638	1070
19647331930973	Simon Rodia Continuation	86	271
19647331930973	Simon Rodia Continuation	981	84
19647331930973	Simon Rodia Continuation	21153	6440
19647331930973	Simon Rodia Continuation	114	41
19647331930973	Simon Rodia Continuation	128	34
19647331930973	Simon Rodia Continuation	2185	650
19647331930973	Simon Rodia Continuation	5720	3775
19647331930973	Simon Rodia Continuation	738	66
19647331930973	Simon Rodia Continuation	15362	3669
19647331930973	Simon Rodia Continuation	1453	480
19647331930973	Simon Rodia Continuation	26	116
19647331930973	Simon Rodia Continuation	466	39
19647331930973	Simon Rodia Continuation	11447	2700
19647331930973	Simon Rodia Continuation	59	20
19647331930973	Simon Rodia Continuation	67	11
19647331930973	Simon Rodia Continuation	1106	231
19647331930973	Simon Rodia Continuation	691	80
19647331930973	Simon Rodia Continuation	13353	5079
19647331930973	Simon Rodia Continuation	1185	590
19647331930973	Simon Rodia Continuation	60	155
19647331930973	Simon Rodia Continuation	515	45
19647331930973	Simon Rodia Continuation	9706	3740
19647331930973	Simon Rodia Continuation	55	21
19647331930973	Simon Rodia Continuation	61	23
19647331930973	Simon Rodia Continuation	1079	419
19647331930973	Simon Rodia Continuation	103	33
19647331930973	Simon Rodia Continuation	25742	7678
19647331930973	Simon Rodia Continuation	2214	1242
19647331931047	Birmingham Community Charter High	553	44
19647331931047	Birmingham Community Charter High	411	30
19647331931047	Birmingham Community Charter High	106	19
19647331931047	Birmingham Community Charter High	275	16
19647331931047	Birmingham Community Charter High	202	12
19647331931047	Birmingham Community Charter High	278	28
19647331931047	Birmingham Community Charter High	209	18
19647331931047	Birmingham Community Charter High	522	34
19647331931047	Birmingham Community Charter High	553	44
19647331931047	Birmingham Community Charter High	411	30
19647331931047	Birmingham Community Charter High	106	19
19647331931047	Birmingham Community Charter High	275	16
19647331931047	Birmingham Community Charter High	202	12
19647331931047	Birmingham Community Charter High	278	28
19647331931047	Birmingham Community Charter High	209	18
19647331931047	Birmingham Community Charter High	522	34
19647331931336	Cheviot Hills Continuation	1429	146
19647331931336	Cheviot Hills Continuation	28715	8748
19647331931336	Cheviot Hills Continuation	2638	1070
19647331931336	Cheviot Hills Continuation	86	271
19647331931336	Cheviot Hills Continuation	981	84
19647331931336	Cheviot Hills Continuation	21153	6440
19647331931336	Cheviot Hills Continuation	114	41
19647331931336	Cheviot Hills Continuation	128	34
19647331931336	Cheviot Hills Continuation	2185	650
19647331931336	Cheviot Hills Continuation	5720	3775
19647331931336	Cheviot Hills Continuation	738	66
19647331931336	Cheviot Hills Continuation	15362	3669
19647331931336	Cheviot Hills Continuation	1453	480
19647331931336	Cheviot Hills Continuation	26	116
19647331931336	Cheviot Hills Continuation	466	39
19647331931336	Cheviot Hills Continuation	11447	2700
19647331931336	Cheviot Hills Continuation	59	20
19647331931336	Cheviot Hills Continuation	67	11
19647331931336	Cheviot Hills Continuation	1106	231
19647331931336	Cheviot Hills Continuation	691	80
19647331931336	Cheviot Hills Continuation	13353	5079
19647331931336	Cheviot Hills Continuation	1185	590
19647331931336	Cheviot Hills Continuation	60	155
19647331931336	Cheviot Hills Continuation	515	45
19647331931336	Cheviot Hills Continuation	9706	3740
19647331931336	Cheviot Hills Continuation	55	21
19647331931336	Cheviot Hills Continuation	61	23
19647331931336	Cheviot Hills Continuation	1079	419
19647331931336	Cheviot Hills Continuation	103	33
19647331931336	Cheviot Hills Continuation	25742	7678
19647331931336	Cheviot Hills Continuation	2214	1242
19647331931377	Amelia Earhart Continuation	1429	146
19647331931377	Amelia Earhart Continuation	28715	8748
19647331931377	Amelia Earhart Continuation	2638	1070
19647331931377	Amelia Earhart Continuation	86	271
19647331931377	Amelia Earhart Continuation	981	84
19647331931377	Amelia Earhart Continuation	21153	6440
19647331931377	Amelia Earhart Continuation	114	41
19647331931377	Amelia Earhart Continuation	128	34
19647331931377	Amelia Earhart Continuation	2185	650
19647331931377	Amelia Earhart Continuation	5720	3775
19647331931377	Amelia Earhart Continuation	738	66
19647331931377	Amelia Earhart Continuation	15362	3669
19647331931377	Amelia Earhart Continuation	1453	480
19647331931377	Amelia Earhart Continuation	26	116
19647331931377	Amelia Earhart Continuation	466	39
19647331931377	Amelia Earhart Continuation	11447	2700
19647331931377	Amelia Earhart Continuation	59	20
19647331931377	Amelia Earhart Continuation	67	11
19647331931377	Amelia Earhart Continuation	1106	231
19647331931377	Amelia Earhart Continuation	691	80
19647331931377	Amelia Earhart Continuation	13353	5079
19647331931377	Amelia Earhart Continuation	1185	590
19647331931377	Amelia Earhart Continuation	60	155
19647331931377	Amelia Earhart Continuation	515	45
19647331931377	Amelia Earhart Continuation	9706	3740
19647331931377	Amelia Earhart Continuation	55	21
19647331931377	Amelia Earhart Continuation	61	23
19647331931377	Amelia Earhart Continuation	1079	419
19647331931377	Amelia Earhart Continuation	103	33
19647331931377	Amelia Earhart Continuation	25742	7678
19647331931377	Amelia Earhart Continuation	2214	1242
19647331931385	Albert Einstein Continuation	1429	146
19647331931385	Albert Einstein Continuation	28715	8748
19647331931385	Albert Einstein Continuation	2638	1070
19647331931385	Albert Einstein Continuation	86	271
19647331931385	Albert Einstein Continuation	981	84
19647331931385	Albert Einstein Continuation	21153	6440
19647331931385	Albert Einstein Continuation	114	41
19647331931385	Albert Einstein Continuation	128	34
19647331931385	Albert Einstein Continuation	2185	650
19647331931385	Albert Einstein Continuation	5720	3775
19647331931385	Albert Einstein Continuation	738	66
19647331931385	Albert Einstein Continuation	15362	3669
19647331931385	Albert Einstein Continuation	1453	480
19647331931385	Albert Einstein Continuation	26	116
19647331931385	Albert Einstein Continuation	466	39
19647331931385	Albert Einstein Continuation	11447	2700
19647331931385	Albert Einstein Continuation	59	20
19647331931385	Albert Einstein Continuation	67	11
19647331931385	Albert Einstein Continuation	1106	231
19647331931385	Albert Einstein Continuation	691	80
19647331931385	Albert Einstein Continuation	13353	5079
19647331931385	Albert Einstein Continuation	1185	590
19647331931385	Albert Einstein Continuation	60	155
19647331931385	Albert Einstein Continuation	515	45
19647331931385	Albert Einstein Continuation	9706	3740
19647331931385	Albert Einstein Continuation	55	21
19647331931385	Albert Einstein Continuation	61	23
19647331931385	Albert Einstein Continuation	1079	419
19647331931385	Albert Einstein Continuation	103	33
19647331931385	Albert Einstein Continuation	25742	7678
19647331931385	Albert Einstein Continuation	2214	1242
19647331931393	Highland Park Continuation	1429	146
19647331931393	Highland Park Continuation	28715	8748
19647331931393	Highland Park Continuation	2638	1070
19647331931393	Highland Park Continuation	86	271
19647331931393	Highland Park Continuation	981	84
19647331931393	Highland Park Continuation	21153	6440
19647331931393	Highland Park Continuation	114	41
19647331931393	Highland Park Continuation	128	34
19647331931393	Highland Park Continuation	2185	650
19647331931393	Highland Park Continuation	5720	3775
19647331931393	Highland Park Continuation	738	66
19647331931393	Highland Park Continuation	15362	3669
19647331931393	Highland Park Continuation	1453	480
19647331931393	Highland Park Continuation	26	116
19647331931393	Highland Park Continuation	466	39
19647331931393	Highland Park Continuation	11447	2700
19647331931393	Highland Park Continuation	59	20
19647331931393	Highland Park Continuation	67	11
19647331931393	Highland Park Continuation	1106	231
19647331931393	Highland Park Continuation	691	80
19647331931393	Highland Park Continuation	13353	5079
19647331931393	Highland Park Continuation	1185	590
19647331931393	Highland Park Continuation	60	155
19647331931393	Highland Park Continuation	515	45
19647331931393	Highland Park Continuation	9706	3740
19647331931393	Highland Park Continuation	55	21
19647331931393	Highland Park Continuation	61	23
19647331931393	Highland Park Continuation	1079	419
19647331931393	Highland Park Continuation	103	33
19647331931393	Highland Park Continuation	25742	7678
19647331931393	Highland Park Continuation	2214	1242
19647331931419	Miguel Leonis Continuation	1429	146
19647331931419	Miguel Leonis Continuation	28715	8748
19647331931419	Miguel Leonis Continuation	2638	1070
19647331931419	Miguel Leonis Continuation	86	271
19647331931419	Miguel Leonis Continuation	981	84
19647331931419	Miguel Leonis Continuation	21153	6440
19647331931419	Miguel Leonis Continuation	114	41
19647331931419	Miguel Leonis Continuation	128	34
19647331931419	Miguel Leonis Continuation	2185	650
19647331931419	Miguel Leonis Continuation	5720	3775
19647331931419	Miguel Leonis Continuation	738	66
19647331931419	Miguel Leonis Continuation	15362	3669
19647331931419	Miguel Leonis Continuation	1453	480
19647331931419	Miguel Leonis Continuation	26	116
19647331931419	Miguel Leonis Continuation	466	39
19647331931419	Miguel Leonis Continuation	11447	2700
19647331931419	Miguel Leonis Continuation	59	20
19647331931419	Miguel Leonis Continuation	67	11
19647331931419	Miguel Leonis Continuation	1106	231
19647331931419	Miguel Leonis Continuation	691	80
19647331931419	Miguel Leonis Continuation	13353	5079
19647331931419	Miguel Leonis Continuation	1185	590
19647331931419	Miguel Leonis Continuation	60	155
19647331931419	Miguel Leonis Continuation	515	45
19647331931419	Miguel Leonis Continuation	9706	3740
19647331931419	Miguel Leonis Continuation	55	21
19647331931419	Miguel Leonis Continuation	61	23
19647331931419	Miguel Leonis Continuation	1079	419
19647331931419	Miguel Leonis Continuation	103	33
19647331931419	Miguel Leonis Continuation	25742	7678
19647331931419	Miguel Leonis Continuation	2214	1242
19647331931435	Robert H. Lewis Continuation	1429	146
19647331931435	Robert H. Lewis Continuation	28715	8748
19647331931435	Robert H. Lewis Continuation	2638	1070
19647331931435	Robert H. Lewis Continuation	86	271
19647331931435	Robert H. Lewis Continuation	981	84
19647331931435	Robert H. Lewis Continuation	21153	6440
19647331931435	Robert H. Lewis Continuation	114	41
19647331931435	Robert H. Lewis Continuation	128	34
19647331931435	Robert H. Lewis Continuation	2185	650
19647331931435	Robert H. Lewis Continuation	5720	3775
19647331931435	Robert H. Lewis Continuation	738	66
19647331931435	Robert H. Lewis Continuation	15362	3669
19647331931435	Robert H. Lewis Continuation	1453	480
19647331931435	Robert H. Lewis Continuation	26	116
19647331931435	Robert H. Lewis Continuation	466	39
19647331931435	Robert H. Lewis Continuation	11447	2700
19647331931435	Robert H. Lewis Continuation	59	20
19647331931435	Robert H. Lewis Continuation	67	11
19647331931435	Robert H. Lewis Continuation	1106	231
19647331931435	Robert H. Lewis Continuation	691	80
19647331931435	Robert H. Lewis Continuation	13353	5079
19647331931435	Robert H. Lewis Continuation	1185	590
19647331931435	Robert H. Lewis Continuation	60	155
19647331931435	Robert H. Lewis Continuation	515	45
19647331931435	Robert H. Lewis Continuation	9706	3740
19647331931435	Robert H. Lewis Continuation	55	21
19647331931435	Robert H. Lewis Continuation	61	23
19647331931435	Robert H. Lewis Continuation	1079	419
19647331931435	Robert H. Lewis Continuation	103	33
19647331931435	Robert H. Lewis Continuation	25742	7678
19647331931435	Robert H. Lewis Continuation	2214	1242
19647331931450	Jack London Continuation	1429	146
19647331931450	Jack London Continuation	28715	8748
19647331931450	Jack London Continuation	2638	1070
19647331931450	Jack London Continuation	86	271
19647331931450	Jack London Continuation	981	84
19647331931450	Jack London Continuation	21153	6440
19647331931450	Jack London Continuation	114	41
19647331931450	Jack London Continuation	128	34
19647331931450	Jack London Continuation	2185	650
19647331931450	Jack London Continuation	5720	3775
19647331931450	Jack London Continuation	738	66
19647331931450	Jack London Continuation	15362	3669
19647331931450	Jack London Continuation	1453	480
19647331931450	Jack London Continuation	26	116
19647331931450	Jack London Continuation	466	39
19647331931450	Jack London Continuation	11447	2700
19647331931450	Jack London Continuation	59	20
19647331931450	Jack London Continuation	67	11
19647331931450	Jack London Continuation	1106	231
19647331931450	Jack London Continuation	691	80
19647331931450	Jack London Continuation	13353	5079
19647331931450	Jack London Continuation	1185	590
19647331931450	Jack London Continuation	60	155
19647331931450	Jack London Continuation	515	45
19647331931450	Jack London Continuation	9706	3740
19647331931450	Jack London Continuation	55	21
19647331931450	Jack London Continuation	61	23
19647331931450	Jack London Continuation	1079	419
19647331931450	Jack London Continuation	103	33
19647331931450	Jack London Continuation	25742	7678
19647331931450	Jack London Continuation	2214	1242
19647331931468	Metropolitan Continuation	1429	146
19647331931468	Metropolitan Continuation	28715	8748
19647331931468	Metropolitan Continuation	2638	1070
19647331931468	Metropolitan Continuation	86	271
19647331931468	Metropolitan Continuation	981	84
19647331931468	Metropolitan Continuation	21153	6440
19647331931468	Metropolitan Continuation	114	41
19647331931468	Metropolitan Continuation	128	34
19647331931468	Metropolitan Continuation	2185	650
19647331931468	Metropolitan Continuation	5720	3775
19647331931468	Metropolitan Continuation	738	66
19647331931468	Metropolitan Continuation	15362	3669
19647331931468	Metropolitan Continuation	1453	480
19647331931468	Metropolitan Continuation	26	116
19647331931468	Metropolitan Continuation	466	39
19647331931468	Metropolitan Continuation	11447	2700
19647331931468	Metropolitan Continuation	59	20
19647331931468	Metropolitan Continuation	67	11
19647331931468	Metropolitan Continuation	1106	231
19647331931468	Metropolitan Continuation	691	80
19647331931468	Metropolitan Continuation	13353	5079
19647331931468	Metropolitan Continuation	1185	590
19647331931468	Metropolitan Continuation	60	155
19647331931468	Metropolitan Continuation	515	45
19647331931468	Metropolitan Continuation	9706	3740
19647331931468	Metropolitan Continuation	55	21
19647331931468	Metropolitan Continuation	61	23
19647331931468	Metropolitan Continuation	1079	419
19647331931468	Metropolitan Continuation	103	33
19647331931468	Metropolitan Continuation	25742	7678
19647331931468	Metropolitan Continuation	2214	1242
19647331931476	Canoga Park Senior High	319	19
19647331931476	Canoga Park Senior High	267	13
19647331931476	Canoga Park Senior High	155	13
19647331931476	Canoga Park Senior High	302	15
19647331931484	Mission Continuation	1429	146
19647331931484	Mission Continuation	28715	8748
19647331931484	Mission Continuation	2638	1070
19647331931484	Mission Continuation	86	271
19647331931484	Mission Continuation	981	84
19647331931484	Mission Continuation	21153	6440
19647331931484	Mission Continuation	114	41
19647331931484	Mission Continuation	128	34
19647331931484	Mission Continuation	2185	650
19647331931484	Mission Continuation	5720	3775
19647331931484	Mission Continuation	738	66
19647331931484	Mission Continuation	15362	3669
19647331931484	Mission Continuation	1453	480
19647331931484	Mission Continuation	26	116
19647331931484	Mission Continuation	466	39
19647331931484	Mission Continuation	11447	2700
19647331931484	Mission Continuation	59	20
19647331931484	Mission Continuation	67	11
19647331931484	Mission Continuation	1106	231
19647331931484	Mission Continuation	691	80
19647331931484	Mission Continuation	13353	5079
19647331931484	Mission Continuation	1185	590
19647331931484	Mission Continuation	60	155
19647331931484	Mission Continuation	515	45
19647331931484	Mission Continuation	9706	3740
19647331931484	Mission Continuation	55	21
19647331931484	Mission Continuation	61	23
19647331931484	Mission Continuation	1079	419
19647331931484	Mission Continuation	103	33
19647331931484	Mission Continuation	25742	7678
19647331931484	Mission Continuation	2214	1242
19647331931500	Owensmouth Continuation	1429	146
19647331931500	Owensmouth Continuation	28715	8748
19647331931500	Owensmouth Continuation	2638	1070
19647331931500	Owensmouth Continuation	86	271
19647331931500	Owensmouth Continuation	981	84
19647331931500	Owensmouth Continuation	21153	6440
19647331931500	Owensmouth Continuation	114	41
19647331931500	Owensmouth Continuation	128	34
19647331931500	Owensmouth Continuation	2185	650
19647331931500	Owensmouth Continuation	5720	3775
19647331931500	Owensmouth Continuation	738	66
19647331931500	Owensmouth Continuation	15362	3669
19647331931500	Owensmouth Continuation	1453	480
19647331931500	Owensmouth Continuation	26	116
19647331931500	Owensmouth Continuation	466	39
19647331931500	Owensmouth Continuation	11447	2700
19647331931500	Owensmouth Continuation	59	20
19647331931500	Owensmouth Continuation	67	11
19647331931500	Owensmouth Continuation	1106	231
19647331931500	Owensmouth Continuation	691	80
19647331931500	Owensmouth Continuation	13353	5079
19647331931500	Owensmouth Continuation	1185	590
19647331931500	Owensmouth Continuation	60	155
19647331931500	Owensmouth Continuation	515	45
19647331931500	Owensmouth Continuation	9706	3740
19647331931500	Owensmouth Continuation	55	21
19647331931500	Owensmouth Continuation	61	23
19647331931500	Owensmouth Continuation	1079	419
19647331931500	Owensmouth Continuation	103	33
19647331931500	Owensmouth Continuation	25742	7678
19647331931500	Owensmouth Continuation	2214	1242
19647331931518	George S. Patton Continuation	1429	146
19647331931518	George S. Patton Continuation	28715	8748
19647331931518	George S. Patton Continuation	2638	1070
19647331931518	George S. Patton Continuation	86	271
19647331931518	George S. Patton Continuation	981	84
19647331931518	George S. Patton Continuation	21153	6440
19647331931518	George S. Patton Continuation	114	41
19647331931518	George S. Patton Continuation	128	34
19647331931518	George S. Patton Continuation	2185	650
19647331931518	George S. Patton Continuation	5720	3775
19647331931518	George S. Patton Continuation	738	66
19647331931518	George S. Patton Continuation	15362	3669
19647331931518	George S. Patton Continuation	1453	480
19647331931518	George S. Patton Continuation	26	116
19647331931518	George S. Patton Continuation	466	39
19647331931518	George S. Patton Continuation	11447	2700
19647331931518	George S. Patton Continuation	59	20
19647331931518	George S. Patton Continuation	67	11
19647331931518	George S. Patton Continuation	1106	231
19647331931518	George S. Patton Continuation	691	80
19647331931518	George S. Patton Continuation	13353	5079
19647331931518	George S. Patton Continuation	1185	590
19647331931518	George S. Patton Continuation	60	155
19647331931518	George S. Patton Continuation	515	45
19647331931518	George S. Patton Continuation	9706	3740
19647331931518	George S. Patton Continuation	55	21
19647331931518	George S. Patton Continuation	61	23
19647331931518	George S. Patton Continuation	1079	419
19647331931518	George S. Patton Continuation	103	33
19647331931518	George S. Patton Continuation	25742	7678
19647331931518	George S. Patton Continuation	2214	1242
19647331931526	Carson Senior High	609	111
19647331931526	Carson Senior High	106	24
19647331931526	Carson Senior High	148	14
19647331931526	Carson Senior High	275	54
19647331931526	Carson Senior High	53	20
19647331931526	Carson Senior High	325	43
19647331931526	Carson Senior High	156	22
19647331931526	Carson Senior High	284	68
19647331931526	Carson Senior High	57	15
19647331931526	Carson Senior High	119	32
19647331931526	Carson Senior High	443	82
19647331931526	Carson Senior High	36	16
19647331931534	Will Rogers Continuation	1429	146
19647331931534	Will Rogers Continuation	28715	8748
19647331931534	Will Rogers Continuation	2638	1070
19647331931534	Will Rogers Continuation	86	271
19647331931534	Will Rogers Continuation	981	84
19647331931534	Will Rogers Continuation	21153	6440
19647331931534	Will Rogers Continuation	114	41
19647331931534	Will Rogers Continuation	128	34
19647331931534	Will Rogers Continuation	2185	650
19647331931534	Will Rogers Continuation	5720	3775
19647331931534	Will Rogers Continuation	738	66
19647331931534	Will Rogers Continuation	15362	3669
19647331931534	Will Rogers Continuation	1453	480
19647331931534	Will Rogers Continuation	26	116
19647331931534	Will Rogers Continuation	466	39
19647331931534	Will Rogers Continuation	11447	2700
19647331931534	Will Rogers Continuation	59	20
19647331931534	Will Rogers Continuation	67	11
19647331931534	Will Rogers Continuation	1106	231
19647331931534	Will Rogers Continuation	691	80
19647331931534	Will Rogers Continuation	13353	5079
19647331931534	Will Rogers Continuation	1185	590
19647331931534	Will Rogers Continuation	60	155
19647331931534	Will Rogers Continuation	515	45
19647331931534	Will Rogers Continuation	9706	3740
19647331931534	Will Rogers Continuation	55	21
19647331931534	Will Rogers Continuation	61	23
19647331931534	Will Rogers Continuation	1079	419
19647331931534	Will Rogers Continuation	103	33
19647331931534	Will Rogers Continuation	25742	7678
19647331931534	Will Rogers Continuation	2214	1242
19647331931559	Stoney Point Continuation	1429	146
19647331931559	Stoney Point Continuation	28715	8748
19647331931559	Stoney Point Continuation	2638	1070
19647331931559	Stoney Point Continuation	86	271
19647331931559	Stoney Point Continuation	981	84
19647331931559	Stoney Point Continuation	21153	6440
19647331931559	Stoney Point Continuation	114	41
19647331931559	Stoney Point Continuation	128	34
19647331931559	Stoney Point Continuation	2185	650
19647331931559	Stoney Point Continuation	5720	3775
19647331931559	Stoney Point Continuation	738	66
19647331931559	Stoney Point Continuation	15362	3669
19647331931559	Stoney Point Continuation	1453	480
19647331931559	Stoney Point Continuation	26	116
19647331931559	Stoney Point Continuation	466	39
19647331931559	Stoney Point Continuation	11447	2700
19647331931559	Stoney Point Continuation	59	20
19647331931559	Stoney Point Continuation	67	11
19647331931559	Stoney Point Continuation	1106	231
19647331931559	Stoney Point Continuation	691	80
19647331931559	Stoney Point Continuation	13353	5079
19647331931559	Stoney Point Continuation	1185	590
19647331931559	Stoney Point Continuation	60	155
19647331931559	Stoney Point Continuation	515	45
19647331931559	Stoney Point Continuation	9706	3740
19647331931559	Stoney Point Continuation	55	21
19647331931559	Stoney Point Continuation	61	23
19647331931559	Stoney Point Continuation	1079	419
19647331931559	Stoney Point Continuation	103	33
19647331931559	Stoney Point Continuation	25742	7678
19647331931559	Stoney Point Continuation	2214	1242
19647331931682	Zane Grey Continuation	1429	146
19647331931682	Zane Grey Continuation	28715	8748
19647331931682	Zane Grey Continuation	2638	1070
19647331931682	Zane Grey Continuation	86	271
19647331931682	Zane Grey Continuation	981	84
19647331931682	Zane Grey Continuation	21153	6440
19647331931682	Zane Grey Continuation	114	41
19647331931682	Zane Grey Continuation	128	34
19647331931682	Zane Grey Continuation	2185	650
19647331931682	Zane Grey Continuation	5720	3775
19647331931682	Zane Grey Continuation	738	66
19647331931682	Zane Grey Continuation	15362	3669
19647331931682	Zane Grey Continuation	1453	480
19647331931682	Zane Grey Continuation	26	116
19647331931682	Zane Grey Continuation	466	39
19647331931682	Zane Grey Continuation	11447	2700
19647331931682	Zane Grey Continuation	59	20
19647331931682	Zane Grey Continuation	67	11
19647331931682	Zane Grey Continuation	1106	231
19647331931682	Zane Grey Continuation	691	80
19647331931682	Zane Grey Continuation	13353	5079
19647331931682	Zane Grey Continuation	1185	590
19647331931682	Zane Grey Continuation	60	155
19647331931682	Zane Grey Continuation	515	45
19647331931682	Zane Grey Continuation	9706	3740
19647331931682	Zane Grey Continuation	55	21
19647331931682	Zane Grey Continuation	61	23
19647331931682	Zane Grey Continuation	1079	419
19647331931682	Zane Grey Continuation	103	33
19647331931682	Zane Grey Continuation	25742	7678
19647331931682	Zane Grey Continuation	2214	1242
19647331931690	Independence Continuation	1429	146
19647331931690	Independence Continuation	28715	8748
19647331931690	Independence Continuation	2638	1070
19647331931690	Independence Continuation	86	271
19647331931690	Independence Continuation	981	84
19647331931690	Independence Continuation	21153	6440
19647331931690	Independence Continuation	114	41
19647331931690	Independence Continuation	128	34
19647331931690	Independence Continuation	2185	650
19647331931690	Independence Continuation	5720	3775
19647331931690	Independence Continuation	738	66
19647331931690	Independence Continuation	15362	3669
19647331931690	Independence Continuation	1453	480
19647331931690	Independence Continuation	26	116
19647331931690	Independence Continuation	466	39
19647331931690	Independence Continuation	11447	2700
19647331931690	Independence Continuation	59	20
19647331931690	Independence Continuation	67	11
19647331931690	Independence Continuation	1106	231
19647331931690	Independence Continuation	691	80
19647331931690	Independence Continuation	13353	5079
19647331931690	Independence Continuation	1185	590
19647331931690	Independence Continuation	60	155
19647331931690	Independence Continuation	515	45
19647331931690	Independence Continuation	9706	3740
19647331931690	Independence Continuation	55	21
19647331931690	Independence Continuation	61	23
19647331931690	Independence Continuation	1079	419
19647331931690	Independence Continuation	103	33
19647331931690	Independence Continuation	25742	7678
19647331931690	Independence Continuation	2214	1242
19647331931708	Chatsworth Charter High	638	61
19647331931708	Chatsworth Charter High	304	39
19647331931708	Chatsworth Charter High	71	20
19647331931708	Chatsworth Charter High	317	25
19647331931708	Chatsworth Charter High	147	18
19647331931708	Chatsworth Charter High	321	36
19647331931708	Chatsworth Charter High	157	21
19647331931708	Chatsworth Charter High	457	42
19647331931856	Whitman Continuation	1429	146
19647331931856	Whitman Continuation	28715	8748
19647331931856	Whitman Continuation	2638	1070
19647331931856	Whitman Continuation	86	271
19647331931856	Whitman Continuation	981	84
19647331931856	Whitman Continuation	21153	6440
19647331931856	Whitman Continuation	114	41
19647331931856	Whitman Continuation	128	34
19647331931856	Whitman Continuation	2185	650
19647331931856	Whitman Continuation	5720	3775
19647331931856	Whitman Continuation	738	66
19647331931856	Whitman Continuation	15362	3669
19647331931856	Whitman Continuation	1453	480
19647331931856	Whitman Continuation	26	116
19647331931856	Whitman Continuation	466	39
19647331931856	Whitman Continuation	11447	2700
19647331931856	Whitman Continuation	59	20
19647331931856	Whitman Continuation	67	11
19647331931856	Whitman Continuation	1106	231
19647331931856	Whitman Continuation	691	80
19647331931856	Whitman Continuation	13353	5079
19647331931856	Whitman Continuation	1185	590
19647331931856	Whitman Continuation	60	155
19647331931856	Whitman Continuation	515	45
19647331931856	Whitman Continuation	9706	3740
19647331931856	Whitman Continuation	55	21
19647331931856	Whitman Continuation	61	23
19647331931856	Whitman Continuation	1079	419
19647331931856	Whitman Continuation	103	33
19647331931856	Whitman Continuation	25742	7678
19647331931856	Whitman Continuation	2214	1242
19647331931864	Grover Cleveland Charter High	733	106
19647331931864	Grover Cleveland Charter High	438	77
19647331931864	Grover Cleveland Charter High	106	13
19647331931864	Grover Cleveland Charter High	98	53
19647331931864	Grover Cleveland Charter High	392	43
19647331931864	Grover Cleveland Charter High	245	32
19647331931864	Grover Cleveland Charter High	341	63
19647331931864	Grover Cleveland Charter High	193	45
19647331931864	Grover Cleveland Charter High	601	95
19647331931864	Grover Cleveland Charter High	41	22
19647331931930	Avalon High	1429	146
19647331931930	Avalon High	28715	8748
19647331931930	Avalon High	2638	1070
19647331931930	Avalon High	86	271
19647331931930	Avalon High	981	84
19647331931930	Avalon High	21153	6440
19647331931930	Avalon High	114	41
19647331931930	Avalon High	128	34
19647331931930	Avalon High	2185	650
19647331931930	Avalon High	5720	3775
19647331931930	Avalon High	738	66
19647331931930	Avalon High	15362	3669
19647331931930	Avalon High	1453	480
19647331931930	Avalon High	26	116
19647331931930	Avalon High	466	39
19647331931930	Avalon High	11447	2700
19647331931930	Avalon High	59	20
19647331931930	Avalon High	67	11
19647331931930	Avalon High	1106	231
19647331931930	Avalon High	691	80
19647331931930	Avalon High	13353	5079
19647331931930	Avalon High	1185	590
19647331931930	Avalon High	60	155
19647331931930	Avalon High	515	45
19647331931930	Avalon High	9706	3740
19647331931930	Avalon High	55	21
19647331931930	Avalon High	61	23
19647331931930	Avalon High	1079	419
19647331931930	Avalon High	103	33
19647331931930	Avalon High	25742	7678
19647331931930	Avalon High	2214	1242
19647331931955	Ellington (Duke) High (Continuation)	1429	146
19647331931955	Ellington (Duke) High (Continuation)	28715	8748
19647331931955	Ellington (Duke) High (Continuation)	2638	1070
19647331931955	Ellington (Duke) High (Continuation)	86	271
19647331931955	Ellington (Duke) High (Continuation)	981	84
19647331931955	Ellington (Duke) High (Continuation)	21153	6440
19647331931955	Ellington (Duke) High (Continuation)	114	41
19647331931955	Ellington (Duke) High (Continuation)	128	34
19647331931955	Ellington (Duke) High (Continuation)	2185	650
19647331931955	Ellington (Duke) High (Continuation)	5720	3775
19647331931955	Ellington (Duke) High (Continuation)	738	66
19647331931955	Ellington (Duke) High (Continuation)	15362	3669
19647331931955	Ellington (Duke) High (Continuation)	1453	480
19647331931955	Ellington (Duke) High (Continuation)	26	116
19647331931955	Ellington (Duke) High (Continuation)	466	39
19647331931955	Ellington (Duke) High (Continuation)	11447	2700
19647331931955	Ellington (Duke) High (Continuation)	59	20
19647331931955	Ellington (Duke) High (Continuation)	67	11
19647331931955	Ellington (Duke) High (Continuation)	1106	231
19647331931955	Ellington (Duke) High (Continuation)	691	80
19647331931955	Ellington (Duke) High (Continuation)	13353	5079
19647331931955	Ellington (Duke) High (Continuation)	1185	590
19647331931955	Ellington (Duke) High (Continuation)	60	155
19647331931955	Ellington (Duke) High (Continuation)	515	45
19647331931955	Ellington (Duke) High (Continuation)	9706	3740
19647331931955	Ellington (Duke) High (Continuation)	55	21
19647331931955	Ellington (Duke) High (Continuation)	61	23
19647331931955	Ellington (Duke) High (Continuation)	1079	419
19647331931955	Ellington (Duke) High (Continuation)	103	33
19647331931955	Ellington (Duke) High (Continuation)	25742	7678
19647331931955	Ellington (Duke) High (Continuation)	2214	1242
19647331931971	John Hope Continuation	1429	146
19647331931971	John Hope Continuation	28715	8748
19647331931971	John Hope Continuation	2638	1070
19647331931971	John Hope Continuation	86	271
19647331931971	John Hope Continuation	981	84
19647331931971	John Hope Continuation	21153	6440
19647331931971	John Hope Continuation	114	41
19647331931971	John Hope Continuation	128	34
19647331931971	John Hope Continuation	2185	650
19647331931971	John Hope Continuation	5720	3775
19647331931971	John Hope Continuation	738	66
19647331931971	John Hope Continuation	15362	3669
19647331931971	John Hope Continuation	1453	480
19647331931971	John Hope Continuation	26	116
19647331931971	John Hope Continuation	466	39
19647331931971	John Hope Continuation	11447	2700
19647331931971	John Hope Continuation	59	20
19647331931971	John Hope Continuation	67	11
19647331931971	John Hope Continuation	1106	231
19647331931971	John Hope Continuation	691	80
19647331931971	John Hope Continuation	13353	5079
19647331931971	John Hope Continuation	1185	590
19647331931971	John Hope Continuation	60	155
19647331931971	John Hope Continuation	515	45
19647331931971	John Hope Continuation	9706	3740
19647331931971	John Hope Continuation	55	21
19647331931971	John Hope Continuation	61	23
19647331931971	John Hope Continuation	1079	419
19647331931971	John Hope Continuation	103	33
19647331931971	John Hope Continuation	25742	7678
19647331931971	John Hope Continuation	2214	1242
19647331931989	Monterey Continuation	1429	146
19647331931989	Monterey Continuation	28715	8748
19647331931989	Monterey Continuation	2638	1070
19647331931989	Monterey Continuation	86	271
19647331931989	Monterey Continuation	981	84
19647331931989	Monterey Continuation	21153	6440
19647331931989	Monterey Continuation	114	41
19647331931989	Monterey Continuation	128	34
19647331931989	Monterey Continuation	2185	650
19647331931989	Monterey Continuation	5720	3775
19647331931989	Monterey Continuation	738	66
19647331931989	Monterey Continuation	15362	3669
19647331931989	Monterey Continuation	1453	480
19647331931989	Monterey Continuation	26	116
19647331931989	Monterey Continuation	466	39
19647331931989	Monterey Continuation	11447	2700
19647331931989	Monterey Continuation	59	20
19647331931989	Monterey Continuation	67	11
19647331931989	Monterey Continuation	1106	231
19647331931989	Monterey Continuation	691	80
19647331931989	Monterey Continuation	13353	5079
19647331931989	Monterey Continuation	1185	590
19647331931989	Monterey Continuation	60	155
19647331931989	Monterey Continuation	515	45
19647331931989	Monterey Continuation	9706	3740
19647331931989	Monterey Continuation	55	21
19647331931989	Monterey Continuation	61	23
19647331931989	Monterey Continuation	1079	419
19647331931989	Monterey Continuation	103	33
19647331931989	Monterey Continuation	25742	7678
19647331931989	Monterey Continuation	2214	1242
19647331931997	Odyssey Continuation	1429	146
19647331931997	Odyssey Continuation	28715	8748
19647331931997	Odyssey Continuation	2638	1070
19647331931997	Odyssey Continuation	86	271
19647331931997	Odyssey Continuation	981	84
19647331931997	Odyssey Continuation	21153	6440
19647331931997	Odyssey Continuation	114	41
19647331931997	Odyssey Continuation	128	34
19647331931997	Odyssey Continuation	2185	650
19647331931997	Odyssey Continuation	5720	3775
19647331931997	Odyssey Continuation	738	66
19647331931997	Odyssey Continuation	15362	3669
19647331931997	Odyssey Continuation	1453	480
19647331931997	Odyssey Continuation	26	116
19647331931997	Odyssey Continuation	466	39
19647331931997	Odyssey Continuation	11447	2700
19647331931997	Odyssey Continuation	59	20
19647331931997	Odyssey Continuation	67	11
19647331931997	Odyssey Continuation	1106	231
19647331931997	Odyssey Continuation	691	80
19647331931997	Odyssey Continuation	13353	5079
19647331931997	Odyssey Continuation	1185	590
19647331931997	Odyssey Continuation	60	155
19647331931997	Odyssey Continuation	515	45
19647331931997	Odyssey Continuation	9706	3740
19647331931997	Odyssey Continuation	55	21
19647331931997	Odyssey Continuation	61	23
19647331931997	Odyssey Continuation	1079	419
19647331931997	Odyssey Continuation	103	33
19647331931997	Odyssey Continuation	25742	7678
19647331931997	Odyssey Continuation	2214	1242
19647331932128	Crenshaw Science, Technology, Engineering, Math and Medicine Magnet	290	85
19647331932128	Crenshaw Science, Technology, Engineering, Math and Medicine Magnet	193	53
19647331932128	Crenshaw Science, Technology, Engineering, Math and Medicine Magnet	91	31
19647331932128	Crenshaw Science, Technology, Engineering, Math and Medicine Magnet	30	27
19647331932128	Crenshaw Science, Technology, Engineering, Math and Medicine Magnet	160	42
19647331932128	Crenshaw Science, Technology, Engineering, Math and Medicine Magnet	107	23
19647331932128	Crenshaw Science, Technology, Engineering, Math and Medicine Magnet	50	18
19647331932128	Crenshaw Science, Technology, Engineering, Math and Medicine Magnet	130	43
19647331932128	Crenshaw Science, Technology, Engineering, Math and Medicine Magnet	86	30
19647331932128	Crenshaw Science, Technology, Engineering, Math and Medicine Magnet	41	13
19647331932128	Crenshaw Science, Technology, Engineering, Math and Medicine Magnet	284	80
19647331932128	Crenshaw Science, Technology, Engineering, Math and Medicine Magnet	24	15
19647331932250	Henry David Thoreau Continuation	1429	146
19647331932250	Henry David Thoreau Continuation	28715	8748
19647331932250	Henry David Thoreau Continuation	2638	1070
19647331932250	Henry David Thoreau Continuation	86	271
19647331932250	Henry David Thoreau Continuation	981	84
19647331932250	Henry David Thoreau Continuation	21153	6440
19647331932250	Henry David Thoreau Continuation	114	41
19647331932250	Henry David Thoreau Continuation	128	34
19647331932250	Henry David Thoreau Continuation	2185	650
19647331932250	Henry David Thoreau Continuation	5720	3775
19647331932250	Henry David Thoreau Continuation	738	66
19647331932250	Henry David Thoreau Continuation	15362	3669
19647331932250	Henry David Thoreau Continuation	1453	480
19647331932250	Henry David Thoreau Continuation	26	116
19647331932250	Henry David Thoreau Continuation	466	39
19647331932250	Henry David Thoreau Continuation	11447	2700
19647331932250	Henry David Thoreau Continuation	59	20
19647331932250	Henry David Thoreau Continuation	67	11
19647331932250	Henry David Thoreau Continuation	1106	231
19647331932250	Henry David Thoreau Continuation	691	80
19647331932250	Henry David Thoreau Continuation	13353	5079
19647331932250	Henry David Thoreau Continuation	1185	590
19647331932250	Henry David Thoreau Continuation	60	155
19647331932250	Henry David Thoreau Continuation	515	45
19647331932250	Henry David Thoreau Continuation	9706	3740
19647331932250	Henry David Thoreau Continuation	55	21
19647331932250	Henry David Thoreau Continuation	61	23
19647331932250	Henry David Thoreau Continuation	1079	419
19647331932250	Henry David Thoreau Continuation	103	33
19647331932250	Henry David Thoreau Continuation	25742	7678
19647331932250	Henry David Thoreau Continuation	2214	1242
19647331932318	Eagle Tree Continuation	1429	146
19647331932318	Eagle Tree Continuation	28715	8748
19647331932318	Eagle Tree Continuation	2638	1070
19647331932318	Eagle Tree Continuation	86	271
19647331932318	Eagle Tree Continuation	981	84
19647331932318	Eagle Tree Continuation	21153	6440
19647331932318	Eagle Tree Continuation	114	41
19647331932318	Eagle Tree Continuation	128	34
19647331932318	Eagle Tree Continuation	2185	650
19647331932318	Eagle Tree Continuation	5720	3775
19647331932318	Eagle Tree Continuation	738	66
19647331932318	Eagle Tree Continuation	15362	3669
19647331932318	Eagle Tree Continuation	1453	480
19647331932318	Eagle Tree Continuation	26	116
19647331932318	Eagle Tree Continuation	466	39
19647331932318	Eagle Tree Continuation	11447	2700
19647331932318	Eagle Tree Continuation	59	20
19647331932318	Eagle Tree Continuation	67	11
19647331932318	Eagle Tree Continuation	1106	231
19647331932318	Eagle Tree Continuation	691	80
19647331932318	Eagle Tree Continuation	13353	5079
19647331932318	Eagle Tree Continuation	1185	590
19647331932318	Eagle Tree Continuation	60	155
19647331932318	Eagle Tree Continuation	515	45
19647331932318	Eagle Tree Continuation	9706	3740
19647331932318	Eagle Tree Continuation	55	21
19647331932318	Eagle Tree Continuation	61	23
19647331932318	Eagle Tree Continuation	1079	419
19647331932318	Eagle Tree Continuation	103	33
19647331932318	Eagle Tree Continuation	25742	7678
19647331932318	Eagle Tree Continuation	2214	1242
19647331932334	Jane Addams Continuation	1429	146
19647331932334	Jane Addams Continuation	28715	8748
19647331932334	Jane Addams Continuation	2638	1070
19647331932334	Jane Addams Continuation	86	271
19647331932334	Jane Addams Continuation	981	84
19647331932334	Jane Addams Continuation	21153	6440
19647331932334	Jane Addams Continuation	114	41
19647331932334	Jane Addams Continuation	128	34
19647331932334	Jane Addams Continuation	2185	650
19647331932334	Jane Addams Continuation	5720	3775
19647331932334	Jane Addams Continuation	738	66
19647331932334	Jane Addams Continuation	15362	3669
19647331932334	Jane Addams Continuation	1453	480
19647331932334	Jane Addams Continuation	26	116
19647331932334	Jane Addams Continuation	466	39
19647331932334	Jane Addams Continuation	11447	2700
19647331932334	Jane Addams Continuation	59	20
19647331932334	Jane Addams Continuation	67	11
19647331932334	Jane Addams Continuation	1106	231
19647331932334	Jane Addams Continuation	691	80
19647331932334	Jane Addams Continuation	13353	5079
19647331932334	Jane Addams Continuation	1185	590
19647331932334	Jane Addams Continuation	60	155
19647331932334	Jane Addams Continuation	515	45
19647331932334	Jane Addams Continuation	9706	3740
19647331932334	Jane Addams Continuation	55	21
19647331932334	Jane Addams Continuation	61	23
19647331932334	Jane Addams Continuation	1079	419
19647331932334	Jane Addams Continuation	103	33
19647331932334	Jane Addams Continuation	25742	7678
19647331932334	Jane Addams Continuation	2214	1242
19647331932342	Evergreen Continuation	1429	146
19647331932342	Evergreen Continuation	28715	8748
19647331932342	Evergreen Continuation	2638	1070
19647331932342	Evergreen Continuation	86	271
19647331932342	Evergreen Continuation	981	84
19647331932342	Evergreen Continuation	21153	6440
19647331932342	Evergreen Continuation	114	41
19647331932342	Evergreen Continuation	128	34
19647331932342	Evergreen Continuation	2185	650
19647331932342	Evergreen Continuation	5720	3775
19647331932342	Evergreen Continuation	738	66
19647331932342	Evergreen Continuation	15362	3669
19647331932342	Evergreen Continuation	1453	480
19647331932342	Evergreen Continuation	26	116
19647331932342	Evergreen Continuation	466	39
19647331932342	Evergreen Continuation	11447	2700
19647331932342	Evergreen Continuation	59	20
19647331932342	Evergreen Continuation	67	11
19647331932342	Evergreen Continuation	1106	231
19647331932342	Evergreen Continuation	691	80
19647331932342	Evergreen Continuation	13353	5079
19647331932342	Evergreen Continuation	1185	590
19647331932342	Evergreen Continuation	60	155
19647331932342	Evergreen Continuation	515	45
19647331932342	Evergreen Continuation	9706	3740
19647331932342	Evergreen Continuation	55	21
19647331932342	Evergreen Continuation	61	23
19647331932342	Evergreen Continuation	1079	419
19647331932342	Evergreen Continuation	103	33
19647331932342	Evergreen Continuation	25742	7678
19647331932342	Evergreen Continuation	2214	1242
19647331932383	Susan Miller Dorsey Senior High	238	88
19647331932383	Susan Miller Dorsey Senior High	137	46
19647331932383	Susan Miller Dorsey Senior High	100	41
19647331932383	Susan Miller Dorsey Senior High	40	28
19647331932383	Susan Miller Dorsey Senior High	118	35
19647331932383	Susan Miller Dorsey Senior High	69	15
19647331932383	Susan Miller Dorsey Senior High	48	20
19647331932383	Susan Miller Dorsey Senior High	120	53
19647331932383	Susan Miller Dorsey Senior High	68	31
19647331932383	Susan Miller Dorsey Senior High	52	21
19647331932383	Susan Miller Dorsey Senior High	217	75
19647331932383	Susan Miller Dorsey Senior High	18	16
19647331932391	West Hollywood Opportunity	1429	146
19647331932391	West Hollywood Opportunity	28715	8748
19647331932391	West Hollywood Opportunity	2638	1070
19647331932391	West Hollywood Opportunity	86	271
19647331932391	West Hollywood Opportunity	981	84
19647331932391	West Hollywood Opportunity	21153	6440
19647331932391	West Hollywood Opportunity	114	41
19647331932391	West Hollywood Opportunity	128	34
19647331932391	West Hollywood Opportunity	2185	650
19647331932391	West Hollywood Opportunity	5720	3775
19647331932391	West Hollywood Opportunity	738	66
19647331932391	West Hollywood Opportunity	15362	3669
19647331932391	West Hollywood Opportunity	1453	480
19647331932391	West Hollywood Opportunity	26	116
19647331932391	West Hollywood Opportunity	466	39
19647331932391	West Hollywood Opportunity	11447	2700
19647331932391	West Hollywood Opportunity	59	20
19647331932391	West Hollywood Opportunity	67	11
19647331932391	West Hollywood Opportunity	1106	231
19647331932391	West Hollywood Opportunity	691	80
19647331932391	West Hollywood Opportunity	13353	5079
19647331932391	West Hollywood Opportunity	1185	590
19647331932391	West Hollywood Opportunity	60	155
19647331932391	West Hollywood Opportunity	515	45
19647331932391	West Hollywood Opportunity	9706	3740
19647331932391	West Hollywood Opportunity	55	21
19647331932391	West Hollywood Opportunity	61	23
19647331932391	West Hollywood Opportunity	1079	419
19647331932391	West Hollywood Opportunity	103	33
19647331932391	West Hollywood Opportunity	25742	7678
19647331932391	West Hollywood Opportunity	2214	1242
19647331932540	Eagle Rock High	523	30
19647331932540	Eagle Rock High	340	20
19647331932540	Eagle Rock High	68	11
19647331932540	Eagle Rock High	249	15
19647331932540	Eagle Rock High	274	15
19647331932540	Eagle Rock High	431	20
19647331932623	El Camino Real Charter High	694	53
19647331932623	El Camino Real Charter High	158	13
19647331932623	El Camino Real Charter High	380	24
19647331932623	El Camino Real Charter High	331	23
19647331932623	El Camino Real Charter High	168	13
19647331932623	El Camino Real Charter High	363	30
19647331932623	El Camino Real Charter High	80	11
19647331932623	El Camino Real Charter High	212	11
19647331932623	El Camino Real Charter High	249	21
19647331932623	El Camino Real Charter High	694	53
19647331932623	El Camino Real Charter High	158	13
19647331932623	El Camino Real Charter High	380	24
19647331932623	El Camino Real Charter High	331	23
19647331932623	El Camino Real Charter High	168	13
19647331932623	El Camino Real Charter High	363	30
19647331932623	El Camino Real Charter High	80	11
19647331932623	El Camino Real Charter High	212	11
19647331932623	El Camino Real Charter High	249	21
19647331932821	Boyle Heights Continuation	1429	146
19647331932821	Boyle Heights Continuation	28715	8748
19647331932821	Boyle Heights Continuation	2638	1070
19647331932821	Boyle Heights Continuation	86	271
19647331932821	Boyle Heights Continuation	981	84
19647331932821	Boyle Heights Continuation	21153	6440
19647331932821	Boyle Heights Continuation	114	41
19647331932821	Boyle Heights Continuation	128	34
19647331932821	Boyle Heights Continuation	2185	650
19647331932821	Boyle Heights Continuation	5720	3775
19647331932821	Boyle Heights Continuation	738	66
19647331932821	Boyle Heights Continuation	15362	3669
19647331932821	Boyle Heights Continuation	1453	480
19647331932821	Boyle Heights Continuation	26	116
19647331932821	Boyle Heights Continuation	466	39
19647331932821	Boyle Heights Continuation	11447	2700
19647331932821	Boyle Heights Continuation	59	20
19647331932821	Boyle Heights Continuation	67	11
19647331932821	Boyle Heights Continuation	1106	231
19647331932821	Boyle Heights Continuation	691	80
19647331932821	Boyle Heights Continuation	13353	5079
19647331932821	Boyle Heights Continuation	1185	590
19647331932821	Boyle Heights Continuation	60	155
19647331932821	Boyle Heights Continuation	515	45
19647331932821	Boyle Heights Continuation	9706	3740
19647331932821	Boyle Heights Continuation	55	21
19647331932821	Boyle Heights Continuation	61	23
19647331932821	Boyle Heights Continuation	1079	419
19647331932821	Boyle Heights Continuation	103	33
19647331932821	Boyle Heights Continuation	25742	7678
19647331932821	Boyle Heights Continuation	2214	1242
19647331932888	Downtown Business High	189	13
19647331932888	Downtown Business High	177	12
19647331932920	Fairfax Senior High	102	13
19647331932920	Fairfax Senior High	496	82
19647331932920	Fairfax Senior High	83	22
19647331932920	Fairfax Senior High	258	41
19647331932920	Fairfax Senior High	78	29
19647331932920	Fairfax Senior High	253	26
19647331932920	Fairfax Senior High	138	14
19647331932920	Fairfax Senior High	243	56
19647331932920	Fairfax Senior High	40	14
19647331932920	Fairfax Senior High	120	27
19647331932920	Fairfax Senior High	432	68
19647331932920	Fairfax Senior High	28	17
19647331932987	John H. Francis Polytechnic	608	74
19647331932987	John H. Francis Polytechnic	550	65
19647331932987	John H. Francis Polytechnic	143	45
19647331932987	John H. Francis Polytechnic	312	21
19647331932987	John H. Francis Polytechnic	285	18
19647331932987	John H. Francis Polytechnic	296	53
19647331932987	John H. Francis Polytechnic	265	47
19647331932987	John H. Francis Polytechnic	603	66
19647331932987	John H. Francis Polytechnic	55	13
19647331933001	King/Drew Medical Magnet High	282	12
19647331933043	Benjamin Franklin Senior High	308	72
19647331933043	Benjamin Franklin Senior High	276	62
19647331933043	Benjamin Franklin Senior High	50	39
19647331933043	Benjamin Franklin Senior High	165	24
19647331933043	Benjamin Franklin Senior High	151	19
19647331933043	Benjamin Franklin Senior High	143	48
19647331933043	Benjamin Franklin Senior High	125	43
19647331933043	Benjamin Franklin Senior High	296	65
19647331933043	Benjamin Franklin Senior High	26	12
19647331933118	John C. Fremont Senior High	644	284
19647331933118	John C. Fremont Senior High	57	39
19647331933118	John C. Fremont Senior High	586	241
19647331933118	John C. Fremont Senior High	219	169
19647331933118	John C. Fremont Senior High	328	134
19647331933118	John C. Fremont Senior High	27	24
19647331933118	John C. Fremont Senior High	301	108
19647331933118	John C. Fremont Senior High	316	150
19647331933118	John C. Fremont Senior High	30	15
19647331933118	John C. Fremont Senior High	285	133
19647331933118	John C. Fremont Senior High	643	269
19647331933118	John C. Fremont Senior High	55	35
19647331933241	Gardena Senior High	403	88
19647331933241	Gardena Senior High	105	20
19647331933241	Gardena Senior High	256	58
19647331933241	Gardena Senior High	81	35
19647331933241	Gardena Senior High	217	34
19647331933241	Gardena Senior High	140	19
19647331933241	Gardena Senior High	186	54
19647331933241	Gardena Senior High	49	12
19647331933241	Gardena Senior High	116	39
19647331933241	Gardena Senior High	359	72
19647331933241	Gardena Senior High	38	13
19647331933381	James A. Garfield Senior High	470	64
19647331933381	James A. Garfield Senior High	466	64
19647331933381	James A. Garfield Senior High	131	36
19647331933381	James A. Garfield Senior High	262	38
19647331933381	James A. Garfield Senior High	261	38
19647331933381	James A. Garfield Senior High	208	26
19647331933381	James A. Garfield Senior High	205	26
19647331933381	James A. Garfield Senior High	469	64
19647331933746	Granada Hills Charter High	862	41
19647331933746	Granada Hills Charter High	271	21
19647331933746	Granada Hills Charter High	296	11
19647331933746	Granada Hills Charter High	452	16
19647331933746	Granada Hills Charter High	410	25
19647331933746	Granada Hills Charter High	125	11
19647331933746	Granada Hills Charter High	853	40
19647331933746	Granada Hills Charter High	862	41
19647331933746	Granada Hills Charter High	271	21
19647331933746	Granada Hills Charter High	296	11
19647331933746	Granada Hills Charter High	452	16
19647331933746	Granada Hills Charter High	410	25
19647331933746	Granada Hills Charter High	125	11
19647331933746	Granada Hills Charter High	853	40
19647331933795	Ulysses S. Grant Senior High	478	68
19647331933795	Ulysses S. Grant Senior High	297	38
19647331933795	Ulysses S. Grant Senior High	137	26
19647331933795	Ulysses S. Grant Senior High	102	32
19647331933795	Ulysses S. Grant Senior High	270	23
19647331933795	Ulysses S. Grant Senior High	170	15
19647331933795	Ulysses S. Grant Senior High	208	45
19647331933795	Ulysses S. Grant Senior High	127	23
19647331933795	Ulysses S. Grant Senior High	56	19
19647331933795	Ulysses S. Grant Senior High	446	58
19647331933795	Ulysses S. Grant Senior High	43	15
19647331933852	Alexander Hamilton Senior High	598	85
19647331933852	Alexander Hamilton Senior High	165	18
19647331933852	Alexander Hamilton Senior High	272	54
19647331933852	Alexander Hamilton Senior High	124	12
19647331933852	Alexander Hamilton Senior High	63	28
19647331933852	Alexander Hamilton Senior High	332	32
19647331933852	Alexander Hamilton Senior High	158	20
19647331933852	Alexander Hamilton Senior High	266	53
19647331933852	Alexander Hamilton Senior High	71	12
19647331933852	Alexander Hamilton Senior High	114	34
19647331933852	Alexander Hamilton Senior High	391	57
19647331933852	Alexander Hamilton Senior High	58	13
19647331934033	Hollywood Senior High	249	35
19647331934033	Hollywood Senior High	169	19
19647331934033	Hollywood Senior High	22	11
19647331934033	Hollywood Senior High	44	19
19647331934033	Hollywood Senior High	92	28
19647331934033	Hollywood Senior High	61	15
19647331934033	Hollywood Senior High	224	22
19647331934157	Huntington Park Senior High	699	146
19647331934157	Huntington Park Senior High	697	138
19647331934157	Huntington Park Senior High	214	93
19647331934157	Huntington Park Senior High	364	48
19647331934157	Huntington Park Senior High	363	44
19647331934157	Huntington Park Senior High	335	98
19647331934157	Huntington Park Senior High	334	94
19647331934157	Huntington Park Senior High	699	140
19647331934157	Huntington Park Senior High	42	16
19647331934371	Thomas Jefferson Senior High	350	96
19647331934371	Thomas Jefferson Senior High	328	86
19647331934371	Thomas Jefferson Senior High	133	60
19647331934371	Thomas Jefferson Senior High	192	47
19647331934371	Thomas Jefferson Senior High	184	41
19647331934371	Thomas Jefferson Senior High	158	49
19647331934371	Thomas Jefferson Senior High	144	45
19647331934371	Thomas Jefferson Senior High	350	90
19647331934454	David Starr Jordan Senior High	160	99
19647331934454	David Starr Jordan Senior High	30	18
19647331934454	David Starr Jordan Senior High	130	77
19647331934454	David Starr Jordan Senior High	52	57
19647331934454	David Starr Jordan Senior High	88	41
19647331934454	David Starr Jordan Senior High	70	33
19647331934454	David Starr Jordan Senior High	72	58
19647331934454	David Starr Jordan Senior High	12	12
19647331934454	David Starr Jordan Senior High	60	44
19647331934454	David Starr Jordan Senior High	160	90
19647331935121	Abraham Lincoln Senior High	407	83
19647331935121	Abraham Lincoln Senior High	302	73
19647331935121	Abraham Lincoln Senior High	91	43
19647331935121	Abraham Lincoln Senior High	223	33
19647331935121	Abraham Lincoln Senior High	172	30
19647331935121	Abraham Lincoln Senior High	184	50
19647331935121	Abraham Lincoln Senior High	130	43
19647331935121	Abraham Lincoln Senior High	407	80
19647331935121	Abraham Lincoln Senior High	37	14
19647331935154	Alain Leroy Locke 3 College Preparatory Academy	111	56
19647331935154	Alain Leroy Locke 3 College Preparatory Academy	45	30
19647331935154	Alain Leroy Locke 3 College Preparatory Academy	65	26
19647331935154	Alain Leroy Locke 3 College Preparatory Academy	33	20
19647331935154	Alain Leroy Locke 3 College Preparatory Academy	54	19
19647331935154	Alain Leroy Locke 3 College Preparatory Academy	21	13
19647331935154	Alain Leroy Locke 3 College Preparatory Academy	57	37
19647331935154	Alain Leroy Locke 3 College Preparatory Academy	24	17
19647331935154	Alain Leroy Locke 3 College Preparatory Academy	32	20
19647331935154	Alain Leroy Locke 3 College Preparatory Academy	111	49
19647331935154	Alain Leroy Locke 3 College Preparatory Academy	30	11
19647331935154	Alain Leroy Locke 3 College Preparatory Academy	111	56
19647331935154	Alain Leroy Locke 3 College Preparatory Academy	45	30
19647331935154	Alain Leroy Locke 3 College Preparatory Academy	65	26
19647331935154	Alain Leroy Locke 3 College Preparatory Academy	33	20
19647331935154	Alain Leroy Locke 3 College Preparatory Academy	54	19
19647331935154	Alain Leroy Locke 3 College Preparatory Academy	21	13
19647331935154	Alain Leroy Locke 3 College Preparatory Academy	57	37
19647331935154	Alain Leroy Locke 3 College Preparatory Academy	24	17
19647331935154	Alain Leroy Locke 3 College Preparatory Academy	32	20
19647331935154	Alain Leroy Locke 3 College Preparatory Academy	111	49
19647331935154	Alain Leroy Locke 3 College Preparatory Academy	30	11
19647331935352	Los Angeles Senior High	303	111
19647331935352	Los Angeles Senior High	33	12
19647331935352	Los Angeles Senior High	219	82
19647331935352	Los Angeles Senior High	98	60
19647331935352	Los Angeles Senior High	163	41
19647331935352	Los Angeles Senior High	117	29
19647331935352	Los Angeles Senior High	140	70
19647331935352	Los Angeles Senior High	102	53
19647331935352	Los Angeles Senior High	282	100
19647331935352	Los Angeles Senior High	29	13
19647331935519	Manual Arts Senior High	518	181
19647331935519	Manual Arts Senior High	86	40
19647331935519	Manual Arts Senior High	431	135
19647331935519	Manual Arts Senior High	170	121
19647331935519	Manual Arts Senior High	232	71
19647331935519	Manual Arts Senior High	33	17
19647331935519	Manual Arts Senior High	198	54
19647331935519	Manual Arts Senior High	286	110
19647331935519	Manual Arts Senior High	53	23
19647331935519	Manual Arts Senior High	233	81
19647331935519	Manual Arts Senior High	517	169
19647331935519	Manual Arts Senior High	55	24
19647331935568	John Marshall Senior High	577	75
19647331935568	John Marshall Senior High	356	50
19647331935568	John Marshall Senior High	88	37
19647331935568	John Marshall Senior High	312	33
19647331935568	John Marshall Senior High	207	23
19647331935568	John Marshall Senior High	265	42
19647331935568	John Marshall Senior High	149	27
19647331935568	John Marshall Senior High	511	59
19647331935865	James Monroe High	475	58
19647331935865	James Monroe High	385	51
19647331935865	James Monroe High	117	39
19647331935865	James Monroe High	231	24
19647331935865	James Monroe High	184	21
19647331935865	James Monroe High	244	34
19647331935865	James Monroe High	201	30
19647331935865	James Monroe High	472	54
19647331935865	James Monroe High	42	17
19647331936160	Nathaniel Narbonne Senior High	559	139
19647331936160	Nathaniel Narbonne Senior High	104	30
19647331936160	Nathaniel Narbonne Senior High	341	83
19647331936160	Nathaniel Narbonne Senior High	39	14
19647331936160	Nathaniel Narbonne Senior High	55	27
19647331936160	Nathaniel Narbonne Senior High	318	56
19647331936160	Nathaniel Narbonne Senior High	66	14
19647331936160	Nathaniel Narbonne Senior High	186	28
19647331936160	Nathaniel Narbonne Senior High	241	83
19647331936160	Nathaniel Narbonne Senior High	38	16
19647331936160	Nathaniel Narbonne Senior High	155	55
19647331936160	Nathaniel Narbonne Senior High	449	112
19647331936160	Nathaniel Narbonne Senior High	21	27
19647331936350	North Hollywood Senior High	584	56
19647331936350	North Hollywood Senior High	393	40
19647331936350	North Hollywood Senior High	77	21
19647331936350	North Hollywood Senior High	308	20
19647331936350	North Hollywood Senior High	216	15
19647331936350	North Hollywood Senior High	276	36
19647331936350	North Hollywood Senior High	177	25
19647331936350	North Hollywood Senior High	492	50
19647331937085	Ramona Opportunity High	1429	146
19647331937085	Ramona Opportunity High	28715	8748
19647331937085	Ramona Opportunity High	2638	1070
19647331937085	Ramona Opportunity High	86	271
19647331937085	Ramona Opportunity High	981	84
19647331937085	Ramona Opportunity High	21153	6440
19647331937085	Ramona Opportunity High	114	41
19647331937085	Ramona Opportunity High	128	34
19647331937085	Ramona Opportunity High	2185	650
19647331937085	Ramona Opportunity High	5720	3775
19647331937085	Ramona Opportunity High	738	66
19647331937085	Ramona Opportunity High	15362	3669
19647331937085	Ramona Opportunity High	1453	480
19647331937085	Ramona Opportunity High	26	116
19647331937085	Ramona Opportunity High	466	39
19647331937085	Ramona Opportunity High	11447	2700
19647331937085	Ramona Opportunity High	59	20
19647331937085	Ramona Opportunity High	67	11
19647331937085	Ramona Opportunity High	1106	231
19647331937085	Ramona Opportunity High	691	80
19647331937085	Ramona Opportunity High	13353	5079
19647331937085	Ramona Opportunity High	1185	590
19647331937085	Ramona Opportunity High	60	155
19647331937085	Ramona Opportunity High	515	45
19647331937085	Ramona Opportunity High	9706	3740
19647331937085	Ramona Opportunity High	55	21
19647331937085	Ramona Opportunity High	61	23
19647331937085	Ramona Opportunity High	1079	419
19647331937085	Ramona Opportunity High	103	33
19647331937085	Ramona Opportunity High	25742	7678
19647331937085	Ramona Opportunity High	2214	1242
19647331937226	Reseda Senior High	397	36
19647331937226	Reseda Senior High	274	22
19647331937226	Reseda Senior High	76	25
19647331937226	Reseda Senior High	182	15
19647331937226	Reseda Senior High	133	11
19647331937226	Reseda Senior High	215	21
19647331937226	Reseda Senior High	141	11
19647331937226	Reseda Senior High	337	28
19647331937424	Theodore Roosevelt Senior High	70	47
19647331937424	Theodore Roosevelt Senior High	70	45
19647331937424	Theodore Roosevelt Senior High	20	32
19647331937424	Theodore Roosevelt Senior High	37	22
19647331937424	Theodore Roosevelt Senior High	37	22
19647331937424	Theodore Roosevelt Senior High	33	25
19647331937424	Theodore Roosevelt Senior High	33	23
19647331937424	Theodore Roosevelt Senior High	69	30
19647331937622	San Fernando Senior High	484	67
19647331937622	San Fernando Senior High	474	65
19647331937622	San Fernando Senior High	105	37
19647331937622	San Fernando Senior High	263	25
19647331937622	San Fernando Senior High	259	24
19647331937622	San Fernando Senior High	221	42
19647331937622	San Fernando Senior High	215	41
19647331937622	San Fernando Senior High	483	66
19647331937622	San Fernando Senior High	41	13
19647331937838	San Pedro Senior High	515	113
19647331937838	San Pedro Senior High	347	72
19647331937838	San Pedro Senior High	112	27
19647331937838	San Pedro Senior High	36	24
19647331937838	San Pedro Senior High	271	30
19647331937838	San Pedro Senior High	182	18
19647331937838	San Pedro Senior High	244	83
19647331937838	San Pedro Senior High	165	54
19647331937838	San Pedro Senior High	57	19
19647331937838	San Pedro Senior High	352	99
19647331937838	San Pedro Senior High	35	23
19647331938307	South Gate Senior High	658	119
19647331938307	South Gate Senior High	650	117
19647331938307	South Gate Senior High	177	62
19647331938307	South Gate Senior High	344	46
19647331938307	South Gate Senior High	340	45
19647331938307	South Gate Senior High	314	73
19647331938307	South Gate Senior High	310	72
19647331938307	South Gate Senior High	609	104
19647331938554	Sylmar Senior High	565	77
19647331938554	Sylmar Senior High	539	69
19647331938554	Sylmar Senior High	129	45
19647331938554	Sylmar Senior High	294	33
19647331938554	Sylmar Senior High	280	31
19647331938554	Sylmar Senior High	271	44
19647331938554	Sylmar Senior High	259	38
19647331938554	Sylmar Senior High	516	71
19647331938554	Sylmar Senior High	48	15
19647331938612	William Howard Taft Charter High	569	64
19647331938612	William Howard Taft Charter High	84	15
19647331938612	William Howard Taft Charter High	170	17
19647331938612	William Howard Taft Charter High	240	23
19647331938612	William Howard Taft Charter High	54	12
19647331938612	William Howard Taft Charter High	299	30
19647331938612	William Howard Taft Charter High	123	13
19647331938612	William Howard Taft Charter High	270	34
19647331938612	William Howard Taft Charter High	35	11
19647331938612	William Howard Taft Charter High	376	49
19647331938885	University Senior High	434	76
19647331938885	University Senior High	68	12
19647331938885	University Senior High	255	53
19647331938885	University Senior High	90	33
19647331938885	University Senior High	227	25
19647331938885	University Senior High	127	15
19647331938885	University Senior High	207	51
19647331938885	University Senior High	128	38
19647331938885	University Senior High	383	60
19647331938885	University Senior High	17	16
19647331938968	Van Nuys Senior High	513	42
19647331938968	Van Nuys Senior High	255	37
19647331938968	Van Nuys Senior High	82	25
19647331938968	Van Nuys Senior High	261	14
19647331938968	Van Nuys Senior High	128	13
19647331938968	Van Nuys Senior High	252	28
19647331938968	Van Nuys Senior High	127	24
19647331938968	Van Nuys Senior High	434	39
19647331939040	Venice Senior High	434	68
19647331939040	Venice Senior High	291	44
19647331939040	Venice Senior High	61	11
19647331939040	Venice Senior High	61	27
19647331939040	Venice Senior High	230	27
19647331939040	Venice Senior High	160	17
19647331939040	Venice Senior High	204	41
19647331939040	Venice Senior High	131	27
19647331939040	Venice Senior High	317	53
19647331939107	Verdugo Hills Senior High	407	33
19647331939107	Verdugo Hills Senior High	210	19
19647331939107	Verdugo Hills Senior High	140	11
19647331939107	Verdugo Hills Senior High	197	15
19647331939107	Verdugo Hills Senior High	210	18
19647331939107	Verdugo Hills Senior High	109	11
19647331939107	Verdugo Hills Senior High	339	28
19647331939305	George Washington Preparatory High	308	119
19647331939305	George Washington Preparatory High	160	65
19647331939305	George Washington Preparatory High	144	51
19647331939305	George Washington Preparatory High	61	36
19647331939305	George Washington Preparatory High	171	66
19647331939305	George Washington Preparatory High	78	35
19647331939305	George Washington Preparatory High	91	30
19647331939305	George Washington Preparatory High	137	53
19647331939305	George Washington Preparatory High	82	30
19647331939305	George Washington Preparatory High	53	21
19647331939305	George Washington Preparatory High	306	111
19647331939305	George Washington Preparatory High	42	15
19647331939479	WESM Health/Sports Medicine	253	45
19647331939479	WESM Health/Sports Medicine	184	33
19647331939479	WESM Health/Sports Medicine	129	15
19647331939479	WESM Health/Sports Medicine	102	11
19647331939479	WESM Health/Sports Medicine	124	30
19647331939479	WESM Health/Sports Medicine	82	22
19647331939479	WESM Health/Sports Medicine	181	29
19647331939859	Woodrow Wilson Senior High	404	79
19647331939859	Woodrow Wilson Senior High	377	76
19647331939859	Woodrow Wilson Senior High	85	45
19647331939859	Woodrow Wilson Senior High	231	34
19647331939859	Woodrow Wilson Senior High	215	34
19647331939859	Woodrow Wilson Senior High	173	45
19647331939859	Woodrow Wilson Senior High	162	42
19647331939859	Woodrow Wilson Senior High	392	72
19647331939859	Woodrow Wilson Senior High	30	13
19647331939941	John F. Kennedy High	545	45
19647331939941	John F. Kennedy High	428	37
19647331939941	John F. Kennedy High	85	16
19647331939941	John F. Kennedy High	271	15
19647331939941	John F. Kennedy High	216	11
19647331939941	John F. Kennedy High	274	30
19647331939941	John F. Kennedy High	212	26
19647331939941	John F. Kennedy High	434	34
19647331995448	Francisco Bravo Medical Magnet High	395	19
19647331995448	Francisco Bravo Medical Magnet High	277	16
19647331995448	Francisco Bravo Medical Magnet High	161	12
19647331995448	Francisco Bravo Medical Magnet High	394	17
19647331995489	Los Angeles Unified Alternative Education	1429	146
19647331995489	Los Angeles Unified Alternative Education	28715	8748
19647331995489	Los Angeles Unified Alternative Education	2638	1070
19647331995489	Los Angeles Unified Alternative Education	86	271
19647331995489	Los Angeles Unified Alternative Education	981	84
19647331995489	Los Angeles Unified Alternative Education	21153	6440
19647331995489	Los Angeles Unified Alternative Education	114	41
19647331995489	Los Angeles Unified Alternative Education	128	34
19647331995489	Los Angeles Unified Alternative Education	2185	650
19647331995489	Los Angeles Unified Alternative Education	5720	3775
19647331995489	Los Angeles Unified Alternative Education	738	66
19647331995489	Los Angeles Unified Alternative Education	15362	3669
19647331995489	Los Angeles Unified Alternative Education	1453	480
19647331995489	Los Angeles Unified Alternative Education	26	116
19647331995489	Los Angeles Unified Alternative Education	466	39
19647331995489	Los Angeles Unified Alternative Education	11447	2700
19647331995489	Los Angeles Unified Alternative Education	59	20
19647331995489	Los Angeles Unified Alternative Education	67	11
19647331995489	Los Angeles Unified Alternative Education	1106	231
19647331995489	Los Angeles Unified Alternative Education	691	80
19647331995489	Los Angeles Unified Alternative Education	13353	5079
19647331995489	Los Angeles Unified Alternative Education	1185	590
19647331995489	Los Angeles Unified Alternative Education	60	155
19647331995489	Los Angeles Unified Alternative Education	515	45
19647331995489	Los Angeles Unified Alternative Education	9706	3740
19647331995489	Los Angeles Unified Alternative Education	55	21
19647331995489	Los Angeles Unified Alternative Education	61	23
19647331995489	Los Angeles Unified Alternative Education	1079	419
19647331995489	Los Angeles Unified Alternative Education	103	33
19647331995489	Los Angeles Unified Alternative Education	25742	7678
19647331995489	Los Angeles Unified Alternative Education	2214	1242
19647331995794	Youth Opportunities Unlimited	1429	146
19647331995794	Youth Opportunities Unlimited	28715	8748
19647331995794	Youth Opportunities Unlimited	2638	1070
19647331995794	Youth Opportunities Unlimited	86	271
19647331995794	Youth Opportunities Unlimited	981	84
19647331995794	Youth Opportunities Unlimited	21153	6440
19647331995794	Youth Opportunities Unlimited	114	41
19647331995794	Youth Opportunities Unlimited	128	34
19647331995794	Youth Opportunities Unlimited	2185	650
19647331995794	Youth Opportunities Unlimited	5720	3775
19647331995794	Youth Opportunities Unlimited	738	66
19647331995794	Youth Opportunities Unlimited	15362	3669
19647331995794	Youth Opportunities Unlimited	1453	480
19647331995794	Youth Opportunities Unlimited	26	116
19647331995794	Youth Opportunities Unlimited	466	39
19647331995794	Youth Opportunities Unlimited	11447	2700
19647331995794	Youth Opportunities Unlimited	59	20
19647331995794	Youth Opportunities Unlimited	67	11
19647331995794	Youth Opportunities Unlimited	1106	231
19647331995794	Youth Opportunities Unlimited	691	80
19647331995794	Youth Opportunities Unlimited	13353	5079
19647331995794	Youth Opportunities Unlimited	1185	590
19647331995794	Youth Opportunities Unlimited	60	155
19647331995794	Youth Opportunities Unlimited	515	45
19647331995794	Youth Opportunities Unlimited	9706	3740
19647331995794	Youth Opportunities Unlimited	55	21
19647331995794	Youth Opportunities Unlimited	61	23
19647331995794	Youth Opportunities Unlimited	1079	419
19647331995794	Youth Opportunities Unlimited	103	33
19647331995794	Youth Opportunities Unlimited	25742	7678
19647331995794	Youth Opportunities Unlimited	2214	1242
19647331995836	Palisades Charter High	664	27
19647331995836	Palisades Charter High	327	12
19647331995836	Palisades Charter High	337	15
19647331995836	Palisades Charter High	339	13
19647331995836	Palisades Charter High	664	27
19647331995836	Palisades Charter High	327	12
19647331995836	Palisades Charter High	337	15
19647331995836	Palisades Charter High	339	13
19647331996073	Tri-C Community Day	1429	146
19647331996073	Tri-C Community Day	28715	8748
19647331996073	Tri-C Community Day	2638	1070
19647331996073	Tri-C Community Day	86	271
19647331996073	Tri-C Community Day	981	84
19647331996073	Tri-C Community Day	21153	6440
19647331996073	Tri-C Community Day	114	41
19647331996073	Tri-C Community Day	128	34
19647331996073	Tri-C Community Day	2185	650
19647331996073	Tri-C Community Day	5720	3775
19647331996073	Tri-C Community Day	738	66
19647331996073	Tri-C Community Day	15362	3669
19647331996073	Tri-C Community Day	1453	480
19647331996073	Tri-C Community Day	26	116
19647331996073	Tri-C Community Day	466	39
19647331996073	Tri-C Community Day	11447	2700
19647331996073	Tri-C Community Day	59	20
19647331996073	Tri-C Community Day	67	11
19647331996073	Tri-C Community Day	1106	231
19647331996073	Tri-C Community Day	691	80
19647331996073	Tri-C Community Day	13353	5079
19647331996073	Tri-C Community Day	1185	590
19647331996073	Tri-C Community Day	60	155
19647331996073	Tri-C Community Day	515	45
19647331996073	Tri-C Community Day	9706	3740
19647331996073	Tri-C Community Day	55	21
19647331996073	Tri-C Community Day	61	23
19647331996073	Tri-C Community Day	1079	419
19647331996073	Tri-C Community Day	103	33
19647331996073	Tri-C Community Day	25742	7678
19647331996073	Tri-C Community Day	2214	1242
19647331996115	City of Angels	1429	146
19647331996115	City of Angels	28715	8748
19647331996115	City of Angels	2638	1070
19647331996115	City of Angels	86	271
19647331996115	City of Angels	981	84
19647331996115	City of Angels	21153	6440
19647331996115	City of Angels	114	41
19647331996115	City of Angels	128	34
19647331996115	City of Angels	2185	650
19647331996115	City of Angels	5720	3775
19647331996115	City of Angels	738	66
19647331996115	City of Angels	15362	3669
19647331996115	City of Angels	1453	480
19647331996115	City of Angels	26	116
19647331996115	City of Angels	466	39
19647331996115	City of Angels	11447	2700
19647331996115	City of Angels	59	20
19647331996115	City of Angels	67	11
19647331996115	City of Angels	1106	231
19647331996115	City of Angels	691	80
19647331996115	City of Angels	13353	5079
19647331996115	City of Angels	1185	590
19647331996115	City of Angels	60	155
19647331996115	City of Angels	515	45
19647331996115	City of Angels	9706	3740
19647331996115	City of Angels	55	21
19647331996115	City of Angels	61	23
19647331996115	City of Angels	1079	419
19647331996115	City of Angels	103	33
19647331996115	City of Angels	25742	7678
19647331996115	City of Angels	2214	1242
19647331996651	CDS Secondary	1429	146
19647331996651	CDS Secondary	28715	8748
19647331996651	CDS Secondary	2638	1070
19647331996651	CDS Secondary	86	271
19647331996651	CDS Secondary	981	84
19647331996651	CDS Secondary	21153	6440
19647331996651	CDS Secondary	114	41
19647331996651	CDS Secondary	128	34
19647331996651	CDS Secondary	2185	650
19647331996651	CDS Secondary	5720	3775
19647331996651	CDS Secondary	738	66
19647331996651	CDS Secondary	15362	3669
19647331996651	CDS Secondary	1453	480
19647331996651	CDS Secondary	26	116
19647331996651	CDS Secondary	466	39
19647331996651	CDS Secondary	11447	2700
19647331996651	CDS Secondary	59	20
19647331996651	CDS Secondary	67	11
19647331996651	CDS Secondary	1106	231
19647331996651	CDS Secondary	691	80
19647331996651	CDS Secondary	13353	5079
19647331996651	CDS Secondary	1185	590
19647331996651	CDS Secondary	60	155
19647331996651	CDS Secondary	515	45
19647331996651	CDS Secondary	9706	3740
19647331996651	CDS Secondary	55	21
19647331996651	CDS Secondary	61	23
19647331996651	CDS Secondary	1079	419
19647331996651	CDS Secondary	103	33
19647331996651	CDS Secondary	25742	7678
19647331996651	CDS Secondary	2214	1242
19647336016885	Elizabeth Learning Center	171	11
19647336016885	Elizabeth Learning Center	167	11
19647336016885	Elizabeth Learning Center	171	11
19647336058002	Robert Fulton College Preparatory	185	19
19647336058002	Robert Fulton College Preparatory	166	17
19647336058002	Robert Fulton College Preparatory	56	15
19647336058002	Robert Fulton College Preparatory	75	11
19647336058002	Robert Fulton College Preparatory	185	17
19647740000000	Lynwood Unified	901	237
19647740000000	Lynwood Unified	63	24
19647740000000	Lynwood Unified	834	211
19647740000000	Lynwood Unified	247	119
19647740000000	Lynwood Unified	475	89
19647740000000	Lynwood Unified	438	79
19647740000000	Lynwood Unified	426	148
19647740000000	Lynwood Unified	29	16
19647740000000	Lynwood Unified	396	132
19647740000000	Lynwood Unified	851	208
19647740109538	Marco Antonio Firebaugh High	387	68
19647740109538	Marco Antonio Firebaugh High	370	64
19647740109538	Marco Antonio Firebaugh High	88	33
19647740109538	Marco Antonio Firebaugh High	214	20
19647740109538	Marco Antonio Firebaugh High	203	20
19647740109538	Marco Antonio Firebaugh High	173	48
19647740109538	Marco Antonio Firebaugh High	167	44
19647740109538	Marco Antonio Firebaugh High	371	57
19647740114777	Pathway Independent Study	11	29
19647740114777	Pathway Independent Study	11	29
19647741935428	Vista High (Continuation)	901	237
19647741935428	Vista High (Continuation)	63	24
19647741935428	Vista High (Continuation)	834	211
19647741935428	Vista High (Continuation)	247	119
19647741935428	Vista High (Continuation)	475	89
19647741935428	Vista High (Continuation)	438	79
19647741935428	Vista High (Continuation)	426	148
19647741935428	Vista High (Continuation)	29	16
19647741935428	Vista High (Continuation)	396	132
19647741935428	Vista High (Continuation)	851	208
19647741935436	Lynwood High	474	103
19647741935436	Lynwood High	41	15
19647741935436	Lynwood High	431	87
19647741935436	Lynwood High	144	47
19647741935436	Lynwood High	242	48
19647741935436	Lynwood High	218	41
19647741935436	Lynwood High	232	55
19647741935436	Lynwood High	213	46
19647741935436	Lynwood High	440	90
19647900000000	Monrovia Unified	444	49
19647900000000	Monrovia Unified	231	28
19647900000000	Monrovia Unified	129	13
19647900000000	Monrovia Unified	27	15
19647900000000	Monrovia Unified	240	18
19647900000000	Monrovia Unified	204	31
19647900000000	Monrovia Unified	98	19
19647900000000	Monrovia Unified	303	30
19647901935899	Canyon Oaks High	444	49
19647901935899	Canyon Oaks High	231	28
19647901935899	Canyon Oaks High	129	13
19647901935899	Canyon Oaks High	27	15
19647901935899	Canyon Oaks High	240	18
19647901935899	Canyon Oaks High	204	31
19647901935899	Canyon Oaks High	98	19
19647901935899	Canyon Oaks High	303	30
19647901935923	Monrovia High	375	31
19647901935923	Monrovia High	188	17
19647901935923	Monrovia High	206	15
19647901935923	Monrovia High	169	16
19647901935923	Monrovia High	249	15
19648080000000	Montebello Unified	2068	352
19648080000000	Montebello Unified	1921	341
19648080000000	Montebello Unified	402	178
19648080000000	Montebello Unified	1093	155
19648080000000	Montebello Unified	1013	151
19648080000000	Montebello Unified	975	197
19648080000000	Montebello Unified	908	190
19648080000000	Montebello Unified	1915	323
19648080000000	Montebello Unified	159	35
19648081930155	Schurr High	713	103
19648081930155	Schurr High	611	97
19648081930155	Schurr High	80	43
19648081930155	Schurr High	381	48
19648081930155	Schurr High	324	45
19648081930155	Schurr High	332	55
19648081930155	Schurr High	287	52
19648081930155	Schurr High	610	95
19648081930825	Bell Gardens High	670	133
19648081930825	Bell Gardens High	662	131
19648081930825	Bell Gardens High	159	82
19648081930825	Bell Gardens High	343	59
19648081930825	Bell Gardens High	340	58
19648081930825	Bell Gardens High	327	74
19648081930825	Bell Gardens High	322	73
19648081930825	Bell Gardens High	662	120
19648081930825	Bell Gardens High	57	13
19648081935998	Montebello High	623	76
19648081935998	Montebello High	586	73
19648081935998	Montebello High	146	35
19648081935998	Montebello High	335	35
19648081935998	Montebello High	315	35
19648081935998	Montebello High	288	41
19648081935998	Montebello High	271	38
19648081935998	Montebello High	582	68
19648081938927	Vail High (Continuation)	2068	352
19648081938927	Vail High (Continuation)	1921	341
19648081938927	Vail High (Continuation)	402	178
19648081938927	Vail High (Continuation)	1093	155
19648081938927	Vail High (Continuation)	1013	151
19648081938927	Vail High (Continuation)	975	197
19648081938927	Vail High (Continuation)	908	190
19648081938927	Vail High (Continuation)	1915	323
19648081938927	Vail High (Continuation)	159	35
19648081996388	Montebello Community Day	2068	352
19648081996388	Montebello Community Day	1921	341
19648081996388	Montebello Community Day	402	178
19648081996388	Montebello Community Day	1093	155
19648081996388	Montebello Community Day	1013	151
19648081996388	Montebello Community Day	975	197
19648081996388	Montebello Community Day	908	190
19648081996388	Montebello Community Day	1915	323
19648081996388	Montebello Community Day	159	35
19648400000000	Norwalk-La Mirada Unified	1379	57
19648400000000	Norwalk-La Mirada Unified	1061	50
19648400000000	Norwalk-La Mirada Unified	211	19
19648400000000	Norwalk-La Mirada Unified	707	23
19648400000000	Norwalk-La Mirada Unified	544	21
19648400000000	Norwalk-La Mirada Unified	672	34
19648400000000	Norwalk-La Mirada Unified	517	29
19648400000000	Norwalk-La Mirada Unified	999	55
19648400000000	Norwalk-La Mirada Unified	133	11
19648401933647	John H. Glenn High	374	25
19648401933647	John H. Glenn High	333	22
19648401933647	John H. Glenn High	81	11
19648401933647	John H. Glenn High	185	16
19648401933647	John H. Glenn High	163	13
19648401933647	John H. Glenn High	334	23
19648401936475	El Camino High (Continuation)	1379	57
19648401936475	El Camino High (Continuation)	1061	50
19648401936475	El Camino High (Continuation)	211	19
19648401936475	El Camino High (Continuation)	707	23
19648401936475	El Camino High (Continuation)	544	21
19648401936475	El Camino High (Continuation)	672	34
19648401936475	El Camino High (Continuation)	517	29
19648401936475	El Camino High (Continuation)	999	55
19648401936475	El Camino High (Continuation)	133	11
19648730000000	Paramount Unified	990	181
19648730000000	Paramount Unified	97	22
19648730000000	Paramount Unified	849	148
19648730000000	Paramount Unified	267	93
19648730000000	Paramount Unified	538	62
19648730000000	Paramount Unified	460	52
19648730000000	Paramount Unified	452	119
19648730000000	Paramount Unified	44	16
19648730000000	Paramount Unified	389	96
19648730000000	Paramount Unified	961	161
19648730000000	Paramount Unified	64	19
19648731936749	Paramount High	934	139
19648731936749	Paramount High	89	18
19648731936749	Paramount High	804	113
19648731936749	Paramount High	240	73
19648731936749	Paramount High	511	50
19648731936749	Paramount High	440	42
19648731936749	Paramount High	423	89
19648731936749	Paramount High	41	13
19648731936749	Paramount High	364	71
19648731936749	Paramount High	907	124
19648731936749	Paramount High	60	18
19648731936756	Buena Vista High	990	181
19648731936756	Buena Vista High	97	22
19648731936756	Buena Vista High	849	148
19648731936756	Buena Vista High	267	93
19648731936756	Buena Vista High	538	62
19648731936756	Buena Vista High	460	52
19648731936756	Buena Vista High	452	119
19648731936756	Buena Vista High	44	16
19648731936756	Buena Vista High	389	96
19648731936756	Buena Vista High	961	161
19648731936756	Buena Vista High	64	19
19648731996107	Paramount Unified Community Day	990	181
19648731996107	Paramount Unified Community Day	97	22
19648731996107	Paramount Unified Community Day	849	148
19648731996107	Paramount Unified Community Day	267	93
19648731996107	Paramount Unified Community Day	538	62
19648731996107	Paramount Unified Community Day	460	52
19648731996107	Paramount Unified Community Day	452	119
19648731996107	Paramount Unified Community Day	44	16
19648731996107	Paramount Unified Community Day	389	96
19648731996107	Paramount Unified Community Day	961	161
19648731996107	Paramount Unified Community Day	64	19
19648810000000	Pasadena Unified	1097	183
19648810000000	Pasadena Unified	218	40
19648810000000	Pasadena Unified	628	102
19648810000000	Pasadena Unified	154	20
19648810000000	Pasadena Unified	116	57
19648810000000	Pasadena Unified	587	69
19648810000000	Pasadena Unified	120	13
19648810000000	Pasadena Unified	344	35
19648810000000	Pasadena Unified	510	114
19648810000000	Pasadena Unified	98	27
19648810000000	Pasadena Unified	284	67
19648810000000	Pasadena Unified	79	11
19648810000000	Pasadena Unified	1036	160
19648810000000	Pasadena Unified	102	26
19648810117440	CIS Academy	66	39
19648810117440	CIS Academy	44	24
19648810117440	CIS Academy	39	13
19648810117440	CIS Academy	27	26
19648810117440	CIS Academy	17	14
19648810117440	CIS Academy	57	35
19648810118075	Learning Works	45	33
19648810118075	Learning Works	13	12
19648810118075	Learning Works	28	20
19648810118075	Learning Works	30	14
19648810118075	Learning Works	15	19
19648810118075	Learning Works	45	32
19648810118075	Learning Works	45	33
19648810118075	Learning Works	13	12
19648810118075	Learning Works	28	20
19648810118075	Learning Works	30	14
19648810118075	Learning Works	15	19
19648810118075	Learning Works	45	32
19648811931062	Blair High	147	30
19648811931062	Blair High	80	17
19648811931062	Blair High	13	15
19648811931062	Blair High	78	14
19648811931062	Blair High	69	16
19648811931062	Blair High	133	23
19648811936103	John Muir High	174	26
19648811936103	John Muir High	60	11
19648811936103	John Muir High	104	13
19648811936103	John Muir High	91	13
19648811936103	John Muir High	83	13
19648811936103	John Muir High	171	26
19648811936806	Rose City High (Continuation)	1097	183
19648811936806	Rose City High (Continuation)	218	40
19648811936806	Rose City High (Continuation)	628	102
19648811936806	Rose City High (Continuation)	154	20
19648811936806	Rose City High (Continuation)	116	57
19648811936806	Rose City High (Continuation)	587	69
19648811936806	Rose City High (Continuation)	120	13
19648811936806	Rose City High (Continuation)	344	35
19648811936806	Rose City High (Continuation)	510	114
19648811936806	Rose City High (Continuation)	98	27
19648811936806	Rose City High (Continuation)	284	67
19648811936806	Rose City High (Continuation)	79	11
19648811936806	Rose City High (Continuation)	1036	160
19648811936806	Rose City High (Continuation)	102	26
19648811936822	Pasadena High	431	25
19648811936822	Pasadena High	202	16
19648811936822	Pasadena High	401	19
19649070000000	Pomona Unified	1471	313
19649070000000	Pomona Unified	114	15
19649070000000	Pomona Unified	1126	272
19649070000000	Pomona Unified	433	181
19649070000000	Pomona Unified	778	139
19649070000000	Pomona Unified	597	121
19649070000000	Pomona Unified	693	174
19649070000000	Pomona Unified	529	151
19649070000000	Pomona Unified	1175	232
19649070000000	Pomona Unified	134	51
19649070115170	School of Extended Educational Options	1471	313
19649070115170	School of Extended Educational Options	114	15
19649070115170	School of Extended Educational Options	1126	272
19649070115170	School of Extended Educational Options	433	181
19649070115170	School of Extended Educational Options	778	139
19649070115170	School of Extended Educational Options	597	121
19649070115170	School of Extended Educational Options	693	174
19649070115170	School of Extended Educational Options	529	151
19649070115170	School of Extended Educational Options	1175	232
19649070115170	School of Extended Educational Options	134	51
19649071933175	Ganesha High	258	40
19649071933175	Ganesha High	239	38
19649071933175	Ganesha High	110	25
19649071933175	Ganesha High	140	13
19649071933175	Ganesha High	128	12
19649071933175	Ganesha High	118	27
19649071933175	Ganesha High	111	26
19649071933175	Ganesha High	245	27
19649071933324	Garey High	330	81
19649071933324	Garey High	293	73
19649071933324	Garey High	141	55
19649071933324	Garey High	178	36
19649071933324	Garey High	162	30
19649071933324	Garey High	152	45
19649071933324	Garey High	131	43
19649071933324	Garey High	318	57
19649071933324	Garey High	30	13
19649071936772	Park West High (Continuation)	1471	313
19649071936772	Park West High (Continuation)	114	15
19649071936772	Park West High (Continuation)	1126	272
19649071936772	Park West High (Continuation)	433	181
19649071936772	Park West High (Continuation)	778	139
19649071936772	Park West High (Continuation)	597	121
19649071936772	Park West High (Continuation)	693	174
19649071936772	Park West High (Continuation)	529	151
19649071936772	Park West High (Continuation)	1175	232
19649071936772	Park West High (Continuation)	134	51
19649071937028	Pomona High	289	68
19649071937028	Pomona High	238	60
19649071937028	Pomona High	88	38
19649071937028	Pomona High	162	31
19649071937028	Pomona High	137	29
19649071937028	Pomona High	127	37
19649071937028	Pomona High	101	31
19649071937028	Pomona High	272	48
19649071937028	Pomona High	26	11
19649071995901	Diamond Ranch High	446	16
19649800000000	Santa Monica-Malibu Unified	887	50
19649800000000	Santa Monica-Malibu Unified	276	24
19649800000000	Santa Monica-Malibu Unified	419	16
19649800000000	Santa Monica-Malibu Unified	449	25
19649800000000	Santa Monica-Malibu Unified	144	13
19649800000000	Santa Monica-Malibu Unified	438	25
19649800000000	Santa Monica-Malibu Unified	132	11
19649800000000	Santa Monica-Malibu Unified	295	25
19649801933373	Olympic High (Continuation)	887	50
19649801933373	Olympic High (Continuation)	276	24
19649801933373	Olympic High (Continuation)	419	16
19649801933373	Olympic High (Continuation)	449	25
19649801933373	Olympic High (Continuation)	144	13
19649801933373	Olympic High (Continuation)	438	25
19649801933373	Olympic High (Continuation)	132	11
19649801933373	Olympic High (Continuation)	295	25
19649801938000	Santa Monica High	680	35
19649801938000	Santa Monica High	247	18
19649801938000	Santa Monica High	347	17
19649801938000	Santa Monica High	333	18
19649801938000	Santa Monica High	249	18
19650290000000	South Pasadena Unified	360	12
19650291938455	South Pasadena Senior High	360	11
19650520000000	Temple City Unified	324	15
19650520000000	Temple City Unified	497	22
19650520000000	Temple City Unified	69	14
19650520000000	Temple City Unified	254	14
19650520000000	Temple City Unified	238	18
19650521938679	Temple City High	319	13
19650521938679	Temple City High	470	13
19650521938679	Temple City High	67	12
19650521938679	Temple City High	221	11
19650521995745	Dr. Doug Sears Learning Center	324	15
19650521995745	Dr. Doug Sears Learning Center	497	22
19650521995745	Dr. Doug Sears Learning Center	69	14
19650521995745	Dr. Doug Sears Learning Center	254	14
19650521995745	Dr. Doug Sears Learning Center	238	18
19650521995976	Temple City Alternative	324	15
19650521995976	Temple City Alternative	497	22
19650521995976	Temple City Alternative	69	14
19650521995976	Temple City Alternative	254	14
19650521995976	Temple City Alternative	238	18
19650600000000	Torrance Unified	2092	36
19650600000000	Torrance Unified	462	16
19650600000000	Torrance Unified	209	13
19650600000000	Torrance Unified	1042	18
19650600000000	Torrance Unified	1050	18
19650600000000	Torrance Unified	622	20
19650600000000	Torrance Unified	216	12
19650600110320	Gene Drevno Community Day	2092	36
19650600110320	Gene Drevno Community Day	462	16
19650600110320	Gene Drevno Community Day	209	13
19650600110320	Gene Drevno Community Day	1042	18
19650600110320	Gene Drevno Community Day	1050	18
19650600110320	Gene Drevno Community Day	622	20
19650600110320	Gene Drevno Community Day	216	12
19650601938083	Shery (Kurt T.) High (Continuation)	2092	36
19650601938083	Shery (Kurt T.) High (Continuation)	462	16
19650601938083	Shery (Kurt T.) High (Continuation)	209	13
19650601938083	Shery (Kurt T.) High (Continuation)	1042	18
19650601938083	Shery (Kurt T.) High (Continuation)	1050	18
19650601938083	Shery (Kurt T.) High (Continuation)	622	20
19650601938083	Shery (Kurt T.) High (Continuation)	216	12
19650940112706	California Virtual Academy @ Los Angeles	156	137
19650940112706	California Virtual Academy @ Los Angeles	25	28
19650940112706	California Virtual Academy @ Los Angeles	22	25
19650940112706	California Virtual Academy @ Los Angeles	88	62
19650940112706	California Virtual Academy @ Los Angeles	101	60
19650940112706	California Virtual Academy @ Los Angeles	56	29
19650940112706	California Virtual Academy @ Los Angeles	55	77
19650940112706	California Virtual Academy @ Los Angeles	32	33
19650940112706	California Virtual Academy @ Los Angeles	46	71
19650940112706	California Virtual Academy @ Los Angeles	156	137
19650940112706	California Virtual Academy @ Los Angeles	25	28
19650940112706	California Virtual Academy @ Los Angeles	22	25
19650940112706	California Virtual Academy @ Los Angeles	88	62
19650940112706	California Virtual Academy @ Los Angeles	101	60
19650940112706	California Virtual Academy @ Los Angeles	56	29
19650940112706	California Virtual Academy @ Los Angeles	55	77
19650940112706	California Virtual Academy @ Los Angeles	32	33
19650940112706	California Virtual Academy @ Los Angeles	46	71
19651280000000	Whittier Union High	2726	180
19651280000000	Whittier Union High	2286	156
19651280000000	Whittier Union High	317	18
19651280000000	Whittier Union High	338	47
19651280000000	Whittier Union High	1404	86
19651280000000	Whittier Union High	1190	73
19651280000000	Whittier Union High	1322	94
19651280000000	Whittier Union High	1096	83
19651280000000	Whittier Union High	2000	153
19651280000000	Whittier Union High	173	32
19651281930338	Frontier High (Continuation)	2726	180
19651281930338	Frontier High (Continuation)	2286	156
19651281930338	Frontier High (Continuation)	317	18
19651281930338	Frontier High (Continuation)	338	47
19651281930338	Frontier High (Continuation)	1404	86
19651281930338	Frontier High (Continuation)	1190	73
19651281930338	Frontier High (Continuation)	1322	94
19651281930338	Frontier High (Continuation)	1096	83
19651281930338	Frontier High (Continuation)	2000	153
19651281930338	Frontier High (Continuation)	173	32
19651281931302	California High	599	11
19651281931302	California High	518	11
19651281934868	La Serna High	555	15
19651281934868	La Serna High	273	11
19651281937903	Santa Fe High	602	17
19651281937903	Santa Fe High	519	16
19651281937903	Santa Fe High	472	14
19651281939701	Whittier High	471	13
19651281939701	Whittier High	429	12
19651281939701	Whittier High	379	11
19651281995653	Sierra Vista High (Alternative)	2726	180
19651281995653	Sierra Vista High (Alternative)	2286	156
19651281995653	Sierra Vista High (Alternative)	317	18
19651281995653	Sierra Vista High (Alternative)	338	47
19651281995653	Sierra Vista High (Alternative)	1404	86
19651281995653	Sierra Vista High (Alternative)	1190	73
19651281995653	Sierra Vista High (Alternative)	1322	94
19651281995653	Sierra Vista High (Alternative)	1096	83
19651281995653	Sierra Vista High (Alternative)	2000	153
19651281995653	Sierra Vista High (Alternative)	173	32
19651360000000	William S. Hart Union High	3585	78
19651360000000	William S. Hart Union High	975	41
19651360000000	William S. Hart Union High	1907	24
19651360000000	William S. Hart Union High	282	31
19651360000000	William S. Hart Union High	1762	31
19651360000000	William S. Hart Union High	481	15
19651360000000	William S. Hart Union High	1823	47
19651360000000	William S. Hart Union High	494	26
19651360000000	William S. Hart Union High	948	14
19651360000000	William S. Hart Union High	1256	52
19651360000000	William S. Hart Union High	1494	28
19651360102459	Golden Valley High	432	30
19651360102459	Golden Valley High	189	16
19651360102459	Golden Valley High	75	12
19651360102459	Golden Valley High	215	14
19651360102459	Golden Valley High	217	16
19651360102459	Golden Valley High	236	24
19651360114439	Mission View Public	23	90
19651360114439	Mission View Public	16	50
19651360114439	Mission View Public	17	81
19651360114439	Mission View Public	23	90
19651360114439	Mission View Public	16	50
19651360114439	Mission View Public	17	81
19651361931492	Canyon High	531	11
19651361933902	William S. Hart High	463	11
19651361934421	Bowman (Jereann) High (Continuation)	3585	78
19651361934421	Bowman (Jereann) High (Continuation)	975	41
19651361934421	Bowman (Jereann) High (Continuation)	1907	24
19651361934421	Bowman (Jereann) High (Continuation)	282	31
19651361934421	Bowman (Jereann) High (Continuation)	1762	31
19651361934421	Bowman (Jereann) High (Continuation)	481	15
19651361934421	Bowman (Jereann) High (Continuation)	1823	47
19651361934421	Bowman (Jereann) High (Continuation)	494	26
19651361934421	Bowman (Jereann) High (Continuation)	948	14
19651361934421	Bowman (Jereann) High (Continuation)	1256	52
19651361934421	Bowman (Jereann) High (Continuation)	1494	28
19651361995802	Valencia High	691	12
19651361996263	Opportunities for Learning - Santa Clarita	264	134
19651361996263	Opportunities for Learning - Santa Clarita	20	19
19651361996263	Opportunities for Learning - Santa Clarita	102	57
19651361996263	Opportunities for Learning - Santa Clarita	113	46
19651361996263	Opportunities for Learning - Santa Clarita	31	28
19651361996263	Opportunities for Learning - Santa Clarita	168	67
19651361996263	Opportunities for Learning - Santa Clarita	15	12
19651361996263	Opportunities for Learning - Santa Clarita	64	30
19651361996263	Opportunities for Learning - Santa Clarita	69	19
19651361996263	Opportunities for Learning - Santa Clarita	96	67
19651361996263	Opportunities for Learning - Santa Clarita	38	27
19651361996263	Opportunities for Learning - Santa Clarita	44	27
19651361996263	Opportunities for Learning - Santa Clarita	150	105
19651361996263	Opportunities for Learning - Santa Clarita	41	20
19651361996263	Opportunities for Learning - Santa Clarita	264	134
19651361996263	Opportunities for Learning - Santa Clarita	20	19
19651361996263	Opportunities for Learning - Santa Clarita	102	57
19651361996263	Opportunities for Learning - Santa Clarita	113	46
19651361996263	Opportunities for Learning - Santa Clarita	31	28
19651361996263	Opportunities for Learning - Santa Clarita	168	67
19651361996263	Opportunities for Learning - Santa Clarita	15	12
19651361996263	Opportunities for Learning - Santa Clarita	64	30
19651361996263	Opportunities for Learning - Santa Clarita	69	19
19651361996263	Opportunities for Learning - Santa Clarita	96	67
19651361996263	Opportunities for Learning - Santa Clarita	38	27
19651361996263	Opportunities for Learning - Santa Clarita	44	27
19651361996263	Opportunities for Learning - Santa Clarita	150	105
19651361996263	Opportunities for Learning - Santa Clarita	41	20
19734370000000	Compton Unified	963	545
19734370000000	Compton Unified	244	148
19734370000000	Compton Unified	710	389
19734370000000	Compton Unified	315	286
19734370000000	Compton Unified	530	244
19734370000000	Compton Unified	125	82
19734370000000	Compton Unified	402	159
19734370000000	Compton Unified	433	301
19734370000000	Compton Unified	119	66
19734370000000	Compton Unified	308	230
19734370000000	Compton Unified	836	426
19734370000000	Compton Unified	61	85
19734371931567	Centennial High	189	74
19734371931567	Centennial High	66	25
19734371931567	Centennial High	123	47
19734371931567	Centennial High	62	37
19734371931567	Centennial High	108	29
19734371931567	Centennial High	37	13
19734371931567	Centennial High	71	15
19734371931567	Centennial High	81	45
19734371931567	Centennial High	29	12
19734371931567	Centennial High	52	32
19734371931567	Centennial High	160	53
19734371931567	Centennial High	19	13
19734371931963	Compton High	340	167
19734371931963	Compton High	62	37
19734371931963	Compton High	275	126
19734371931963	Compton High	134	87
19734371931963	Compton High	189	71
19734371931963	Compton High	34	19
19734371931963	Compton High	155	51
19734371931963	Compton High	151	96
19734371931963	Compton High	28	18
19734371931963	Compton High	120	75
19734371931963	Compton High	292	122
19734371931963	Compton High	15	30
19734371932326	Dominguez High	364	121
19734371932326	Dominguez High	78	27
19734371932326	Dominguez High	282	93
19734371932326	Dominguez High	102	70
19734371932326	Dominguez High	190	51
19734371932326	Dominguez High	34	13
19734371932326	Dominguez High	154	38
19734371932326	Dominguez High	174	70
19734371932326	Dominguez High	44	14
19734371932326	Dominguez High	128	55
19734371932326	Dominguez High	322	86
19734371932326	Dominguez High	17	18
19734371995695	Cesar Chavez Continuation High	963	545
19734371995695	Cesar Chavez Continuation High	244	148
19734371995695	Cesar Chavez Continuation High	710	389
19734371995695	Cesar Chavez Continuation High	315	286
19734371995695	Cesar Chavez Continuation High	530	244
19734371995695	Cesar Chavez Continuation High	125	82
19734371995695	Cesar Chavez Continuation High	402	159
19734371995695	Cesar Chavez Continuation High	433	301
19734371995695	Cesar Chavez Continuation High	119	66
19734371995695	Cesar Chavez Continuation High	308	230
19734371995695	Cesar Chavez Continuation High	836	426
19734371995695	Cesar Chavez Continuation High	61	85
19734371995703	Harriet Tubman High	963	545
19734371995703	Harriet Tubman High	244	148
19734371995703	Harriet Tubman High	710	389
19734371995703	Harriet Tubman High	315	286
19734371995703	Harriet Tubman High	530	244
19734371995703	Harriet Tubman High	125	82
19734371995703	Harriet Tubman High	402	159
19734371995703	Harriet Tubman High	433	301
19734371995703	Harriet Tubman High	119	66
19734371995703	Harriet Tubman High	308	230
19734371995703	Harriet Tubman High	836	426
19734371995703	Harriet Tubman High	61	85
19734371996040	Compton Community Day High	963	545
19734371996040	Compton Community Day High	244	148
19734371996040	Compton Community Day High	710	389
19734371996040	Compton Community Day High	315	286
19734371996040	Compton Community Day High	530	244
19734371996040	Compton Community Day High	125	82
19734371996040	Compton Community Day High	402	159
19734371996040	Compton Community Day High	433	301
19734371996040	Compton Community Day High	119	66
19734371996040	Compton Community Day High	308	230
19734371996040	Compton Community Day High	836	426
19734371996040	Compton Community Day High	61	85
19734450000000	Hacienda la Puente Unified	1486	116
19734450000000	Hacienda la Puente Unified	1067	100
19734450000000	Hacienda la Puente Unified	222	49
19734450000000	Hacienda la Puente Unified	781	32
19734450000000	Hacienda la Puente Unified	572	27
19734450000000	Hacienda la Puente Unified	705	84
19734450000000	Hacienda la Puente Unified	495	73
19734450000000	Hacienda la Puente Unified	1057	101
19734450000000	Hacienda la Puente Unified	103	14
19734451935246	Los Altos High	509	12
19734451938935	Valley Alternative High (Continuation)	1486	116
19734451938935	Valley Alternative High (Continuation)	1067	100
19734451938935	Valley Alternative High (Continuation)	222	49
19734451938935	Valley Alternative High (Continuation)	781	32
19734451938935	Valley Alternative High (Continuation)	572	27
19734451938935	Valley Alternative High (Continuation)	705	84
19734451938935	Valley Alternative High (Continuation)	495	73
19734451938935	Valley Alternative High (Continuation)	1057	101
19734451938935	Valley Alternative High (Continuation)	103	14
19734451939834	Glen A. Wilson High	420	16
19734451996560	Valley Community Day	1486	116
19734451996560	Valley Community Day	1067	100
19734451996560	Valley Community Day	222	49
19734451996560	Valley Community Day	781	32
19734451996560	Valley Community Day	572	27
19734451996560	Valley Community Day	705	84
19734451996560	Valley Community Day	495	73
19734451996560	Valley Community Day	1057	101
19734451996560	Valley Community Day	103	14
19734520000000	Rowland Unified	284	18
19734520000000	Rowland Unified	1039	107
19734520000000	Rowland Unified	573	73
19734520000000	Rowland Unified	241	57
19734520000000	Rowland Unified	529	54
19734520000000	Rowland Unified	305	44
19734520000000	Rowland Unified	144	11
19734520000000	Rowland Unified	510	53
19734520000000	Rowland Unified	268	29
19734520000000	Rowland Unified	726	87
19734520000000	Rowland Unified	82	12
19734521930106	Santana High (Continuation)	284	18
19734521930106	Santana High (Continuation)	1039	107
19734521930106	Santana High (Continuation)	573	73
19734521930106	Santana High (Continuation)	241	57
19734521930106	Santana High (Continuation)	529	54
19734521930106	Santana High (Continuation)	305	44
19734521930106	Santana High (Continuation)	144	11
19734521930106	Santana High (Continuation)	510	53
19734521930106	Santana High (Continuation)	268	29
19734521930106	Santana High (Continuation)	726	87
19734521930106	Santana High (Continuation)	82	12
19734521936228	Nogales High	448	54
19734521936228	Nogales High	356	45
19734521936228	Nogales High	120	30
19734521936228	Nogales High	243	29
19734521936228	Nogales High	197	27
19734521936228	Nogales High	205	25
19734521936228	Nogales High	159	18
19734521936228	Nogales High	383	48
19734521937564	John A. Rowland High	269	16
19734521937564	John A. Rowland High	545	31
19734521937564	John A. Rowland High	178	11
19734521937564	John A. Rowland High	105	20
19734521937564	John A. Rowland High	265	14
19734521937564	John A. Rowland High	280	17
19734521937564	John A. Rowland High	302	18
19734600000000	Walnut Valley Unified	873	11
19734600000000	Walnut Valley Unified	1515	22
19734600000000	Walnut Valley Unified	783	13
19734601937747	Ron Hockwalt Academies (Continuation)	873	11
19734601937747	Ron Hockwalt Academies (Continuation)	1515	22
19734601937747	Ron Hockwalt Academies (Continuation)	783	13
19734601939149	Walnut High	726	17
19734601939149	Walnut High	367	12
19752910000000	San Gabriel Unified	231	17
19752910000000	San Gabriel Unified	436	25
19752910000000	San Gabriel Unified	118	20
19752910000000	San Gabriel Unified	114	11
19752910000000	San Gabriel Unified	221	16
19752910000000	San Gabriel Unified	299	17
19752911995810	Gabrielino High	229	17
19752911995810	Gabrielino High	401	21
19752911995810	Gabrielino High	109	18
19752911995810	Gabrielino High	113	11
19752911995810	Gabrielino High	198	12
19752911995810	Gabrielino High	270	14
19752911996016	Options for Youth San Gabriel	119	115
19752911996016	Options for Youth San Gabriel	65	77
19752911996016	Options for Youth San Gabriel	42	23
19752911996016	Options for Youth San Gabriel	18	30
19752911996016	Options for Youth San Gabriel	66	48
19752911996016	Options for Youth San Gabriel	37	31
19752911996016	Options for Youth San Gabriel	53	67
19752911996016	Options for Youth San Gabriel	28	46
19752911996016	Options for Youth San Gabriel	21	15
19752911996016	Options for Youth San Gabriel	82	99
19752911996016	Options for Youth San Gabriel	119	115
19752911996016	Options for Youth San Gabriel	65	77
19752911996016	Options for Youth San Gabriel	42	23
19752911996016	Options for Youth San Gabriel	18	30
19752911996016	Options for Youth San Gabriel	66	48
19752911996016	Options for Youth San Gabriel	37	31
19752911996016	Options for Youth San Gabriel	53	67
19752911996016	Options for Youth San Gabriel	28	46
19752911996016	Options for Youth San Gabriel	21	15
19752911996016	Options for Youth San Gabriel	82	99
19752911996081	Del Mar High	231	17
19752911996081	Del Mar High	436	25
19752911996081	Del Mar High	118	20
19752911996081	Del Mar High	114	11
19752911996081	Del Mar High	221	16
19752911996081	Del Mar High	299	17
19753090000000	Acton-Agua Dulce Unified	134	14
19753410000000	Redondo Beach Unified	605	25
19753410000000	Redondo Beach Unified	302	15
19753410000000	Redondo Beach Unified	273	14
19753410000000	Redondo Beach Unified	332	11
19753410000000	Redondo Beach Unified	183	11
19753411937143	Redondo Union High	557	17
19753411937143	Redondo Union High	281	11
19753411995752	Redondo Shores High (Continuation)	605	25
19753411995752	Redondo Shores High (Continuation)	302	15
19753411995752	Redondo Shores High (Continuation)	273	14
19753411995752	Redondo Shores High (Continuation)	332	11
19753411995752	Redondo Shores High (Continuation)	183	11
19757130000000	Alhambra Unified	1041	51
19757130000000	Alhambra Unified	1772	110
19757130000000	Alhambra Unified	644	55
19757130000000	Alhambra Unified	467	77
19757130000000	Alhambra Unified	506	21
19757130000000	Alhambra Unified	920	49
19757130000000	Alhambra Unified	363	26
19757130000000	Alhambra Unified	535	30
19757130000000	Alhambra Unified	852	61
19757130000000	Alhambra Unified	281	29
19757130000000	Alhambra Unified	1465	99
19757130000000	Alhambra Unified	115	15
19757131930122	Century High	1041	51
19757131930122	Century High	1772	110
19757131930122	Century High	644	55
19757131930122	Century High	467	77
19757131930122	Century High	506	21
19757131930122	Century High	920	49
19757131930122	Century High	363	26
19757131930122	Century High	535	30
19757131930122	Century High	852	61
19757131930122	Century High	281	29
19757131930122	Century High	1465	99
19757131930122	Century High	115	15
19757131930163	Alhambra High	326	24
19757131930163	Alhambra High	656	43
19757131930163	Alhambra High	286	18
19757131930163	Alhambra High	187	34
19757131930163	Alhambra High	346	16
19757131930163	Alhambra High	170	15
19757131930163	Alhambra High	310	27
19757131930163	Alhambra High	124	12
19757131930163	Alhambra High	539	42
19757131934553	Mark Keppel High	516	13
19757131934553	Mark Keppel High	131	11
19757131934553	Mark Keppel High	382	12
19757131937697	San Gabriel High	334	18
19757131937697	San Gabriel High	511	29
19757131937697	San Gabriel High	128	25
19757131937697	San Gabriel High	261	13
19757131937697	San Gabriel High	176	11
19757131937697	San Gabriel High	250	16
19757131937697	San Gabriel High	464	27
19757131995430	Independence High (Alternative)	1041	51
19757131995430	Independence High (Alternative)	1772	110
19757131995430	Independence High (Alternative)	644	55
19757131995430	Independence High (Alternative)	467	77
19757131995430	Independence High (Alternative)	506	21
19757131995430	Independence High (Alternative)	920	49
19757131995430	Independence High (Alternative)	363	26
19757131995430	Independence High (Alternative)	535	30
19757131995430	Independence High (Alternative)	852	61
19757131995430	Independence High (Alternative)	281	29
19757131995430	Independence High (Alternative)	1465	99
19757131995430	Independence High (Alternative)	115	15
19764970115725	Lifeline Education Charter	18	21
19764970115725	Lifeline Education Charter	15	16
19764970115725	Lifeline Education Charter	18	20
19764970115725	Lifeline Education Charter	18	21
19764970115725	Lifeline Education Charter	15	16
19764970115725	Lifeline Education Charter	18	20
20000000000000	Madera	1735	294
20000000000000	Madera	39	13
20000000000000	Madera	1068	218
20000000000000	Madera	550	50
20000000000000	Madera	373	124
20000000000000	Madera	882	120
20000000000000	Madera	558	89
20000000000000	Madera	266	21
20000000000000	Madera	853	174
20000000000000	Madera	510	129
20000000000000	Madera	284	29
20000000000000	Madera	111	27
20000000000000	Madera	1216	265
20000000000000	Madera	163	51
20102070000000	Madera County Office of Education	1735	294
20102070000000	Madera County Office of Education	39	13
20102070000000	Madera County Office of Education	1068	218
20102070000000	Madera County Office of Education	550	50
20102070000000	Madera County Office of Education	373	124
20102070000000	Madera County Office of Education	882	120
20102070000000	Madera County Office of Education	558	89
20102070000000	Madera County Office of Education	266	21
20102070000000	Madera County Office of Education	853	174
20102070000000	Madera County Office of Education	510	129
20102070000000	Madera County Office of Education	284	29
20102070000000	Madera County Office of Education	111	27
20102070000000	Madera County Office of Education	1216	265
20102070000000	Madera County Office of Education	163	51
20102070117184	Madera County Independent Academy	1735	294
20102070117184	Madera County Independent Academy	39	13
20102070117184	Madera County Independent Academy	1068	218
20102070117184	Madera County Independent Academy	550	50
20102070117184	Madera County Independent Academy	373	124
20102070117184	Madera County Independent Academy	882	120
20102070117184	Madera County Independent Academy	558	89
20102070117184	Madera County Independent Academy	266	21
20102070117184	Madera County Independent Academy	853	174
20102070117184	Madera County Independent Academy	510	129
20102070117184	Madera County Independent Academy	284	29
20102070117184	Madera County Independent Academy	111	27
20102070117184	Madera County Independent Academy	1216	265
20102070117184	Madera County Independent Academy	163	51
20102072030054	Enterprise Secondary	1735	294
20102072030054	Enterprise Secondary	39	13
20102072030054	Enterprise Secondary	1068	218
20102072030054	Enterprise Secondary	550	50
20102072030054	Enterprise Secondary	373	124
20102072030054	Enterprise Secondary	882	120
20102072030054	Enterprise Secondary	558	89
20102072030054	Enterprise Secondary	266	21
20102072030054	Enterprise Secondary	853	174
20102072030054	Enterprise Secondary	510	129
20102072030054	Enterprise Secondary	284	29
20102072030054	Enterprise Secondary	111	27
20102072030054	Enterprise Secondary	1216	265
20102072030054	Enterprise Secondary	163	51
20102072030153	Juvenile Hall (Endeavor/Voyager Secondary)	1735	294
20102072030153	Juvenile Hall (Endeavor/Voyager Secondary)	39	13
20102072030153	Juvenile Hall (Endeavor/Voyager Secondary)	1068	218
20102072030153	Juvenile Hall (Endeavor/Voyager Secondary)	550	50
20102072030153	Juvenile Hall (Endeavor/Voyager Secondary)	373	124
20102072030153	Juvenile Hall (Endeavor/Voyager Secondary)	882	120
20102072030153	Juvenile Hall (Endeavor/Voyager Secondary)	558	89
20102072030153	Juvenile Hall (Endeavor/Voyager Secondary)	266	21
20102072030153	Juvenile Hall (Endeavor/Voyager Secondary)	853	174
20102072030153	Juvenile Hall (Endeavor/Voyager Secondary)	510	129
20102072030153	Juvenile Hall (Endeavor/Voyager Secondary)	284	29
20102072030153	Juvenile Hall (Endeavor/Voyager Secondary)	111	27
20102072030153	Juvenile Hall (Endeavor/Voyager Secondary)	1216	265
20102072030153	Juvenile Hall (Endeavor/Voyager Secondary)	163	51
20102072030187	Discovery Secondary	1735	294
20102072030187	Discovery Secondary	39	13
20102072030187	Discovery Secondary	1068	218
20102072030187	Discovery Secondary	550	50
20102072030187	Discovery Secondary	373	124
20102072030187	Discovery Secondary	882	120
20102072030187	Discovery Secondary	558	89
20102072030187	Discovery Secondary	266	21
20102072030187	Discovery Secondary	853	174
20102072030187	Discovery Secondary	510	129
20102072030187	Discovery Secondary	284	29
20102072030187	Discovery Secondary	111	27
20102072030187	Discovery Secondary	1216	265
20102072030187	Discovery Secondary	163	51
20102072030229	Pioneer Technical Center	1735	294
20102072030229	Pioneer Technical Center	39	13
20102072030229	Pioneer Technical Center	1068	218
20102072030229	Pioneer Technical Center	550	50
20102072030229	Pioneer Technical Center	373	124
20102072030229	Pioneer Technical Center	882	120
20102072030229	Pioneer Technical Center	558	89
20102072030229	Pioneer Technical Center	266	21
20102072030229	Pioneer Technical Center	853	174
20102072030229	Pioneer Technical Center	510	129
20102072030229	Pioneer Technical Center	284	29
20102072030229	Pioneer Technical Center	111	27
20102072030229	Pioneer Technical Center	1216	265
20102072030229	Pioneer Technical Center	163	51
20102076077200	Gould Educational Center	1735	294
20102076077200	Gould Educational Center	39	13
20102076077200	Gould Educational Center	1068	218
20102076077200	Gould Educational Center	550	50
20102076077200	Gould Educational Center	373	124
20102076077200	Gould Educational Center	882	120
20102076077200	Gould Educational Center	558	89
20102076077200	Gould Educational Center	266	21
20102076077200	Gould Educational Center	853	174
20102076077200	Gould Educational Center	510	129
20102076077200	Gould Educational Center	284	29
20102076077200	Gould Educational Center	111	27
20102076077200	Gould Educational Center	1216	265
20102076077200	Gould Educational Center	163	51
20652010000000	Chowchilla Union High	194	23
20652010000000	Chowchilla Union High	114	15
20652010000000	Chowchilla Union High	93	18
20652010000000	Chowchilla Union High	49	12
20652010000000	Chowchilla Union High	147	21
20652012030047	Gateway High (Continuation)	194	23
20652012030047	Gateway High (Continuation)	114	15
20652012030047	Gateway High (Continuation)	93	18
20652012030047	Gateway High (Continuation)	49	12
20652012030047	Gateway High (Continuation)	147	21
20652012032357	Chowchilla High	193	23
20652012032357	Chowchilla High	113	15
20652012032357	Chowchilla High	92	18
20652012032357	Chowchilla High	48	12
20652012032357	Chowchilla High	146	21
20652430000000	Madera Unified	1009	125
20652430000000	Madera Unified	818	101
20652430000000	Madera Unified	138	13
20652430000000	Madera Unified	292	65
20652430000000	Madera Unified	510	60
20652430000000	Madera Unified	422	50
20652430000000	Madera Unified	499	65
20652430000000	Madera Unified	396	51
20652430000000	Madera Unified	90	20
20652430000000	Madera Unified	813	114
20652430000000	Madera Unified	113	30
20652430110965	Madera South High	498	59
20652430110965	Madera South High	421	49
20652430110965	Madera South High	151	38
20652430110965	Madera South High	247	31
20652430110965	Madera South High	210	25
20652430110965	Madera South High	251	28
20652430110965	Madera South High	211	24
20652430110965	Madera South High	426	54
20652430110965	Madera South High	51	17
20652430123620	Eastin-Arcola High	46	24
20652430123620	Eastin-Arcola High	44	18
20652430123620	Eastin-Arcola High	31	14
20652430123620	Eastin-Arcola High	23	16
20652430123620	Eastin-Arcola High	21	11
20652430123620	Eastin-Arcola High	45	22
20652432035640	Furman (Duane E.) High (Independent Study Program)	1009	125
20652432035640	Furman (Duane E.) High (Independent Study Program)	818	101
20652432035640	Furman (Duane E.) High (Independent Study Program)	138	13
20652432035640	Furman (Duane E.) High (Independent Study Program)	292	65
20652432035640	Furman (Duane E.) High (Independent Study Program)	510	60
20652432035640	Furman (Duane E.) High (Independent Study Program)	422	50
20652432035640	Furman (Duane E.) High (Independent Study Program)	499	65
20652432035640	Furman (Duane E.) High (Independent Study Program)	396	51
20652432035640	Furman (Duane E.) High (Independent Study Program)	90	20
20652432035640	Furman (Duane E.) High (Independent Study Program)	813	114
20652432035640	Furman (Duane E.) High (Independent Study Program)	113	30
20652432035707	Madera High	440	17
20652432035707	Madera High	334	13
20652432035707	Madera High	320	16
20755800000000	Golden Valley Unified	123	12
20755800110395	Lincoln Community Day	123	12
20755800110403	Valley Teen Ranch Community Day	123	12
20755802030161	Independence Continuation High	123	12
20764140000000	Yosemite Unified	240	18
20764140000000	Yosemite Unified	182	14
20764142030039	Ahwahnee High	240	18
20764142030039	Ahwahnee High	182	14
21000000000000	Marin	1951	138
21000000000000	Marin	45	16
21000000000000	Marin	398	68
21000000000000	Marin	1249	38
21000000000000	Marin	138	53
21000000000000	Marin	982	57
21000000000000	Marin	194	27
21000000000000	Marin	649	18
21000000000000	Marin	969	81
21000000000000	Marin	204	41
21000000000000	Marin	600	20
21000000000000	Marin	536	97
21000000000000	Marin	192	33
21102150000000	Marin County Office of Education	1951	138
21102150000000	Marin County Office of Education	45	16
21102150000000	Marin County Office of Education	398	68
21102150000000	Marin County Office of Education	1249	38
21102150000000	Marin County Office of Education	138	53
21102150000000	Marin County Office of Education	982	57
21102150000000	Marin County Office of Education	194	27
21102150000000	Marin County Office of Education	649	18
21102150000000	Marin County Office of Education	969	81
21102150000000	Marin County Office of Education	204	41
21102150000000	Marin County Office of Education	600	20
21102150000000	Marin County Office of Education	536	97
21102150000000	Marin County Office of Education	192	33
21102150113183	Marin County Juvenile Court	1951	138
21102150113183	Marin County Juvenile Court	45	16
21102150113183	Marin County Juvenile Court	398	68
21102150113183	Marin County Juvenile Court	1249	38
21102150113183	Marin County Juvenile Court	138	53
21102150113183	Marin County Juvenile Court	982	57
21102150113183	Marin County Juvenile Court	194	27
21102150113183	Marin County Juvenile Court	649	18
21102150113183	Marin County Juvenile Court	969	81
21102150113183	Marin County Juvenile Court	204	41
21102150113183	Marin County Juvenile Court	600	20
21102150113183	Marin County Juvenile Court	536	97
21102150113183	Marin County Juvenile Court	192	33
21102152130037	Marin County Community	1951	138
21102152130037	Marin County Community	45	16
21102152130037	Marin County Community	398	68
21102152130037	Marin County Community	1249	38
21102152130037	Marin County Community	138	53
21102152130037	Marin County Community	982	57
21102152130037	Marin County Community	194	27
21102152130037	Marin County Community	649	18
21102152130037	Marin County Community	969	81
21102152130037	Marin County Community	204	41
21102152130037	Marin County Community	600	20
21102152130037	Marin County Community	536	97
21102152130037	Marin County Community	192	33
21102152130102	Phoenix Academy	1951	138
21102152130102	Phoenix Academy	45	16
21102152130102	Phoenix Academy	398	68
21102152130102	Phoenix Academy	1249	38
21102152130102	Phoenix Academy	138	53
21102152130102	Phoenix Academy	982	57
21102152130102	Phoenix Academy	194	27
21102152130102	Phoenix Academy	649	18
21102152130102	Phoenix Academy	969	81
21102152130102	Phoenix Academy	204	41
21102152130102	Phoenix Academy	600	20
21102152130102	Phoenix Academy	536	97
21102152130102	Phoenix Academy	192	33
21102156069504	Marin County Special Education	1951	138
21102156069504	Marin County Special Education	45	16
21102156069504	Marin County Special Education	398	68
21102156069504	Marin County Special Education	1249	38
21102156069504	Marin County Special Education	138	53
21102156069504	Marin County Special Education	982	57
21102156069504	Marin County Special Education	194	27
21102156069504	Marin County Special Education	649	18
21102156069504	Marin County Special Education	969	81
21102156069504	Marin County Special Education	204	41
21102156069504	Marin County Special Education	600	20
21102156069504	Marin County Special Education	536	97
21102156069504	Marin County Special Education	192	33
21654170000000	Novato Unified	535	29
21654170000000	Novato Unified	124	15
21654170000000	Novato Unified	30	14
21654170000000	Novato Unified	277	16
21654170000000	Novato Unified	258	13
21654170000000	Novato Unified	158	20
21654172132264	Marin Oaks High	535	29
21654172132264	Marin Oaks High	124	15
21654172132264	Marin Oaks High	30	14
21654172132264	Marin Oaks High	277	16
21654172132264	Marin Oaks High	258	13
21654172132264	Marin Oaks High	158	20
21654172132272	Novato High	287	15
21654660000000	San Rafael City High	435	43
21654660000000	San Rafael City High	179	27
21654660000000	San Rafael City High	74	23
21654660000000	San Rafael City High	215	17
21654660000000	San Rafael City High	220	26
21654660000000	San Rafael City High	95	17
21654660000000	San Rafael City High	211	32
21654662133254	Madrone High Continuation	435	43
21654662133254	Madrone High Continuation	179	27
21654662133254	Madrone High Continuation	74	23
21654662133254	Madrone High Continuation	215	17
21654662133254	Madrone High Continuation	220	26
21654662133254	Madrone High Continuation	95	17
21654662133254	Madrone High Continuation	211	32
21654662133262	San Rafael High	178	18
21654662133262	San Rafael High	96	13
21654662133262	San Rafael High	33	13
21654662133262	San Rafael High	115	15
21654662134005	Terra Linda High	243	20
21654662134005	Terra Linda High	72	11
21654662134005	Terra Linda High	121	14
21654662134005	Terra Linda High	86	12
21654820000000	Tamalpais Union High	922	16
21654822134419	San Andreas High (Continuation)	922	16
22000000000000	Mariposa	152	16
22000000000000	Mariposa	86	15
22102230000000	Mariposa County Office of Education	152	16
22102230000000	Mariposa County Office of Education	86	15
22102232230100	Juvenile Hall/Community	152	16
22102232230100	Juvenile Hall/Community	86	15
23000000000000	Mendocino	830	108
23000000000000	Mendocino	267	32
23000000000000	Mendocino	61	20
23000000000000	Mendocino	462	50
23000000000000	Mendocino	120	24
23000000000000	Mendocino	418	41
23000000000000	Mendocino	141	11
23000000000000	Mendocino	30	14
23000000000000	Mendocino	230	15
23000000000000	Mendocino	412	67
23000000000000	Mendocino	126	21
23000000000000	Mendocino	232	35
23000000000000	Mendocino	518	95
23000000000000	Mendocino	85	22
23102310000000	Mendocino County Office of Education	830	108
23102310000000	Mendocino County Office of Education	267	32
23102310000000	Mendocino County Office of Education	61	20
23102310000000	Mendocino County Office of Education	462	50
23102310000000	Mendocino County Office of Education	120	24
23102310000000	Mendocino County Office of Education	418	41
23102310000000	Mendocino County Office of Education	141	11
23102310000000	Mendocino County Office of Education	30	14
23102310000000	Mendocino County Office of Education	230	15
23102310000000	Mendocino County Office of Education	412	67
23102310000000	Mendocino County Office of Education	126	21
23102310000000	Mendocino County Office of Education	232	35
23102310000000	Mendocino County Office of Education	518	95
23102310000000	Mendocino County Office of Education	85	22
23102312330124	West Hills Juvenile Hall Court	830	108
23102312330124	West Hills Juvenile Hall Court	267	32
23102312330124	West Hills Juvenile Hall Court	61	20
23102312330124	West Hills Juvenile Hall Court	462	50
23102312330124	West Hills Juvenile Hall Court	120	24
23102312330124	West Hills Juvenile Hall Court	418	41
23102312330124	West Hills Juvenile Hall Court	141	11
23102312330124	West Hills Juvenile Hall Court	30	14
23102312330124	West Hills Juvenile Hall Court	230	15
23102312330124	West Hills Juvenile Hall Court	412	67
23102312330124	West Hills Juvenile Hall Court	126	21
23102312330124	West Hills Juvenile Hall Court	232	35
23102312330124	West Hills Juvenile Hall Court	518	95
23102312330124	West Hills Juvenile Hall Court	85	22
23102312330447	Mendocino County Community	830	108
23102312330447	Mendocino County Community	267	32
23102312330447	Mendocino County Community	61	20
23102312330447	Mendocino County Community	462	50
23102312330447	Mendocino County Community	120	24
23102312330447	Mendocino County Community	418	41
23102312330447	Mendocino County Community	141	11
23102312330447	Mendocino County Community	30	14
23102312330447	Mendocino County Community	230	15
23102312330447	Mendocino County Community	412	67
23102312330447	Mendocino County Community	126	21
23102312330447	Mendocino County Community	232	35
23102312330447	Mendocino County Community	518	95
23102312330447	Mendocino County Community	85	22
23656070000000	Round Valley Unified	20	14
23656070000000	Round Valley Unified	14	11
23656070000000	Round Valley Unified	20	13
23656072330033	Round Valley Continuation	20	14
23656072330033	Round Valley Continuation	14	11
23656072330033	Round Valley Continuation	20	13
23656150000000	Ukiah Unified	390	38
23656150000000	Ukiah Unified	133	16
23656150000000	Ukiah Unified	214	18
23656150000000	Ukiah Unified	60	12
23656150000000	Ukiah Unified	216	15
23656150000000	Ukiah Unified	174	23
23656150000000	Ukiah Unified	53	11
23656150000000	Ukiah Unified	98	12
23656150000000	Ukiah Unified	220	32
23656152334704	South Valley High (Continuation)	390	38
23656152334704	South Valley High (Continuation)	133	16
23656152334704	South Valley High (Continuation)	214	18
23656152334704	South Valley High (Continuation)	60	12
23656152334704	South Valley High (Continuation)	216	15
23656152334704	South Valley High (Continuation)	174	23
23656152334704	South Valley High (Continuation)	53	11
23656152334704	South Valley High (Continuation)	98	12
23656152334704	South Valley High (Continuation)	220	32
23656152335024	Ukiah High	358	23
23656152335024	Ukiah High	202	11
23656152335024	Ukiah High	162	16
23656152335024	Ukiah High	193	17
23656230000000	Willits Unified	118	17
23656230000000	Willits Unified	77	12
23656230000000	Willits Unified	58	11
23656230000000	Willits Unified	75	14
24000000000000	Merced	343	15
24000000000000	Merced	3660	440
24000000000000	Merced	115	25
24000000000000	Merced	2248	308
24000000000000	Merced	851	80
24000000000000	Merced	757	165
24000000000000	Merced	1836	187
24000000000000	Merced	55	17
24000000000000	Merced	1142	125
24000000000000	Merced	410	31
24000000000000	Merced	1824	253
24000000000000	Merced	1106	183
24000000000000	Merced	441	49
24000000000000	Merced	177	27
24000000000000	Merced	2955	416
24000000000000	Merced	312	68
24102490000000	Merced County Office of Education	343	15
24102490000000	Merced County Office of Education	3660	440
24102490000000	Merced County Office of Education	115	25
24102490000000	Merced County Office of Education	2248	308
24102490000000	Merced County Office of Education	851	80
24102490000000	Merced County Office of Education	757	165
24102490000000	Merced County Office of Education	1836	187
24102490000000	Merced County Office of Education	55	17
24102490000000	Merced County Office of Education	1142	125
24102490000000	Merced County Office of Education	410	31
24102490000000	Merced County Office of Education	1824	253
24102490000000	Merced County Office of Education	1106	183
24102490000000	Merced County Office of Education	441	49
24102490000000	Merced County Office of Education	177	27
24102490000000	Merced County Office of Education	2955	416
24102490000000	Merced County Office of Education	312	68
24102490106518	Merced Scholars Charter	343	15
24102490106518	Merced Scholars Charter	3660	440
24102490106518	Merced Scholars Charter	115	25
24102490106518	Merced Scholars Charter	2248	308
24102490106518	Merced Scholars Charter	851	80
24102490106518	Merced Scholars Charter	757	165
24102490106518	Merced Scholars Charter	1836	187
24102490106518	Merced Scholars Charter	55	17
24102490106518	Merced Scholars Charter	1142	125
24102490106518	Merced Scholars Charter	410	31
24102490106518	Merced Scholars Charter	1824	253
24102490106518	Merced Scholars Charter	1106	183
24102490106518	Merced Scholars Charter	441	49
24102490106518	Merced Scholars Charter	177	27
24102490106518	Merced Scholars Charter	2955	416
24102490106518	Merced Scholars Charter	312	68
24102492430056	Merced County Juvenile Hall/Community	343	15
24102492430056	Merced County Juvenile Hall/Community	3660	440
24102492430056	Merced County Juvenile Hall/Community	115	25
24102492430056	Merced County Juvenile Hall/Community	2248	308
24102492430056	Merced County Juvenile Hall/Community	851	80
24102492430056	Merced County Juvenile Hall/Community	757	165
24102492430056	Merced County Juvenile Hall/Community	1836	187
24102492430056	Merced County Juvenile Hall/Community	55	17
24102492430056	Merced County Juvenile Hall/Community	1142	125
24102492430056	Merced County Juvenile Hall/Community	410	31
24102492430056	Merced County Juvenile Hall/Community	1824	253
24102492430056	Merced County Juvenile Hall/Community	1106	183
24102492430056	Merced County Juvenile Hall/Community	441	49
24102492430056	Merced County Juvenile Hall/Community	177	27
24102492430056	Merced County Juvenile Hall/Community	2955	416
24102492430056	Merced County Juvenile Hall/Community	312	68
24102492430148	Valley Community	343	15
24102492430148	Valley Community	3660	440
24102492430148	Valley Community	115	25
24102492430148	Valley Community	2248	308
24102492430148	Valley Community	851	80
24102492430148	Valley Community	757	165
24102492430148	Valley Community	1836	187
24102492430148	Valley Community	55	17
24102492430148	Valley Community	1142	125
24102492430148	Valley Community	410	31
24102492430148	Valley Community	1824	253
24102492430148	Valley Community	1106	183
24102492430148	Valley Community	441	49
24102492430148	Valley Community	177	27
24102492430148	Valley Community	2955	416
24102492430148	Valley Community	312	68
24102492430163	Valley Los Banos Community Day	343	15
24102492430163	Valley Los Banos Community Day	3660	440
24102492430163	Valley Los Banos Community Day	115	25
24102492430163	Valley Los Banos Community Day	2248	308
24102492430163	Valley Los Banos Community Day	851	80
24102492430163	Valley Los Banos Community Day	757	165
24102492430163	Valley Los Banos Community Day	1836	187
24102492430163	Valley Los Banos Community Day	55	17
24102492430163	Valley Los Banos Community Day	1142	125
24102492430163	Valley Los Banos Community Day	410	31
24102492430163	Valley Los Banos Community Day	1824	253
24102492430163	Valley Los Banos Community Day	1106	183
24102492430163	Valley Los Banos Community Day	441	49
24102492430163	Valley Los Banos Community Day	177	27
24102492430163	Valley Los Banos Community Day	2955	416
24102492430163	Valley Los Banos Community Day	312	68
24102492430171	Valley Atwater Community Day	343	15
24102492430171	Valley Atwater Community Day	3660	440
24102492430171	Valley Atwater Community Day	115	25
24102492430171	Valley Atwater Community Day	2248	308
24102492430171	Valley Atwater Community Day	851	80
24102492430171	Valley Atwater Community Day	757	165
24102492430171	Valley Atwater Community Day	1836	187
24102492430171	Valley Atwater Community Day	55	17
24102492430171	Valley Atwater Community Day	1142	125
24102492430171	Valley Atwater Community Day	410	31
24102492430171	Valley Atwater Community Day	1824	253
24102492430171	Valley Atwater Community Day	1106	183
24102492430171	Valley Atwater Community Day	441	49
24102492430171	Valley Atwater Community Day	177	27
24102492430171	Valley Atwater Community Day	2955	416
24102492430171	Valley Atwater Community Day	312	68
24102496068498	Floyd A. Schelby	343	15
24102496068498	Floyd A. Schelby	3660	440
24102496068498	Floyd A. Schelby	115	25
24102496068498	Floyd A. Schelby	2248	308
24102496068498	Floyd A. Schelby	851	80
24102496068498	Floyd A. Schelby	757	165
24102496068498	Floyd A. Schelby	1836	187
24102496068498	Floyd A. Schelby	55	17
24102496068498	Floyd A. Schelby	1142	125
24102496068498	Floyd A. Schelby	410	31
24102496068498	Floyd A. Schelby	1824	253
24102496068498	Floyd A. Schelby	1106	183
24102496068498	Floyd A. Schelby	441	49
24102496068498	Floyd A. Schelby	177	27
24102496068498	Floyd A. Schelby	2955	416
24102496068498	Floyd A. Schelby	312	68
24102496069199	Merced County Special Education	343	15
24102496069199	Merced County Special Education	3660	440
24102496069199	Merced County Special Education	115	25
24102496069199	Merced County Special Education	2248	308
24102496069199	Merced County Special Education	851	80
24102496069199	Merced County Special Education	757	165
24102496069199	Merced County Special Education	1836	187
24102496069199	Merced County Special Education	55	17
24102496069199	Merced County Special Education	1142	125
24102496069199	Merced County Special Education	410	31
24102496069199	Merced County Special Education	1824	253
24102496069199	Merced County Special Education	1106	183
24102496069199	Merced County Special Education	441	49
24102496069199	Merced County Special Education	177	27
24102496069199	Merced County Special Education	2955	416
24102496069199	Merced County Special Education	312	68
24657300000000	Le Grand Union High	123	12
24657300000000	Le Grand Union High	118	11
24657300000000	Le Grand Union High	123	11
24657302430064	Granada High	123	12
24657302430064	Granada High	118	11
24657302430064	Granada High	123	11
24657550000000	Los Banos Unified	540	32
24657550000000	Los Banos Unified	366	21
24657550000000	Los Banos Unified	114	14
24657550000000	Los Banos Unified	271	20
24657550000000	Los Banos Unified	190	13
24657550000000	Los Banos Unified	269	12
24657550000000	Los Banos Unified	403	31
24657552430189	Los Banos Community Day	540	32
24657552430189	Los Banos Community Day	366	21
24657552430189	Los Banos Community Day	114	14
24657552430189	Los Banos Community Day	271	20
24657552430189	Los Banos Community Day	190	13
24657552430189	Los Banos Community Day	269	12
24657552430189	Los Banos Community Day	403	31
24657552431492	San Luis High (Continuation)	540	32
24657552431492	San Luis High (Continuation)	366	21
24657552431492	San Luis High (Continuation)	114	14
24657552431492	San Luis High (Continuation)	271	20
24657552431492	San Luis High (Continuation)	190	13
24657552431492	San Luis High (Continuation)	269	12
24657552431492	San Luis High (Continuation)	403	31
24657552434207	Los Banos High	453	14
24657552434207	Los Banos High	231	11
24657552434207	Los Banos High	325	13
24657890000000	Merced Union High	2179	82
24657890000000	Merced Union High	1246	48
24657890000000	Merced Union High	464	14
24657890000000	Merced Union High	352	42
24657890000000	Merced Union High	1092	44
24657890000000	Merced Union High	636	25
24657890000000	Merced Union High	1087	38
24657890000000	Merced Union High	610	23
24657890000000	Merced Union High	1758	75
24657890000000	Merced Union High	179	11
24657892430049	Independence High (Alternative)	2179	82
24657892430049	Independence High (Alternative)	1246	48
24657892430049	Independence High (Alternative)	464	14
24657892430049	Independence High (Alternative)	352	42
24657892430049	Independence High (Alternative)	1092	44
24657892430049	Independence High (Alternative)	636	25
24657892430049	Independence High (Alternative)	1087	38
24657892430049	Independence High (Alternative)	610	23
24657892430049	Independence High (Alternative)	1758	75
24657892430049	Independence High (Alternative)	179	11
24657892430098	Golden Valley High	407	11
24657892435204	Merced High	581	15
24657892435204	Merced High	443	14
24657892439602	Yosemite High (Continuation)	2179	82
24657892439602	Yosemite High (Continuation)	1246	48
24657892439602	Yosemite High (Continuation)	464	14
24657892439602	Yosemite High (Continuation)	352	42
24657892439602	Yosemite High (Continuation)	1092	44
24657892439602	Yosemite High (Continuation)	636	25
24657892439602	Yosemite High (Continuation)	1087	38
24657892439602	Yosemite High (Continuation)	610	23
24657892439602	Yosemite High (Continuation)	1758	75
24657892439602	Yosemite High (Continuation)	179	11
24736190000000	Gustine Unified	116	26
24736190000000	Gustine Unified	75	21
24736190000000	Gustine Unified	32	16
24736190000000	Gustine Unified	60	11
24736190000000	Gustine Unified	56	15
24736190000000	Gustine Unified	39	12
24736190000000	Gustine Unified	87	21
24736192430031	Pioneer High (Continuation)	116	26
24736192430031	Pioneer High (Continuation)	75	21
24736192430031	Pioneer High (Continuation)	32	16
24736192430031	Pioneer High (Continuation)	60	11
24736192430031	Pioneer High (Continuation)	56	15
24736192430031	Pioneer High (Continuation)	39	12
24736192430031	Pioneer High (Continuation)	87	21
24736192431807	Gustine High	110	22
24736192431807	Gustine High	69	17
24736192431807	Gustine High	29	13
24736192431807	Gustine High	54	12
24736192431807	Gustine High	81	17
24753170000000	Dos Palos Oro Loma Joint Unified	159	23
24753170000000	Dos Palos Oro Loma Joint Unified	109	15
24753170000000	Dos Palos Oro Loma Joint Unified	72	14
24753170000000	Dos Palos Oro Loma Joint Unified	159	21
24753172430015	Westside High	159	23
24753172430015	Westside High	109	15
24753172430015	Westside High	72	14
24753172430015	Westside High	159	21
25000000000000	Modoc	93	14
25000000000000	Modoc	50	13
25000000000000	Modoc	66	13
25102560000000	Modoc County Office of Education	93	14
25102560000000	Modoc County Office of Education	50	13
25102560000000	Modoc County Office of Education	66	13
25102562530038	Modoc County Juvenile Court	93	14
25102562530038	Modoc County Juvenile Court	50	13
25102562530038	Modoc County Juvenile Court	66	13
26000000000000	Mono	116	38
26000000000000	Mono	55	23
26000000000000	Mono	36	14
26000000000000	Mono	52	29
26000000000000	Mono	23	19
26000000000000	Mono	72	33
26102640000000	Mono County Office of Education	116	38
26102640000000	Mono County Office of Education	55	23
26102640000000	Mono County Office of Education	36	14
26102640000000	Mono County Office of Education	52	29
26102640000000	Mono County Office of Education	23	19
26102640000000	Mono County Office of Education	72	33
26102640124990	Urban Corps of San Diego County Charter	116	38
26102640124990	Urban Corps of San Diego County Charter	55	23
26102640124990	Urban Corps of San Diego County Charter	36	14
26102640124990	Urban Corps of San Diego County Charter	52	29
26102640124990	Urban Corps of San Diego County Charter	23	19
26102640124990	Urban Corps of San Diego County Charter	72	33
26102642630028	Jan Work Community	116	38
26102642630028	Jan Work Community	55	23
26102642630028	Jan Work Community	36	14
26102642630028	Jan Work Community	52	29
26102642630028	Jan Work Community	23	19
26102642630028	Jan Work Community	72	33
26102642630101	Sawtooth Ridge Community Day	116	38
26102642630101	Sawtooth Ridge Community Day	55	23
26102642630101	Sawtooth Ridge Community Day	36	14
26102642630101	Sawtooth Ridge Community Day	52	29
26102642630101	Sawtooth Ridge Community Day	23	19
26102642630101	Sawtooth Ridge Community Day	72	33
26736920000000	Mammoth Unified	71	11
26736922630036	Sierra High (Continuation)	71	11
27000000000000	Monterey	118	11
27000000000000	Monterey	3806	594
27000000000000	Monterey	100	24
27000000000000	Monterey	2544	457
27000000000000	Monterey	808	82
27000000000000	Monterey	1015	293
27000000000000	Monterey	2004	224
27000000000000	Monterey	1369	183
27000000000000	Monterey	410	19
27000000000000	Monterey	1802	370
27000000000000	Monterey	46	15
27000000000000	Monterey	1175	274
27000000000000	Monterey	398	63
27000000000000	Monterey	448	72
27000000000000	Monterey	2753	524
27000000000000	Monterey	253	77
27102720000000	Monterey County Office of Education	118	11
27102720000000	Monterey County Office of Education	3806	594
27102720000000	Monterey County Office of Education	100	24
27102720000000	Monterey County Office of Education	2544	457
27102720000000	Monterey County Office of Education	808	82
27102720000000	Monterey County Office of Education	1015	293
27102720000000	Monterey County Office of Education	2004	224
27102720000000	Monterey County Office of Education	1369	183
27102720000000	Monterey County Office of Education	410	19
27102720000000	Monterey County Office of Education	1802	370
27102720000000	Monterey County Office of Education	46	15
27102720000000	Monterey County Office of Education	1175	274
27102720000000	Monterey County Office of Education	398	63
27102720000000	Monterey County Office of Education	448	72
27102720000000	Monterey County Office of Education	2753	524
27102720000000	Monterey County Office of Education	253	77
27102722730117	Wellington M. Smith, Jr.	118	11
27102722730117	Wellington M. Smith, Jr.	3806	594
27102722730117	Wellington M. Smith, Jr.	100	24
27102722730117	Wellington M. Smith, Jr.	2544	457
27102722730117	Wellington M. Smith, Jr.	808	82
27102722730117	Wellington M. Smith, Jr.	1015	293
27102722730117	Wellington M. Smith, Jr.	2004	224
27102722730117	Wellington M. Smith, Jr.	1369	183
27102722730117	Wellington M. Smith, Jr.	410	19
27102722730117	Wellington M. Smith, Jr.	1802	370
27102722730117	Wellington M. Smith, Jr.	46	15
27102722730117	Wellington M. Smith, Jr.	1175	274
27102722730117	Wellington M. Smith, Jr.	398	63
27102722730117	Wellington M. Smith, Jr.	448	72
27102722730117	Wellington M. Smith, Jr.	2753	524
27102722730117	Wellington M. Smith, Jr.	253	77
27102722730232	Monterey County Home Charter	118	11
27102722730232	Monterey County Home Charter	3806	594
27102722730232	Monterey County Home Charter	100	24
27102722730232	Monterey County Home Charter	2544	457
27102722730232	Monterey County Home Charter	808	82
27102722730232	Monterey County Home Charter	1015	293
27102722730232	Monterey County Home Charter	2004	224
27102722730232	Monterey County Home Charter	1369	183
27102722730232	Monterey County Home Charter	410	19
27102722730232	Monterey County Home Charter	1802	370
27102722730232	Monterey County Home Charter	46	15
27102722730232	Monterey County Home Charter	1175	274
27102722730232	Monterey County Home Charter	398	63
27102722730232	Monterey County Home Charter	448	72
27102722730232	Monterey County Home Charter	2753	524
27102722730232	Monterey County Home Charter	253	77
27102722730265	Salinas Community	118	11
27102722730265	Salinas Community	3806	594
27102722730265	Salinas Community	100	24
27102722730265	Salinas Community	2544	457
27102722730265	Salinas Community	808	82
27102722730265	Salinas Community	1015	293
27102722730265	Salinas Community	2004	224
27102722730265	Salinas Community	1369	183
27102722730265	Salinas Community	410	19
27102722730265	Salinas Community	1802	370
27102722730265	Salinas Community	46	15
27102722730265	Salinas Community	1175	274
27102722730265	Salinas Community	398	63
27102722730265	Salinas Community	448	72
27102722730265	Salinas Community	2753	524
27102722730265	Salinas Community	253	77
27102726069512	Monterey County Special Education	118	11
27102726069512	Monterey County Special Education	3806	594
27102726069512	Monterey County Special Education	100	24
27102726069512	Monterey County Special Education	2544	457
27102726069512	Monterey County Special Education	808	82
27102726069512	Monterey County Special Education	1015	293
27102726069512	Monterey County Special Education	2004	224
27102726069512	Monterey County Special Education	1369	183
27102726069512	Monterey County Special Education	410	19
27102726069512	Monterey County Special Education	1802	370
27102726069512	Monterey County Special Education	46	15
27102726069512	Monterey County Special Education	1175	274
27102726069512	Monterey County Special Education	398	63
27102726069512	Monterey County Special Education	448	72
27102726069512	Monterey County Special Education	2753	524
27102726069512	Monterey County Special Education	253	77
27660680000000	South Monterey County Joint Union High	375	71
27660680000000	South Monterey County Joint Union High	340	67
27660680000000	South Monterey County Joint Union High	118	43
27660680000000	South Monterey County Joint Union High	190	27
27660680000000	South Monterey County Joint Union High	172	26
27660680000000	South Monterey County Joint Union High	185	44
27660680000000	South Monterey County Joint Union High	168	41
27660680000000	South Monterey County Joint Union High	32	15
27660680000000	South Monterey County Joint Union High	337	67
27660680123216	South Monterey County Charter Independent Study Program	14	11
27660680123216	South Monterey County Charter Independent Study Program	12	11
27660680123216	South Monterey County Charter Independent Study Program	14	11
27660682730083	Portola-Butler Continuation High	375	71
27660682730083	Portola-Butler Continuation High	340	67
27660682730083	Portola-Butler Continuation High	118	43
27660682730083	Portola-Butler Continuation High	190	27
27660682730083	Portola-Butler Continuation High	172	26
27660682730083	Portola-Butler Continuation High	185	44
27660682730083	Portola-Butler Continuation High	168	41
27660682730083	Portola-Butler Continuation High	32	15
27660682730083	Portola-Butler Continuation High	337	67
27660682730174	Greenfield High	171	28
27660682730174	Greenfield High	167	27
27660682730174	Greenfield High	59	17
27660682730174	Greenfield High	83	19
27660682730174	Greenfield High	83	18
27660682730174	Greenfield High	167	26
27660682732170	King City High	158	16
27660682732170	King City High	132	14
27660682732170	King City High	81	12
27660682732170	King City High	127	15
27660920000000	Monterey Peninsula Unified	639	85
27660920000000	Monterey Peninsula Unified	272	44
27660920000000	Monterey Peninsula Unified	190	19
27660920000000	Monterey Peninsula Unified	98	34
27660920000000	Monterey Peninsula Unified	343	37
27660920000000	Monterey Peninsula Unified	149	20
27660920000000	Monterey Peninsula Unified	296	48
27660920000000	Monterey Peninsula Unified	123	24
27660920000000	Monterey Peninsula Unified	81	13
27660920000000	Monterey Peninsula Unified	406	67
27660920000000	Monterey Peninsula Unified	54	12
27660920111435	Marina High	92	12
27660922732253	Central Coast High	639	85
27660922732253	Central Coast High	272	44
27660922732253	Central Coast High	190	19
27660922732253	Central Coast High	98	34
27660922732253	Central Coast High	343	37
27660922732253	Central Coast High	149	20
27660922732253	Central Coast High	296	48
27660922732253	Central Coast High	123	24
27660922732253	Central Coast High	81	13
27660922732253	Central Coast High	406	67
27660922732253	Central Coast High	54	12
27660922732808	Monterey High	287	24
27660922732808	Monterey High	138	15
27660922732808	Monterey High	135	17
27660922735348	Seaside High	233	28
27660922735348	Seaside High	124	18
27660922735348	Seaside High	48	13
27660922735348	Seaside High	139	18
27660922735348	Seaside High	76	12
27660922735348	Seaside High	186	24
27661590000000	Salinas Union High	1656	183
27661590000000	Salinas Union High	1266	154
27661590000000	Salinas Union High	210	19
27661590000000	Salinas Union High	562	100
27661590000000	Salinas Union High	882	82
27661590000000	Salinas Union High	685	76
27661590000000	Salinas Union High	774	101
27661590000000	Salinas Union High	581	78
27661590000000	Salinas Union High	103	16
27661590000000	Salinas Union High	234	30
27661590000000	Salinas Union High	1235	163
27661590000000	Salinas Union High	80	26
27661592730109	Alisal High	428	29
27661592730109	Alisal High	413	27
27661592730109	Alisal High	194	23
27661592730109	Alisal High	225	13
27661592730109	Alisal High	217	13
27661592730109	Alisal High	203	16
27661592730109	Alisal High	196	14
27661592730109	Alisal High	412	28
27661592730166	Everett Alvarez High	383	29
27661592730166	Everett Alvarez High	311	24
27661592730166	Everett Alvarez High	151	17
27661592730166	Everett Alvarez High	207	16
27661592730166	Everett Alvarez High	174	14
27661592730166	Everett Alvarez High	176	13
27661592730166	Everett Alvarez High	285	28
27661592730273	Carr Lake Community Day	1656	183
27661592730273	Carr Lake Community Day	1266	154
27661592730273	Carr Lake Community Day	210	19
27661592730273	Carr Lake Community Day	562	100
27661592730273	Carr Lake Community Day	882	82
27661592730273	Carr Lake Community Day	685	76
27661592730273	Carr Lake Community Day	774	101
27661592730273	Carr Lake Community Day	581	78
27661592730273	Carr Lake Community Day	103	16
27661592730273	Carr Lake Community Day	234	30
27661592730273	Carr Lake Community Day	1235	163
27661592730273	Carr Lake Community Day	80	26
27661592733178	North Salinas High	289	31
27661592733178	North Salinas High	209	23
27661592733178	North Salinas High	152	11
27661592733178	North Salinas High	109	11
27661592733178	North Salinas High	137	20
27661592733178	North Salinas High	100	12
27661592733178	North Salinas High	213	28
27661592734481	Mount Toro High	1656	183
27661592734481	Mount Toro High	1266	154
27661592734481	Mount Toro High	210	19
27661592734481	Mount Toro High	562	100
27661592734481	Mount Toro High	882	82
27661592734481	Mount Toro High	685	76
27661592734481	Mount Toro High	774	101
27661592734481	Mount Toro High	581	78
27661592734481	Mount Toro High	103	16
27661592734481	Mount Toro High	234	30
27661592734481	Mount Toro High	1235	163
27661592734481	Mount Toro High	80	26
27661592734556	Salinas High	495	29
27661592734556	Salinas High	274	25
27661592734556	Salinas High	105	13
27661592734556	Salinas High	257	13
27661592734556	Salinas High	145	11
27661592734556	Salinas High	238	16
27661592734556	Salinas High	129	14
27661592734556	Salinas High	270	23
27738250000000	North Monterey County Unified	316	63
27738250000000	North Monterey County Unified	192	42
27738250000000	North Monterey County Unified	105	15
27738250000000	North Monterey County Unified	54	28
27738250000000	North Monterey County Unified	166	25
27738250000000	North Monterey County Unified	104	18
27738250000000	North Monterey County Unified	150	38
27738250000000	North Monterey County Unified	88	24
27738250000000	North Monterey County Unified	55	11
27738250000000	North Monterey County Unified	72	12
27738250000000	North Monterey County Unified	249	56
27738252730034	North Monterey County High	254	42
27738252730034	North Monterey County High	159	28
27738252730034	North Monterey County High	47	23
27738252730034	North Monterey County High	139	17
27738252730034	North Monterey County High	86	11
27738252730034	North Monterey County High	115	25
27738252730034	North Monterey County High	73	17
27738252730034	North Monterey County High	208	38
27738252730141	Central Bay High (Continuation)	316	63
27738252730141	Central Bay High (Continuation)	192	42
27738252730141	Central Bay High (Continuation)	105	15
27738252730141	Central Bay High (Continuation)	54	28
27738252730141	Central Bay High (Continuation)	166	25
27738252730141	Central Bay High (Continuation)	104	18
27738252730141	Central Bay High (Continuation)	150	38
27738252730141	Central Bay High (Continuation)	88	24
27738252730141	Central Bay High (Continuation)	55	11
27738252730141	Central Bay High (Continuation)	72	12
27738252730141	Central Bay High (Continuation)	249	56
27754400000000	Soledad Unified	244	30
27754400000000	Soledad Unified	224	26
27754400000000	Soledad Unified	91	18
27754400000000	Soledad Unified	116	20
27754400000000	Soledad Unified	104	17
27754400000000	Soledad Unified	232	28
27754400106112	Pinnacles High	244	30
27754400106112	Pinnacles High	224	26
27754400106112	Pinnacles High	91	18
27754400106112	Pinnacles High	116	20
27754400106112	Pinnacles High	104	17
27754400106112	Pinnacles High	232	28
27754402730190	Soledad High	227	13
27754402730190	Soledad High	208	12
27754402730190	Soledad High	215	12
27754402730216	Chalone High	244	30
27754402730216	Chalone High	224	26
27754402730216	Chalone High	91	18
27754402730216	Chalone High	116	20
27754402730216	Chalone High	104	17
27754402730216	Chalone High	232	28
28000000000000	Napa	1342	160
28000000000000	Napa	566	86
28000000000000	Napa	591	53
28000000000000	Napa	203	56
28000000000000	Napa	684	60
28000000000000	Napa	300	32
28000000000000	Napa	292	20
28000000000000	Napa	658	100
28000000000000	Napa	266	54
28000000000000	Napa	299	33
28000000000000	Napa	89	21
28000000000000	Napa	645	114
28000000000000	Napa	129	30
28102800000000	Napa County Office of Education	1342	160
28102800000000	Napa County Office of Education	566	86
28102800000000	Napa County Office of Education	591	53
28102800000000	Napa County Office of Education	203	56
28102800000000	Napa County Office of Education	684	60
28102800000000	Napa County Office of Education	300	32
28102800000000	Napa County Office of Education	292	20
28102800000000	Napa County Office of Education	658	100
28102800000000	Napa County Office of Education	266	54
28102800000000	Napa County Office of Education	299	33
28102800000000	Napa County Office of Education	89	21
28102800000000	Napa County Office of Education	645	114
28102800000000	Napa County Office of Education	129	30
28102802830073	Napa County Juvenile Hall/Court	1342	160
28102802830073	Napa County Juvenile Hall/Court	566	86
28102802830073	Napa County Juvenile Hall/Court	591	53
28102802830073	Napa County Juvenile Hall/Court	203	56
28102802830073	Napa County Juvenile Hall/Court	684	60
28102802830073	Napa County Juvenile Hall/Court	300	32
28102802830073	Napa County Juvenile Hall/Court	292	20
28102802830073	Napa County Juvenile Hall/Court	658	100
28102802830073	Napa County Juvenile Hall/Court	266	54
28102802830073	Napa County Juvenile Hall/Court	299	33
28102802830073	Napa County Juvenile Hall/Court	89	21
28102802830073	Napa County Juvenile Hall/Court	645	114
28102802830073	Napa County Juvenile Hall/Court	129	30
28102802830099	Napa County Community	1342	160
28102802830099	Napa County Community	566	86
28102802830099	Napa County Community	591	53
28102802830099	Napa County Community	203	56
28102802830099	Napa County Community	684	60
28102802830099	Napa County Community	300	32
28102802830099	Napa County Community	292	20
28102802830099	Napa County Community	658	100
28102802830099	Napa County Community	266	54
28102802830099	Napa County Community	299	33
28102802830099	Napa County Community	89	21
28102802830099	Napa County Community	645	114
28102802830099	Napa County Community	129	30
28662660000000	Napa Valley Unified	1138	109
28662660000000	Napa Valley Unified	464	54
28662660000000	Napa Valley Unified	497	39
28662660000000	Napa Valley Unified	148	35
28662660000000	Napa Valley Unified	584	45
28662660000000	Napa Valley Unified	249	23
28662660000000	Napa Valley Unified	246	15
28662660000000	Napa Valley Unified	554	64
28662660000000	Napa Valley Unified	215	31
28662660000000	Napa Valley Unified	251	24
28662660000000	Napa Valley Unified	68	16
28662660000000	Napa Valley Unified	533	72
28662660000000	Napa Valley Unified	108	17
28662660101964	Napa Valley Independent Studies	1138	109
28662660101964	Napa Valley Independent Studies	464	54
28662660101964	Napa Valley Independent Studies	497	39
28662660101964	Napa Valley Independent Studies	148	35
28662660101964	Napa Valley Independent Studies	584	45
28662660101964	Napa Valley Independent Studies	249	23
28662660101964	Napa Valley Independent Studies	246	15
28662660101964	Napa Valley Independent Studies	554	64
28662660101964	Napa Valley Independent Studies	215	31
28662660101964	Napa Valley Independent Studies	251	24
28662660101964	Napa Valley Independent Studies	68	16
28662660101964	Napa Valley Independent Studies	533	72
28662660101964	Napa Valley Independent Studies	108	17
28662662830016	Vintage High	501	27
28662662830016	Vintage High	190	11
28662662830016	Vintage High	191	11
28662662830016	Vintage High	241	13
28662662830016	Vintage High	260	14
28662662830016	Vintage High	235	16
28662662830149	Valley Oak High	1138	109
28662662830149	Valley Oak High	464	54
28662662830149	Valley Oak High	497	39
28662662830149	Valley Oak High	148	35
28662662830149	Valley Oak High	584	45
28662662830149	Valley Oak High	249	23
28662662830149	Valley Oak High	246	15
28662662830149	Valley Oak High	554	64
28662662830149	Valley Oak High	215	31
28662662830149	Valley Oak High	251	24
28662662830149	Valley Oak High	68	16
28662662830149	Valley Oak High	533	72
28662662830149	Valley Oak High	108	17
28662662835601	Napa High	474	47
28662662835601	Napa High	211	29
28662662835601	Napa High	227	16
28662662835601	Napa High	65	28
28662662835601	Napa High	256	19
28662662835601	Napa High	116	11
28662662835601	Napa High	218	28
28662662835601	Napa High	95	18
28662662835601	Napa High	34	13
28662662835601	Napa High	219	31
29000000000000	Nevada	14	21
29000000000000	Nevada	1005	673
29000000000000	Nevada	28	101
29000000000000	Nevada	132	335
29000000000000	Nevada	27	12
29000000000000	Nevada	35	18
29000000000000	Nevada	758	134
29000000000000	Nevada	37	167
29000000000000	Nevada	503	224
29000000000000	Nevada	13	34
29000000000000	Nevada	60	113
29000000000000	Nevada	390	37
29000000000000	Nevada	502	449
29000000000000	Nevada	15	67
29000000000000	Nevada	72	222
29000000000000	Nevada	22	13
29000000000000	Nevada	368	97
29000000000000	Nevada	411	476
29000000000000	Nevada	60	67
29102980000000	Nevada County Office of Education	14	21
29102980000000	Nevada County Office of Education	1005	673
29102980000000	Nevada County Office of Education	28	101
29102980000000	Nevada County Office of Education	132	335
29102980000000	Nevada County Office of Education	27	12
29102980000000	Nevada County Office of Education	35	18
29102980000000	Nevada County Office of Education	758	134
29102980000000	Nevada County Office of Education	37	167
29102980000000	Nevada County Office of Education	503	224
29102980000000	Nevada County Office of Education	13	34
29102980000000	Nevada County Office of Education	60	113
29102980000000	Nevada County Office of Education	390	37
29102980000000	Nevada County Office of Education	502	449
29102980000000	Nevada County Office of Education	15	67
29102980000000	Nevada County Office of Education	72	222
29102980000000	Nevada County Office of Education	22	13
29102980000000	Nevada County Office of Education	368	97
29102980000000	Nevada County Office of Education	411	476
29102980000000	Nevada County Office of Education	60	67
29102980112375	Los Angeles Education Corps Charter	38	93
29102980112375	Los Angeles Education Corps Charter	29	66
29102980112375	Los Angeles Education Corps Charter	18	33
29102980112375	Los Angeles Education Corps Charter	13	21
29102980112375	Los Angeles Education Corps Charter	20	60
29102980112375	Los Angeles Education Corps Charter	16	45
29102980112375	Los Angeles Education Corps Charter	35	71
29102980112375	Los Angeles Education Corps Charter	38	93
29102980112375	Los Angeles Education Corps Charter	29	66
29102980112375	Los Angeles Education Corps Charter	18	33
29102980112375	Los Angeles Education Corps Charter	13	21
29102980112375	Los Angeles Education Corps Charter	20	60
29102980112375	Los Angeles Education Corps Charter	16	45
29102980112375	Los Angeles Education Corps Charter	35	71
29102980114306	Forest Charter	14	21
29102980114306	Forest Charter	1005	673
29102980114306	Forest Charter	28	101
29102980114306	Forest Charter	132	335
29102980114306	Forest Charter	27	12
29102980114306	Forest Charter	35	18
29102980114306	Forest Charter	758	134
29102980114306	Forest Charter	37	167
29102980114306	Forest Charter	503	224
29102980114306	Forest Charter	13	34
29102980114306	Forest Charter	60	113
29102980114306	Forest Charter	390	37
29102980114306	Forest Charter	502	449
29102980114306	Forest Charter	15	67
29102980114306	Forest Charter	72	222
29102980114306	Forest Charter	22	13
29102980114306	Forest Charter	368	97
29102980114306	Forest Charter	411	476
29102980114306	Forest Charter	60	67
29102980114314	Bitney College Preparatory High	14	21
29102980114314	Bitney College Preparatory High	1005	673
29102980114314	Bitney College Preparatory High	28	101
29102980114314	Bitney College Preparatory High	132	335
29102980114314	Bitney College Preparatory High	27	12
29102980114314	Bitney College Preparatory High	35	18
29102980114314	Bitney College Preparatory High	758	134
29102980114314	Bitney College Preparatory High	37	167
29102980114314	Bitney College Preparatory High	503	224
29102980114314	Bitney College Preparatory High	13	34
29102980114314	Bitney College Preparatory High	60	113
29102980114314	Bitney College Preparatory High	390	37
29102980114314	Bitney College Preparatory High	502	449
29102980114314	Bitney College Preparatory High	15	67
29102980114314	Bitney College Preparatory High	72	222
29102980114314	Bitney College Preparatory High	22	13
29102980114314	Bitney College Preparatory High	368	97
29102980114314	Bitney College Preparatory High	411	476
29102980114314	Bitney College Preparatory High	60	67
29102980116681	Launch	14	21
29102980116681	Launch	1005	673
29102980116681	Launch	28	101
29102980116681	Launch	132	335
29102980116681	Launch	27	12
29102980116681	Launch	35	18
29102980116681	Launch	758	134
29102980116681	Launch	37	167
29102980116681	Launch	503	224
29102980116681	Launch	13	34
29102980116681	Launch	60	113
29102980116681	Launch	390	37
29102980116681	Launch	502	449
29102980116681	Launch	15	67
29102980116681	Launch	72	222
29102980116681	Launch	22	13
29102980116681	Launch	368	97
29102980116681	Launch	411	476
29102980116681	Launch	60	67
29102980116913	Sugarloaf Mountain, Juvenile Hall Program	14	21
29102980116913	Sugarloaf Mountain, Juvenile Hall Program	1005	673
29102980116913	Sugarloaf Mountain, Juvenile Hall Program	28	101
29102980116913	Sugarloaf Mountain, Juvenile Hall Program	132	335
29102980116913	Sugarloaf Mountain, Juvenile Hall Program	27	12
29102980116913	Sugarloaf Mountain, Juvenile Hall Program	35	18
29102980116913	Sugarloaf Mountain, Juvenile Hall Program	758	134
29102980116913	Sugarloaf Mountain, Juvenile Hall Program	37	167
29102980116913	Sugarloaf Mountain, Juvenile Hall Program	503	224
29102980116913	Sugarloaf Mountain, Juvenile Hall Program	13	34
29102980116913	Sugarloaf Mountain, Juvenile Hall Program	60	113
29102980116913	Sugarloaf Mountain, Juvenile Hall Program	390	37
29102980116913	Sugarloaf Mountain, Juvenile Hall Program	502	449
29102980116913	Sugarloaf Mountain, Juvenile Hall Program	15	67
29102980116913	Sugarloaf Mountain, Juvenile Hall Program	72	222
29102980116913	Sugarloaf Mountain, Juvenile Hall Program	22	13
29102980116913	Sugarloaf Mountain, Juvenile Hall Program	368	97
29102980116913	Sugarloaf Mountain, Juvenile Hall Program	411	476
29102980116913	Sugarloaf Mountain, Juvenile Hall Program	60	67
29102982930147	Muir Charter	104	500
29102982930147	Muir Charter	15	77
29102982930147	Muir Charter	53	261
29102982930147	Muir Charter	21	69
29102982930147	Muir Charter	18	137
29102982930147	Muir Charter	41	163
29102982930147	Muir Charter	24	90
29102982930147	Muir Charter	63	337
29102982930147	Muir Charter	29	171
29102982930147	Muir Charter	15	55
29102982930147	Muir Charter	72	349
29102982930147	Muir Charter	104	500
29102982930147	Muir Charter	15	77
29102982930147	Muir Charter	53	261
29102982930147	Muir Charter	21	69
29102982930147	Muir Charter	18	137
29102982930147	Muir Charter	41	163
29102982930147	Muir Charter	24	90
29102982930147	Muir Charter	63	337
29102982930147	Muir Charter	29	171
29102982930147	Muir Charter	15	55
29102982930147	Muir Charter	72	349
29663570000000	Nevada Joint Union High	768	44
29663570000000	Nevada Joint Union High	653	34
29663570000000	Nevada Joint Union High	392	12
29663570000000	Nevada Joint Union High	376	32
29663570000000	Nevada Joint Union High	316	25
29663570000000	Nevada Joint Union High	245	32
29663572930071	Silver Springs High (Continuation)	768	44
29663572930071	Silver Springs High (Continuation)	653	34
29663572930071	Silver Springs High (Continuation)	392	12
29663572930071	Silver Springs High (Continuation)	376	32
29663572930071	Silver Springs High (Continuation)	316	25
29663572930071	Silver Springs High (Continuation)	245	32
29663572930089	NU Tech High	768	44
29663572930089	NU Tech High	653	34
29663572930089	NU Tech High	392	12
29663572930089	NU Tech High	376	32
29663572930089	NU Tech High	316	25
29663572930089	NU Tech High	245	32
29663572930097	Pioneer High (Continuation)	768	44
29663572930097	Pioneer High (Continuation)	653	34
29663572930097	Pioneer High (Continuation)	392	12
29663572930097	Pioneer High (Continuation)	376	32
29663572930097	Pioneer High (Continuation)	316	25
29663572930097	Pioneer High (Continuation)	245	32
29663572930105	Sierra Foothill High (Continuation)	768	44
29663572930105	Sierra Foothill High (Continuation)	653	34
29663572930105	Sierra Foothill High (Continuation)	392	12
29663572930105	Sierra Foothill High (Continuation)	376	32
29663572930105	Sierra Foothill High (Continuation)	316	25
29663572930105	Sierra Foothill High (Continuation)	245	32
30000000000000	Orange	5950	223
30000000000000	Orange	36695	3819
30000000000000	Orange	679	112
30000000000000	Orange	85	74
30000000000000	Orange	752	28
30000000000000	Orange	14719	2635
30000000000000	Orange	339	29
30000000000000	Orange	222	35
30000000000000	Orange	640	34
30000000000000	Orange	13309	649
30000000000000	Orange	6348	2009
30000000000000	Orange	2902	100
30000000000000	Orange	18391	1496
30000000000000	Orange	321	49
30000000000000	Orange	38	21
30000000000000	Orange	369	13
30000000000000	Orange	7524	1002
30000000000000	Orange	169	14
30000000000000	Orange	120	14
30000000000000	Orange	327	18
30000000000000	Orange	6621	265
30000000000000	Orange	3048	123
30000000000000	Orange	18304	2323
30000000000000	Orange	358	63
30000000000000	Orange	47	53
30000000000000	Orange	383	15
30000000000000	Orange	7195	1633
30000000000000	Orange	170	15
30000000000000	Orange	102	21
30000000000000	Orange	313	16
30000000000000	Orange	6688	384
30000000000000	Orange	176	50
30000000000000	Orange	17140	2725
30000000000000	Orange	3096	493
30103060000000	Orange County Department of Education	5950	223
30103060000000	Orange County Department of Education	36695	3819
30103060000000	Orange County Department of Education	679	112
30103060000000	Orange County Department of Education	85	74
30103060000000	Orange County Department of Education	752	28
30103060000000	Orange County Department of Education	14719	2635
30103060000000	Orange County Department of Education	339	29
30103060000000	Orange County Department of Education	222	35
30103060000000	Orange County Department of Education	640	34
30103060000000	Orange County Department of Education	13309	649
30103060000000	Orange County Department of Education	6348	2009
30103060000000	Orange County Department of Education	2902	100
30103060000000	Orange County Department of Education	18391	1496
30103060000000	Orange County Department of Education	321	49
30103060000000	Orange County Department of Education	38	21
30103060000000	Orange County Department of Education	369	13
30103060000000	Orange County Department of Education	7524	1002
30103060000000	Orange County Department of Education	169	14
30103060000000	Orange County Department of Education	120	14
30103060000000	Orange County Department of Education	327	18
30103060000000	Orange County Department of Education	6621	265
30103060000000	Orange County Department of Education	3048	123
30103060000000	Orange County Department of Education	18304	2323
30103060000000	Orange County Department of Education	358	63
30103060000000	Orange County Department of Education	47	53
30103060000000	Orange County Department of Education	383	15
30103060000000	Orange County Department of Education	7195	1633
30103060000000	Orange County Department of Education	170	15
30103060000000	Orange County Department of Education	102	21
30103060000000	Orange County Department of Education	313	16
30103060000000	Orange County Department of Education	6688	384
30103060000000	Orange County Department of Education	176	50
30103060000000	Orange County Department of Education	17140	2725
30103060000000	Orange County Department of Education	3096	493
30103063030426	Access Juvenile Hall	5950	223
30103063030426	Access Juvenile Hall	36695	3819
30103063030426	Access Juvenile Hall	679	112
30103063030426	Access Juvenile Hall	85	74
30103063030426	Access Juvenile Hall	752	28
30103063030426	Access Juvenile Hall	14719	2635
30103063030426	Access Juvenile Hall	339	29
30103063030426	Access Juvenile Hall	222	35
30103063030426	Access Juvenile Hall	640	34
30103063030426	Access Juvenile Hall	13309	649
30103063030426	Access Juvenile Hall	6348	2009
30103063030426	Access Juvenile Hall	2902	100
30103063030426	Access Juvenile Hall	18391	1496
30103063030426	Access Juvenile Hall	321	49
30103063030426	Access Juvenile Hall	38	21
30103063030426	Access Juvenile Hall	369	13
30103063030426	Access Juvenile Hall	7524	1002
30103063030426	Access Juvenile Hall	169	14
30103063030426	Access Juvenile Hall	120	14
30103063030426	Access Juvenile Hall	327	18
30103063030426	Access Juvenile Hall	6621	265
30103063030426	Access Juvenile Hall	3048	123
30103063030426	Access Juvenile Hall	18304	2323
30103063030426	Access Juvenile Hall	358	63
30103063030426	Access Juvenile Hall	47	53
30103063030426	Access Juvenile Hall	383	15
30103063030426	Access Juvenile Hall	7195	1633
30103063030426	Access Juvenile Hall	170	15
30103063030426	Access Juvenile Hall	102	21
30103063030426	Access Juvenile Hall	313	16
30103063030426	Access Juvenile Hall	6688	384
30103063030426	Access Juvenile Hall	176	50
30103063030426	Access Juvenile Hall	17140	2725
30103063030426	Access Juvenile Hall	3096	493
30103063030632	OCCS:CHEP/PCHS	5950	223
30103063030632	OCCS:CHEP/PCHS	36695	3819
30103063030632	OCCS:CHEP/PCHS	679	112
30103063030632	OCCS:CHEP/PCHS	85	74
30103063030632	OCCS:CHEP/PCHS	752	28
30103063030632	OCCS:CHEP/PCHS	14719	2635
30103063030632	OCCS:CHEP/PCHS	339	29
30103063030632	OCCS:CHEP/PCHS	222	35
30103063030632	OCCS:CHEP/PCHS	640	34
30103063030632	OCCS:CHEP/PCHS	13309	649
30103063030632	OCCS:CHEP/PCHS	6348	2009
30103063030632	OCCS:CHEP/PCHS	2902	100
30103063030632	OCCS:CHEP/PCHS	18391	1496
30103063030632	OCCS:CHEP/PCHS	321	49
30103063030632	OCCS:CHEP/PCHS	38	21
30103063030632	OCCS:CHEP/PCHS	369	13
30103063030632	OCCS:CHEP/PCHS	7524	1002
30103063030632	OCCS:CHEP/PCHS	169	14
30103063030632	OCCS:CHEP/PCHS	120	14
30103063030632	OCCS:CHEP/PCHS	327	18
30103063030632	OCCS:CHEP/PCHS	6621	265
30103063030632	OCCS:CHEP/PCHS	3048	123
30103063030632	OCCS:CHEP/PCHS	18304	2323
30103063030632	OCCS:CHEP/PCHS	358	63
30103063030632	OCCS:CHEP/PCHS	47	53
30103063030632	OCCS:CHEP/PCHS	383	15
30103063030632	OCCS:CHEP/PCHS	7195	1633
30103063030632	OCCS:CHEP/PCHS	170	15
30103063030632	OCCS:CHEP/PCHS	102	21
30103063030632	OCCS:CHEP/PCHS	313	16
30103063030632	OCCS:CHEP/PCHS	6688	384
30103063030632	OCCS:CHEP/PCHS	176	50
30103063030632	OCCS:CHEP/PCHS	17140	2725
30103063030632	OCCS:CHEP/PCHS	3096	493
30103063030764	Access County Community	5950	223
30103063030764	Access County Community	36695	3819
30103063030764	Access County Community	679	112
30103063030764	Access County Community	85	74
30103063030764	Access County Community	752	28
30103063030764	Access County Community	14719	2635
30103063030764	Access County Community	339	29
30103063030764	Access County Community	222	35
30103063030764	Access County Community	640	34
30103063030764	Access County Community	13309	649
30103063030764	Access County Community	6348	2009
30103063030764	Access County Community	2902	100
30103063030764	Access County Community	18391	1496
30103063030764	Access County Community	321	49
30103063030764	Access County Community	38	21
30103063030764	Access County Community	369	13
30103063030764	Access County Community	7524	1002
30103063030764	Access County Community	169	14
30103063030764	Access County Community	120	14
30103063030764	Access County Community	327	18
30103063030764	Access County Community	6621	265
30103063030764	Access County Community	3048	123
30103063030764	Access County Community	18304	2323
30103063030764	Access County Community	358	63
30103063030764	Access County Community	47	53
30103063030764	Access County Community	383	15
30103063030764	Access County Community	7195	1633
30103063030764	Access County Community	170	15
30103063030764	Access County Community	102	21
30103063030764	Access County Community	313	16
30103063030764	Access County Community	6688	384
30103063030764	Access County Community	176	50
30103063030764	Access County Community	17140	2725
30103063030764	Access County Community	3096	493
30103066069553	Orange County Special Education	5950	223
30103066069553	Orange County Special Education	36695	3819
30103066069553	Orange County Special Education	679	112
30103066069553	Orange County Special Education	85	74
30103066069553	Orange County Special Education	752	28
30103066069553	Orange County Special Education	14719	2635
30103066069553	Orange County Special Education	339	29
30103066069553	Orange County Special Education	222	35
30103066069553	Orange County Special Education	640	34
30103066069553	Orange County Special Education	13309	649
30103066069553	Orange County Special Education	6348	2009
30103066069553	Orange County Special Education	2902	100
30103066069553	Orange County Special Education	18391	1496
30103066069553	Orange County Special Education	321	49
30103066069553	Orange County Special Education	38	21
30103066069553	Orange County Special Education	369	13
30103066069553	Orange County Special Education	7524	1002
30103066069553	Orange County Special Education	169	14
30103066069553	Orange County Special Education	120	14
30103066069553	Orange County Special Education	327	18
30103066069553	Orange County Special Education	6621	265
30103066069553	Orange County Special Education	3048	123
30103066069553	Orange County Special Education	18304	2323
30103066069553	Orange County Special Education	358	63
30103066069553	Orange County Special Education	47	53
30103066069553	Orange County Special Education	383	15
30103066069553	Orange County Special Education	7195	1633
30103066069553	Orange County Special Education	170	15
30103066069553	Orange County Special Education	102	21
30103066069553	Orange County Special Education	313	16
30103066069553	Orange County Special Education	6688	384
30103066069553	Orange County Special Education	176	50
30103066069553	Orange County Special Education	17140	2725
30103066069553	Orange County Special Education	3096	493
30664310000000	Anaheim Union High	668	25
30664310000000	Anaheim Union High	4443	651
30664310000000	Anaheim Union High	140	24
30664310000000	Anaheim Union High	201	11
30664310000000	Anaheim Union High	2559	490
30664310000000	Anaheim Union High	696	85
30664310000000	Anaheim Union High	1089	331
30664310000000	Anaheim Union High	2206	277
30664310000000	Anaheim Union High	55	11
30664310000000	Anaheim Union High	1320	209
30664310000000	Anaheim Union High	326	33
30664310000000	Anaheim Union High	347	15
30664310000000	Anaheim Union High	2237	374
30664310000000	Anaheim Union High	85	13
30664310000000	Anaheim Union High	1239	281
30664310000000	Anaheim Union High	370	52
30664310000000	Anaheim Union High	3016	521
30664310000000	Anaheim Union High	332	92
30664310105841	Community Day/Alternative Education/Special Education	668	25
30664310105841	Community Day/Alternative Education/Special Education	4443	651
30664310105841	Community Day/Alternative Education/Special Education	140	24
30664310105841	Community Day/Alternative Education/Special Education	201	11
30664310105841	Community Day/Alternative Education/Special Education	2559	490
30664310105841	Community Day/Alternative Education/Special Education	696	85
30664310105841	Community Day/Alternative Education/Special Education	1089	331
30664310105841	Community Day/Alternative Education/Special Education	2206	277
30664310105841	Community Day/Alternative Education/Special Education	55	11
30664310105841	Community Day/Alternative Education/Special Education	1320	209
30664310105841	Community Day/Alternative Education/Special Education	326	33
30664310105841	Community Day/Alternative Education/Special Education	347	15
30664310105841	Community Day/Alternative Education/Special Education	2237	374
30664310105841	Community Day/Alternative Education/Special Education	85	13
30664310105841	Community Day/Alternative Education/Special Education	1239	281
30664310105841	Community Day/Alternative Education/Special Education	370	52
30664310105841	Community Day/Alternative Education/Special Education	3016	521
30664310105841	Community Day/Alternative Education/Special Education	332	92
30664313030038	Cypress High	564	15
30664313030228	Anaheim High	604	128
30664313030228	Anaheim High	551	120
30664313030228	Anaheim High	230	87
30664313030228	Anaheim High	319	56
30664313030228	Anaheim High	294	50
30664313030228	Anaheim High	285	72
30664313030228	Anaheim High	257	70
30664313030228	Anaheim High	557	120
30664313030228	Anaheim High	45	22
30664313030384	Polaris High (Alternative)	52	53
30664313030384	Polaris High (Alternative)	27	37
30664313030384	Polaris High (Alternative)	35	23
30664313030384	Polaris High (Alternative)	19	17
30664313030384	Polaris High (Alternative)	17	30
30664313030384	Polaris High (Alternative)	35	39
30664313032786	Gilbert High (Continuation)	668	25
30664313032786	Gilbert High (Continuation)	4443	651
30664313032786	Gilbert High (Continuation)	140	24
30664313032786	Gilbert High (Continuation)	201	11
30664313032786	Gilbert High (Continuation)	2559	490
30664313032786	Gilbert High (Continuation)	696	85
30664313032786	Gilbert High (Continuation)	1089	331
30664313032786	Gilbert High (Continuation)	2206	277
30664313032786	Gilbert High (Continuation)	55	11
30664313032786	Gilbert High (Continuation)	1320	209
30664313032786	Gilbert High (Continuation)	326	33
30664313032786	Gilbert High (Continuation)	347	15
30664313032786	Gilbert High (Continuation)	2237	374
30664313032786	Gilbert High (Continuation)	85	13
30664313032786	Gilbert High (Continuation)	1239	281
30664313032786	Gilbert High (Continuation)	370	52
30664313032786	Gilbert High (Continuation)	3016	521
30664313032786	Gilbert High (Continuation)	332	92
30664313033057	Katella High	526	29
30664313033057	Katella High	425	25
30664313033057	Katella High	141	19
30664313033057	Katella High	269	17
30664313033057	Katella High	222	13
30664313033057	Katella High	257	12
30664313033057	Katella High	203	12
30664313033057	Katella High	436	26
30664313033115	John F. Kennedy High	531	15
30664313033784	Loara High	507	67
30664313033784	Loara High	332	53
30664313033784	Loara High	140	38
30664313033784	Loara High	247	29
30664313033784	Loara High	166	24
30664313033784	Loara High	260	38
30664313033784	Loara High	166	29
30664313033784	Loara High	401	53
30664313034204	Magnolia High	413	86
30664313034204	Magnolia High	286	64
30664313034204	Magnolia High	128	41
30664313034204	Magnolia High	194	37
30664313034204	Magnolia High	135	28
30664313034204	Magnolia High	219	49
30664313034204	Magnolia High	151	36
30664313034204	Magnolia High	344	66
30664313034204	Magnolia High	28	12
30664313036712	Savanna High	456	71
30664313036712	Savanna High	281	50
30664313036712	Savanna High	68	12
30664313036712	Savanna High	103	34
30664313036712	Savanna High	236	28
30664313036712	Savanna High	161	20
30664313036712	Savanna High	220	43
30664313036712	Savanna High	120	30
30664313036712	Savanna High	360	59
30664313038239	Western High	459	21
30664313038239	Western High	229	14
30664313038239	Western High	333	13
30664490000000	Brea-Olinda Unified	525	22
30664490000000	Brea-Olinda Unified	261	14
30664493030624	Brea Canyon High (Continuation)	525	22
30664493030624	Brea Canyon High (Continuation)	261	14
30664493030640	Brea-Olinda High	483	12
30664640000000	Capistrano Unified	3798	71
30664640000000	Capistrano Unified	798	35
30664640000000	Capistrano Unified	2462	30
30664640000000	Capistrano Unified	264	31
30664640000000	Capistrano Unified	1902	32
30664640000000	Capistrano Unified	392	13
30664640000000	Capistrano Unified	1240	17
30664640000000	Capistrano Unified	1896	39
30664640000000	Capistrano Unified	406	22
30664640000000	Capistrano Unified	1222	13
30664640000000	Capistrano Unified	835	42
30664640000000	Capistrano Unified	250	12
30664640106765	Capistrano Connections Academy Charter	87	47
30664640106765	Capistrano Connections Academy Charter	24	18
30664640106765	Capistrano Connections Academy Charter	45	23
30664640106765	Capistrano Unified	53	22
30664640106765	Capistrano Unified	34	25
30664640106765	Capistrano Connections Academy Charter	31	25
30664640106765	Capistrano Connections Academy Charter	87	47
30664640106765	Capistrano Connections Academy Charter	24	18
30664640106765	Capistrano Connections Academy Charter	45	23
30664640106765	Capistrano Connections Academy Charter	53	22
30664640106765	Capistrano Connections Academy Charter	24	11
30664640106765	Capistrano Connections Academy Charter	34	25
30664640106765	Capistrano Connections Academy Charter	21	12
30664640106765	Capistrano Connections Academy Charter	31	25
30664643030798	Bridges Community Day	3798	71
30664643030798	Bridges Community Day	798	35
30664643030798	Bridges Community Day	2462	30
30664643030798	Bridges Community Day	264	31
30664643030798	Bridges Community Day	1902	32
30664643030798	Bridges Community Day	392	13
30664643030798	Bridges Community Day	1240	17
30664643030798	Bridges Community Day	1896	39
30664643030798	Bridges Community Day	406	22
30664643030798	Bridges Community Day	1222	13
30664643030798	Bridges Community Day	835	42
30664643030798	Bridges Community Day	250	12
30664643035987	Junipero Serra High	99	16
30664643035987	Junipero Serra High	49	11
30664643036001	San Clemente High	702	21
30664643036001	San Clemente High	166	15
30664643036001	San Clemente High	45	13
30664643036001	San Clemente High	352	13
30664643036001	San Clemente High	88	11
30664643036001	San Clemente High	181	16
30665140000000	Fullerton Joint Union High	3241	157
30665140000000	Fullerton Joint Union High	1583	123
30665140000000	Fullerton Joint Union High	754	23
30665140000000	Fullerton Joint Union High	541	72
30665140000000	Fullerton Joint Union High	1636	76
30665140000000	Fullerton Joint Union High	836	58
30665140000000	Fullerton Joint Union High	379	11
30665140000000	Fullerton Joint Union High	1605	81
30665140000000	Fullerton Joint Union High	747	65
30665140000000	Fullerton Joint Union High	375	12
30665140000000	Fullerton Joint Union High	1548	120
30665140000000	Fullerton Joint Union High	205	26
30665143030335	La Sierra High (Alternative)	3241	157
30665143030335	La Sierra High (Alternative)	1583	123
30665143030335	La Sierra High (Alternative)	754	23
30665143030335	La Sierra High (Alternative)	541	72
30665143030335	La Sierra High (Alternative)	1636	76
30665143030335	La Sierra High (Alternative)	836	58
30665143030335	La Sierra High (Alternative)	379	11
30665143030335	La Sierra High (Alternative)	1605	81
30665143030335	La Sierra High (Alternative)	747	65
30665143030335	La Sierra High (Alternative)	375	12
30665143030335	La Sierra High (Alternative)	1548	120
30665143030335	La Sierra High (Alternative)	205	26
30665143030855	Buena Park High	377	16
30665143030855	Buena Park High	333	15
30665143033610	La Vista High (Continuation)	3241	157
30665143033610	La Vista High (Continuation)	1583	123
30665143033610	La Vista High (Continuation)	754	23
30665143033610	La Vista High (Continuation)	541	72
30665143033610	La Vista High (Continuation)	1636	76
30665143033610	La Vista High (Continuation)	836	58
30665143033610	La Vista High (Continuation)	379	11
30665143033610	La Vista High (Continuation)	1605	81
30665143033610	La Vista High (Continuation)	747	65
30665143033610	La Vista High (Continuation)	375	12
30665143033610	La Vista High (Continuation)	1548	120
30665143033610	La Vista High (Continuation)	205	26
30665220000000	Garden Grove Unified	1196	103
30665220000000	Garden Grove Unified	3388	387
30665220000000	Garden Grove Unified	1605	228
30665220000000	Garden Grove Unified	462	37
30665220000000	Garden Grove Unified	1055	253
30665220000000	Garden Grove Unified	626	49
30665220000000	Garden Grove Unified	1770	185
30665220000000	Garden Grove Unified	850	111
30665220000000	Garden Grove Unified	231	16
30665220000000	Garden Grove Unified	570	54
30665220000000	Garden Grove Unified	1618	202
30665220000000	Garden Grove Unified	755	117
30665220000000	Garden Grove Unified	231	21
30665220000000	Garden Grove Unified	2387	238
30665220000000	Garden Grove Unified	246	43
30665223030103	Marie L. Hare High	1196	103
30665223030103	Marie L. Hare High	3388	387
30665223030103	Marie L. Hare High	1605	228
30665223030103	Marie L. Hare High	462	37
30665223030103	Marie L. Hare High	1055	253
30665223030103	Marie L. Hare High	626	49
30665223030103	Marie L. Hare High	1770	185
30665223030103	Marie L. Hare High	850	111
30665223030103	Marie L. Hare High	231	16
30665223030103	Marie L. Hare High	570	54
30665223030103	Marie L. Hare High	1618	202
30665223030103	Marie L. Hare High	755	117
30665223030103	Marie L. Hare High	231	21
30665223030103	Marie L. Hare High	2387	238
30665223030103	Marie L. Hare High	246	43
30665223030434	Bolsa Grande High	247	30
30665223030434	Bolsa Grande High	437	43
30665223030434	Bolsa Grande High	150	35
30665223030434	Bolsa Grande High	135	17
30665223030434	Bolsa Grande High	232	25
30665223030434	Bolsa Grande High	112	13
30665223030434	Bolsa Grande High	205	18
30665223030434	Bolsa Grande High	347	22
30665223030517	Lincoln High Continuation	1196	103
30665223030517	Lincoln High Continuation	3388	387
30665223030517	Lincoln High Continuation	1605	228
30665223030517	Lincoln High Continuation	462	37
30665223030517	Lincoln High Continuation	1055	253
30665223030517	Lincoln High Continuation	626	49
30665223030517	Lincoln High Continuation	1770	185
30665223030517	Lincoln High Continuation	850	111
30665223030517	Lincoln High Continuation	231	16
30665223030517	Lincoln High Continuation	570	54
30665223030517	Lincoln High Continuation	1618	202
30665223030517	Lincoln High Continuation	755	117
30665223030517	Lincoln High Continuation	231	21
30665223030517	Lincoln High Continuation	2387	238
30665223030517	Lincoln High Continuation	246	43
30665223032752	Garden Grove High	552	45
30665223032752	Garden Grove High	279	27
30665223032752	Garden Grove High	150	25
30665223032752	Garden Grove High	286	24
30665223032752	Garden Grove High	142	18
30665223032752	Garden Grove High	266	21
30665223032752	Garden Grove High	365	26
30665223033578	La Quinta High	390	23
30665223033578	La Quinta High	487	34
30665223033578	La Quinta High	134	22
30665223033578	La Quinta High	200	12
30665223033578	La Quinta High	251	17
30665223033578	La Quinta High	190	11
30665223033578	La Quinta High	236	17
30665223033578	La Quinta High	338	14
30665223033933	Los Amigos High	73	16
30665223033933	Los Amigos High	434	66
30665223033933	Los Amigos High	328	45
30665223033933	Los Amigos High	162	50
30665223033933	Los Amigos High	219	35
30665223033933	Los Amigos High	164	26
30665223033933	Los Amigos High	215	31
30665223033933	Los Amigos High	164	19
30665223033933	Los Amigos High	370	38
30665223035581	Pacifica High	423	19
30665223035581	Pacifica High	204	13
30665223035706	Rancho Alamitos High	144	11
30665223035706	Rancho Alamitos High	416	50
30665223035706	Rancho Alamitos High	194	29
30665223035706	Rancho Alamitos High	123	30
30665223035706	Rancho Alamitos High	229	17
30665223035706	Rancho Alamitos High	187	33
30665223035706	Rancho Alamitos High	79	19
30665223035706	Rancho Alamitos High	309	28
30665223036555	Santiago High	460	54
30665223036555	Santiago High	356	42
30665223036555	Santiago High	191	35
30665223036555	Santiago High	254	28
30665223036555	Santiago High	201	20
30665223036555	Santiago High	206	26
30665223036555	Santiago High	155	22
30665223036555	Santiago High	398	34
30665223036555	Santiago High	48	15
30665480000000	Huntington Beach Union High	903	14
30665480000000	Huntington Beach Union High	3590	92
30665480000000	Huntington Beach Union High	685	39
30665480000000	Huntington Beach Union High	1576	25
30665480000000	Huntington Beach Union High	469	39
30665480000000	Huntington Beach Union High	1828	38
30665480000000	Huntington Beach Union High	366	13
30665480000000	Huntington Beach Union High	813	14
30665480000000	Huntington Beach Union High	1762	54
30665480000000	Huntington Beach Union High	319	26
30665480000000	Huntington Beach Union High	763	11
30665480000000	Huntington Beach Union High	1219	64
30665480000000	Huntington Beach Union High	305	22
30665483030145	Ocean View High	336	12
30665483030368	Coast High	58	13
30665483030806	HBUHSD Community Day	903	14
30665483030806	HBUHSD Community Day	3590	92
30665483030806	HBUHSD Community Day	685	39
30665483030806	HBUHSD Community Day	1576	25
30665483030806	HBUHSD Community Day	469	39
30665483030806	HBUHSD Community Day	1828	38
30665483030806	HBUHSD Community Day	366	13
30665483030806	HBUHSD Community Day	813	14
30665483030806	HBUHSD Community Day	1762	54
30665483030806	HBUHSD Community Day	319	26
30665483030806	HBUHSD Community Day	763	11
30665483030806	HBUHSD Community Day	1219	64
30665483030806	HBUHSD Community Day	305	22
30665483038445	Westminster High	540	24
30665483038445	Westminster High	201	16
30665483038445	Westminster High	261	18
30665483038445	Westminster High	467	19
30665483038551	Valley Vista High (Continuation)	903	14
30665483038551	Valley Vista High (Continuation)	3590	92
30665483038551	Valley Vista High (Continuation)	685	39
30665483038551	Valley Vista High (Continuation)	1576	25
30665483038551	Valley Vista High (Continuation)	469	39
30665483038551	Valley Vista High (Continuation)	1828	38
30665483038551	Valley Vista High (Continuation)	366	13
30665483038551	Valley Vista High (Continuation)	813	14
30665483038551	Valley Vista High (Continuation)	1762	54
30665483038551	Valley Vista High (Continuation)	319	26
30665483038551	Valley Vista High (Continuation)	763	11
30665483038551	Valley Vista High (Continuation)	1219	64
30665483038551	Valley Vista High (Continuation)	305	22
30665970000000	Newport-Mesa Unified	1650	60
30665970000000	Newport-Mesa Unified	571	38
30665970000000	Newport-Mesa Unified	950	18
30665970000000	Newport-Mesa Unified	265	36
30665970000000	Newport-Mesa Unified	807	31
30665970000000	Newport-Mesa Unified	259	17
30665970000000	Newport-Mesa Unified	478	12
30665970000000	Newport-Mesa Unified	843	29
30665970000000	Newport-Mesa Unified	312	21
30665970000000	Newport-Mesa Unified	1154	51
30665970000000	Newport-Mesa Unified	532	14
30665973030186	Monte Vista High	67	15
30665973034907	Back Bay High	1650	60
30665973034907	Back Bay High	571	38
30665973034907	Back Bay High	950	18
30665973034907	Back Bay High	265	36
30665973034907	Back Bay High	807	31
30665973034907	Back Bay High	259	17
30665973034907	Back Bay High	478	12
30665973034907	Back Bay High	843	29
30665973034907	Back Bay High	312	21
30665973034907	Back Bay High	1154	51
30665973034907	Back Bay High	532	14
30665973035045	Newport Harbor High	616	17
30665973035045	Newport Harbor High	310	11
30665973035045	Newport Harbor High	476	14
30666210000000	Orange Unified	2331	121
30666210000000	Orange Unified	998	87
30666210000000	Orange Unified	925	26
30666210000000	Orange Unified	380	59
30666210000000	Orange Unified	1141	62
30666210000000	Orange Unified	505	48
30666210000000	Orange Unified	1190	59
30666210000000	Orange Unified	493	39
30666210000000	Orange Unified	474	18
30666210000000	Orange Unified	1013	86
30666210000000	Orange Unified	198	12
30666210114769	OUSD Community Day	2331	121
30666210114769	OUSD Community Day	998	87
30666210114769	OUSD Community Day	925	26
30666210114769	OUSD Community Day	380	59
30666210114769	OUSD Community Day	1141	62
30666210114769	OUSD Community Day	505	48
30666210114769	OUSD Community Day	1190	59
30666210114769	OUSD Community Day	493	39
30666210114769	OUSD Community Day	474	18
30666210114769	OUSD Community Day	1013	86
30666210114769	OUSD Community Day	198	12
30666213035409	Orange High	497	38
30666213035409	Orange High	378	33
30666213035409	Orange High	155	25
30666213035409	Orange High	262	22
30666213035409	Orange High	205	18
30666213035409	Orange High	235	16
30666213035409	Orange High	173	15
30666213035409	Orange High	405	34
30666213035748	Richland Continuation High	2331	121
30666213035748	Richland Continuation High	998	87
30666213035748	Richland Continuation High	925	26
30666213035748	Richland Continuation High	380	59
30666213035748	Richland Continuation High	1141	62
30666213035748	Richland Continuation High	505	48
30666213035748	Richland Continuation High	1190	59
30666213035748	Richland Continuation High	493	39
30666213035748	Richland Continuation High	474	18
30666213035748	Richland Continuation High	1013	86
30666213035748	Richland Continuation High	198	12
30666213038098	Villa Park High	592	15
30666470000000	Placentia-Yorba Linda Unified	2026	121
30666470000000	Placentia-Yorba Linda Unified	628	82
30666470000000	Placentia-Yorba Linda Unified	1069	28
30666470000000	Placentia-Yorba Linda Unified	158	57
30666470000000	Placentia-Yorba Linda Unified	974	50
30666470000000	Placentia-Yorba Linda Unified	297	32
30666470000000	Placentia-Yorba Linda Unified	531	12
30666470000000	Placentia-Yorba Linda Unified	1052	71
30666470000000	Placentia-Yorba Linda Unified	331	50
30666470000000	Placentia-Yorba Linda Unified	538	16
30666470000000	Placentia-Yorba Linda Unified	614	90
30666470000000	Placentia-Yorba Linda Unified	182	24
30666473030053	Esperanza High	440	21
30666473030053	Esperanza High	94	11
30666473030053	Esperanza High	231	11
30666473030053	Esperanza High	88	13
30666473031929	El Dorado High	502	12
30666473031945	El Camino Real Continuation High	2026	121
30666473031945	El Camino Real Continuation High	628	82
30666473031945	El Camino Real Continuation High	1069	28
30666473031945	El Camino Real Continuation High	158	57
30666473031945	El Camino Real Continuation High	974	50
30666473031945	El Camino Real Continuation High	297	32
30666473031945	El Camino Real Continuation High	531	12
30666473031945	El Camino Real Continuation High	1052	71
30666473031945	El Camino Real Continuation High	331	50
30666473031945	El Camino Real Continuation High	538	16
30666473031945	El Camino Real Continuation High	614	90
30666473031945	El Camino Real Continuation High	182	24
30666473038023	Valencia High	561	31
30666473038023	Valencia High	300	29
30666473038023	Valencia High	99	23
30666473038023	Valencia High	281	14
30666473038023	Valencia High	149	12
30666473038023	Valencia High	280	17
30666473038023	Valencia High	151	17
30666473038023	Valencia High	324	29
30666700000000	Santa Ana Unified	3154	385
30666700000000	Santa Ana Unified	2984	370
30666700000000	Santa Ana Unified	1164	301
30666700000000	Santa Ana Unified	1640	149
30666700000000	Santa Ana Unified	1561	141
30666700000000	Santa Ana Unified	1514	236
30666700000000	Santa Ana Unified	1423	229
30666700000000	Santa Ana Unified	105	24
30666700000000	Santa Ana Unified	3007	365
30666700000000	Santa Ana Unified	215	57
30666703030475	Cesar E. Chavez High	3154	385
30666703030475	Cesar E. Chavez High	2984	370
30666703030475	Cesar E. Chavez High	1164	301
30666703030475	Cesar E. Chavez High	1640	149
30666703030475	Cesar E. Chavez High	1561	141
30666703030475	Cesar E. Chavez High	1514	236
30666703030475	Cesar E. Chavez High	1423	229
30666703030475	Cesar E. Chavez High	105	24
30666703030475	Cesar E. Chavez High	3007	365
30666703030475	Cesar E. Chavez High	215	57
30666703030491	Century High	411	65
30666703030491	Century High	396	64
30666703030491	Century High	191	52
30666703030491	Century High	229	27
30666703030491	Century High	222	26
30666703030491	Century High	182	38
30666703030491	Century High	174	38
30666703030491	Century High	407	65
30666703034998	Lorin Griset Academy	3154	385
30666703034998	Lorin Griset Academy	2984	370
30666703034998	Lorin Griset Academy	1164	301
30666703034998	Lorin Griset Academy	1640	149
30666703034998	Lorin Griset Academy	1561	141
30666703034998	Lorin Griset Academy	1514	236
30666703034998	Lorin Griset Academy	1423	229
30666703034998	Lorin Griset Academy	105	24
30666703034998	Lorin Griset Academy	3007	365
30666703034998	Lorin Griset Academy	215	57
30666703035821	Saddleback High	364	48
30666703035821	Saddleback High	352	47
30666703035821	Saddleback High	152	38
30666703035821	Saddleback High	185	18
30666703035821	Saddleback High	177	18
30666703035821	Saddleback High	179	30
30666703035821	Saddleback High	175	29
30666703035821	Saddleback High	352	44
30666703035821	Saddleback High	37	11
30666703036357	Santa Ana High	524	102
30666703036357	Santa Ana High	514	99
30666703036357	Santa Ana High	233	78
30666703036357	Santa Ana High	280	33
30666703036357	Santa Ana High	274	33
30666703036357	Santa Ana High	244	69
30666703036357	Santa Ana High	240	66
30666703036357	Santa Ana High	507	94
30666703036357	Santa Ana High	44	20
30666703036456	Valley High	352	76
30666703036456	Valley High	346	71
30666703036456	Valley High	179	59
30666703036456	Valley High	190	33
30666703036456	Valley High	187	29
30666703036456	Valley High	162	43
30666703036456	Valley High	159	42
30666703036456	Valley High	345	72
30666706115133	Community Day Intermediate and High	3154	385
30666706115133	Community Day Intermediate and High	2984	370
30666706115133	Community Day Intermediate and High	1164	301
30666706115133	Community Day Intermediate and High	1640	149
30666706115133	Community Day Intermediate and High	1561	141
30666706115133	Community Day Intermediate and High	1514	236
30666706115133	Community Day Intermediate and High	1423	229
30666706115133	Community Day Intermediate and High	105	24
30666706115133	Community Day Intermediate and High	3007	365
30666706115133	Community Day Intermediate and High	215	57
30736350000000	Saddleback Valley Unified	2584	65
30736350000000	Saddleback Valley Unified	595	30
30736350000000	Saddleback Valley Unified	1565	24
30736350000000	Saddleback Valley Unified	188	26
30736350000000	Saddleback Valley Unified	1258	32
30736350000000	Saddleback Valley Unified	308	17
30736350000000	Saddleback Valley Unified	1326	33
30736350000000	Saddleback Valley Unified	287	13
30736350000000	Saddleback Valley Unified	821	15
30736350000000	Saddleback Valley Unified	510	34
30736353030061	El Toro High	653	19
30736353030061	El Toro High	53	11
30736353030061	El Toro High	320	12
30736353030061	El Toro High	139	12
30736353030079	Silverado High	2584	65
30736353030079	Silverado High	595	30
30736353030079	Silverado High	1565	24
30736353030079	Silverado High	188	26
30736353030079	Silverado High	1258	32
30736353030079	Silverado High	308	17
30736353030079	Silverado High	1326	33
30736353030079	Silverado High	287	13
30736353030079	Silverado High	821	15
30736353030079	Silverado High	510	34
30736430000000	Tustin Unified	1532	66
30736430000000	Tustin Unified	626	43
30736430000000	Tustin Unified	245	28
30736430000000	Tustin Unified	755	28
30736430000000	Tustin Unified	307	20
30736430000000	Tustin Unified	777	38
30736430000000	Tustin Unified	319	23
30736430000000	Tustin Unified	623	55
30736430102871	Arnold O. Beckman High	531	12
30736433032919	Hillview High (Continuation)	1532	66
30736433032919	Hillview High (Continuation)	626	43
30736433032919	Hillview High (Continuation)	245	28
30736433032919	Hillview High (Continuation)	755	28
30736433032919	Hillview High (Continuation)	307	20
30736433032919	Hillview High (Continuation)	777	38
30736433032919	Hillview High (Continuation)	319	23
30736433032919	Hillview High (Continuation)	623	55
30736433037553	Tustin High	449	29
30736433037553	Tustin High	311	21
30736433037553	Tustin High	117	17
30736433037553	Tustin High	235	11
30736433037553	Tustin High	214	18
30736433037553	Tustin High	140	13
30736433037553	Tustin High	316	26
30736500000000	Irvine Unified	2132	43
30736500000000	Irvine Unified	847	18
30736500000000	Irvine Unified	200	15
30736500000000	Irvine Unified	1061	19
30736500000000	Irvine Unified	1071	24
30736500000000	Irvine Unified	422	12
30736500000000	Irvine Unified	304	11
30736500000000	Irvine Unified	143	11
30736503030129	Creekside High	2132	43
30736503030129	Creekside High	847	18
30736503030129	Creekside High	200	15
30736503030129	Creekside High	1061	19
30736503030129	Creekside High	1071	24
30736503030129	Creekside High	422	12
30736503030129	Creekside High	304	11
30736503030129	Creekside High	143	11
30736503035102	University High	575	12
30739240000000	Los Alamitos Unified	810	24
30739240000000	Los Alamitos Unified	500	12
30739240000000	Los Alamitos Unified	394	13
30739240000000	Los Alamitos Unified	416	11
30739243030343	Laurel High (Continuation)	810	24
30739243030343	Laurel High (Continuation)	500	12
30739243030343	Laurel High (Continuation)	394	13
30739243030343	Laurel High (Continuation)	416	11
30739243033917	Los Alamitos High	781	14
31000000000000	Placer	5034	322
31000000000000	Placer	141	17
31000000000000	Placer	810	101
31000000000000	Placer	3468	176
31000000000000	Placer	297	58
31000000000000	Placer	2553	148
31000000000000	Placer	409	50
31000000000000	Placer	1770	77
31000000000000	Placer	2481	174
31000000000000	Placer	401	51
31000000000000	Placer	1698	99
31000000000000	Placer	1798	223
31000000000000	Placer	296	50
31103140000000	Placer County Office of Education	5034	322
31103140000000	Placer County Office of Education	141	17
31103140000000	Placer County Office of Education	810	101
31103140000000	Placer County Office of Education	3468	176
31103140000000	Placer County Office of Education	297	58
31103140000000	Placer County Office of Education	2553	148
31103140000000	Placer County Office of Education	409	50
31103140000000	Placer County Office of Education	1770	77
31103140000000	Placer County Office of Education	2481	174
31103140000000	Placer County Office of Education	401	51
31103140000000	Placer County Office of Education	1698	99
31103140000000	Placer County Office of Education	1798	223
31103140000000	Placer County Office of Education	296	50
31103143130101	Placer County Court Schools	5034	322
31103143130101	Placer County Court Schools	141	17
31103143130101	Placer County Court Schools	810	101
31103143130101	Placer County Court Schools	3468	176
31103143130101	Placer County Court Schools	297	58
31103143130101	Placer County Court Schools	2553	148
31103143130101	Placer County Court Schools	409	50
31103143130101	Placer County Court Schools	1770	77
31103143130101	Placer County Court Schools	2481	174
31103143130101	Placer County Court Schools	401	51
31103143130101	Placer County Court Schools	1698	99
31103143130101	Placer County Court Schools	1798	223
31103143130101	Placer County Court Schools	296	50
31103143130259	Placer County Community Schools	5034	322
31103143130259	Placer County Community Schools	141	17
31103143130259	Placer County Community Schools	810	101
31103143130259	Placer County Community Schools	3468	176
31103143130259	Placer County Community Schools	297	58
31103143130259	Placer County Community Schools	2553	148
31103143130259	Placer County Community Schools	409	50
31103143130259	Placer County Community Schools	1770	77
31103143130259	Placer County Community Schools	2481	174
31103143130259	Placer County Community Schools	401	51
31103143130259	Placer County Community Schools	1698	99
31103143130259	Placer County Community Schools	1798	223
31103143130259	Placer County Community Schools	296	50
31103146069322	Placer County Special Education	5034	322
31103146069322	Placer County Special Education	141	17
31103146069322	Placer County Special Education	810	101
31103146069322	Placer County Special Education	3468	176
31103146069322	Placer County Special Education	297	58
31103146069322	Placer County Special Education	2553	148
31103146069322	Placer County Special Education	409	50
31103146069322	Placer County Special Education	1770	77
31103146069322	Placer County Special Education	2481	174
31103146069322	Placer County Special Education	401	51
31103146069322	Placer County Special Education	1698	99
31103146069322	Placer County Special Education	1798	223
31103146069322	Placer County Special Education	296	50
31668940000000	Placer Union High	1004	35
31668940000000	Placer Union High	809	27
31668940000000	Placer Union High	513	12
31668940000000	Placer Union High	491	23
31668940000000	Placer Union High	404	18
31668940000000	Placer Union High	279	22
31668943130135	Maidu High Independent Study	51	13
31668943131687	Chana High (Continuation)	1004	35
31668943131687	Chana High (Continuation)	809	27
31668943131687	Chana High (Continuation)	513	12
31668943131687	Chana High (Continuation)	491	23
31668943131687	Chana High (Continuation)	404	18
31668943131687	Chana High (Continuation)	279	22
31669280000000	Roseville Joint Union High	2253	102
31669280000000	Roseville Joint Union High	355	35
31669280000000	Roseville Joint Union High	1455	46
31669280000000	Roseville Joint Union High	169	23
31669280000000	Roseville Joint Union High	1121	47
31669280000000	Roseville Joint Union High	180	20
31669280000000	Roseville Joint Union High	734	17
31669280000000	Roseville Joint Union High	1132	55
31669280000000	Roseville Joint Union High	175	15
31669280000000	Roseville Joint Union High	721	29
31669280000000	Roseville Joint Union High	680	63
31669280000000	Roseville Joint Union High	78	16
31669283130119	Independence High (Alternative)	66	34
31669283130119	Independence High (Alternative)	16	11
31669283130119	Independence High (Alternative)	38	20
31669283130119	Independence High (Alternative)	42	16
31669283130119	Independence High (Alternative)	24	18
31669283130119	Independence High (Alternative)	14	13
31669283130119	Independence High (Alternative)	27	18
31669283130309	Adelante High (Continuation)	2253	102
31669283130309	Adelante High (Continuation)	355	35
31669283130309	Adelante High (Continuation)	1455	46
31669283130309	Adelante High (Continuation)	169	23
31669283130309	Adelante High (Continuation)	1121	47
31669283130309	Adelante High (Continuation)	180	20
31669283130309	Adelante High (Continuation)	734	17
31669283130309	Adelante High (Continuation)	1132	55
31669283130309	Adelante High (Continuation)	175	15
31669283130309	Adelante High (Continuation)	721	29
31669283130309	Adelante High (Continuation)	680	63
31669283130309	Adelante High (Continuation)	78	16
31669283136504	Roseville High	424	20
31669283136504	Roseville High	68	13
31669283136504	Roseville High	147	14
31669440000000	Tahoe-Truckee Joint Unified	254	15
31669443130077	Sierra High (Continuation)	254	15
31669510000000	Western Placer Unified	335	23
31669510000000	Western Placer Unified	74	11
31669510000000	Western Placer Unified	228	11
31669510000000	Western Placer Unified	179	15
31669510000000	Western Placer Unified	320	17
31669510122507	Partnerships for Student-Centered Learning	100	17
31669510122507	Partnerships for Student-Centered Learning	54	16
31669510122507	Partnerships for Student-Centered Learning	100	17
31669510122507	Partnerships for Student-Centered Learning	54	16
31669513130036	Phoenix High (Continuation)	335	23
31669513130036	Phoenix High (Continuation)	74	11
31669513130036	Phoenix High (Continuation)	228	11
31669513130036	Phoenix High (Continuation)	179	15
31669513130036	Phoenix High (Continuation)	320	17
31669513130168	Horizon Charter	172	51
31669513130168	Horizon Charter	20	14
31669513130168	Horizon Charter	130	31
31669513130168	Horizon Charter	106	23
31669513130168	Horizon Charter	78	14
31669513130168	Horizon Charter	66	28
31669513130168	Horizon Charter	52	17
31669513130168	Horizon Charter	108	42
31669513130168	Horizon Charter	172	51
31669513130168	Horizon Charter	20	14
31669513130168	Horizon Charter	130	31
31669513130168	Horizon Charter	106	23
31669513130168	Horizon Charter	78	14
31669513130168	Horizon Charter	66	28
31669513130168	Horizon Charter	52	17
31669513130168	Horizon Charter	108	42
31669513134657	Lincoln High	318	14
31669513134657	Lincoln High	172	11
31750850000000	Rocklin Unified	851	37
31750850000000	Rocklin Unified	569	24
31750850000000	Rocklin Unified	415	17
31750850000000	Rocklin Unified	280	12
31750850000000	Rocklin Unified	436	20
31750850000000	Rocklin Unified	289	12
31750850000000	Rocklin Unified	202	15
31750850108084	Whitney High	380	13
31750853130200	Victory High	851	37
31750853130200	Victory High	569	24
31750853130200	Victory High	415	17
31750853130200	Victory High	280	12
31750853130200	Victory High	436	20
31750853130200	Victory High	289	12
31750853130200	Victory High	202	15
32000000000000	Plumas	170	28
32000000000000	Plumas	133	23
32000000000000	Plumas	84	12
32000000000000	Plumas	86	16
32000000000000	Plumas	68	13
32000000000000	Plumas	120	25
32103220000000	Plumas County Office of Education	170	28
32103220000000	Plumas County Office of Education	133	23
32103220000000	Plumas County Office of Education	84	12
32103220000000	Plumas County Office of Education	86	16
32103220000000	Plumas County Office of Education	68	13
32103220000000	Plumas County Office of Education	120	25
32669690000000	Plumas Unified	135	16
32669690000000	Plumas Unified	107	13
32669690000000	Plumas Unified	88	14
32669693230034	Almanor High (Continuation)	135	16
32669693230034	Almanor High (Continuation)	107	13
32669693230034	Almanor High (Continuation)	88	14
32669693230042	Beckwourth (Jim) High (Continuation)	135	16
32669693230042	Beckwourth (Jim) High (Continuation)	107	13
32669693230042	Beckwourth (Jim) High (Continuation)	88	14
32669693230083	Plumas Charter	35	11
32669693230083	Plumas Charter	35	11
33000000000000	Riverside	925	41
33000000000000	Riverside	27497	3712
33000000000000	Riverside	2070	388
33000000000000	Riverside	54	22
33000000000000	Riverside	666	23
33000000000000	Riverside	14950	2413
33000000000000	Riverside	146	33
33000000000000	Riverside	142	14
33000000000000	Riverside	389	37
33000000000000	Riverside	8155	741
33000000000000	Riverside	4820	1409
33000000000000	Riverside	451	21
33000000000000	Riverside	14213	1446
33000000000000	Riverside	1072	148
33000000000000	Riverside	7849	943
33000000000000	Riverside	79	15
33000000000000	Riverside	197	16
33000000000000	Riverside	4140	286
33000000000000	Riverside	474	20
33000000000000	Riverside	13284	2266
33000000000000	Riverside	998	240
33000000000000	Riverside	28	14
33000000000000	Riverside	339	16
33000000000000	Riverside	7101	1470
33000000000000	Riverside	67	18
33000000000000	Riverside	70	12
33000000000000	Riverside	192	21
33000000000000	Riverside	4015	455
33000000000000	Riverside	285	84
33000000000000	Riverside	18199	3113
33000000000000	Riverside	2524	653
33103300000000	Riverside County Office of Education	925	41
33103300000000	Riverside County Office of Education	27497	3712
33103300000000	Riverside County Office of Education	2070	388
33103300000000	Riverside County Office of Education	54	22
33103300000000	Riverside County Office of Education	666	23
33103300000000	Riverside County Office of Education	14950	2413
33103300000000	Riverside County Office of Education	146	33
33103300000000	Riverside County Office of Education	142	14
33103300000000	Riverside County Office of Education	389	37
33103300000000	Riverside County Office of Education	8155	741
33103300000000	Riverside County Office of Education	4820	1409
33103300000000	Riverside County Office of Education	451	21
33103300000000	Riverside County Office of Education	14213	1446
33103300000000	Riverside County Office of Education	1072	148
33103300000000	Riverside County Office of Education	7849	943
33103300000000	Riverside County Office of Education	79	15
33103300000000	Riverside County Office of Education	197	16
33103300000000	Riverside County Office of Education	4140	286
33103300000000	Riverside County Office of Education	474	20
33103300000000	Riverside County Office of Education	13284	2266
33103300000000	Riverside County Office of Education	998	240
33103300000000	Riverside County Office of Education	28	14
33103300000000	Riverside County Office of Education	339	16
33103300000000	Riverside County Office of Education	7101	1470
33103300000000	Riverside County Office of Education	67	18
33103300000000	Riverside County Office of Education	70	12
33103300000000	Riverside County Office of Education	192	21
33103300000000	Riverside County Office of Education	4015	455
33103300000000	Riverside County Office of Education	285	84
33103300000000	Riverside County Office of Education	18199	3113
33103300000000	Riverside County Office of Education	2524	653
33103300110833	River Springs Charter	202	53
33103300110833	River Springs Charter	58	14
33103300110833	River Springs Charter	116	27
33103300110833	River Springs Charter	125	24
33103300110833	River Springs Charter	71	12
33103300110833	River Springs Charter	77	29
33103300110833	River Springs Charter	45	15
33103300110833	River Springs Charter	88	34
33103300110833	River Springs Charter	17	13
33103300110833	River Springs Charter	202	53
33103300110833	River Springs Charter	58	14
33103300110833	River Springs Charter	116	27
33103300110833	River Springs Charter	125	24
33103300110833	River Springs Charter	71	12
33103300110833	River Springs Charter	77	29
33103300110833	River Springs Charter	45	15
33103300110833	River Springs Charter	88	34
33103300110833	River Springs Charter	17	13
33103303330123	Riverside County Juvenile Court	925	41
33103303330123	Riverside County Juvenile Court	27497	3712
33103303330123	Riverside County Juvenile Court	2070	388
33103303330123	Riverside County Juvenile Court	54	22
33103303330123	Riverside County Juvenile Court	666	23
33103303330123	Riverside County Juvenile Court	14950	2413
33103303330123	Riverside County Juvenile Court	146	33
33103303330123	Riverside County Juvenile Court	142	14
33103303330123	Riverside County Juvenile Court	389	37
33103303330123	Riverside County Juvenile Court	8155	741
33103303330123	Riverside County Juvenile Court	4820	1409
33103303330123	Riverside County Juvenile Court	451	21
33103303330123	Riverside County Juvenile Court	14213	1446
33103303330123	Riverside County Juvenile Court	1072	148
33103303330123	Riverside County Juvenile Court	7849	943
33103303330123	Riverside County Juvenile Court	79	15
33103303330123	Riverside County Juvenile Court	197	16
33103303330123	Riverside County Juvenile Court	4140	286
33103303330123	Riverside County Juvenile Court	474	20
33103303330123	Riverside County Juvenile Court	13284	2266
33103303330123	Riverside County Juvenile Court	998	240
33103303330123	Riverside County Juvenile Court	28	14
33103303330123	Riverside County Juvenile Court	339	16
33103303330123	Riverside County Juvenile Court	7101	1470
33103303330123	Riverside County Juvenile Court	67	18
33103303330123	Riverside County Juvenile Court	70	12
33103303330123	Riverside County Juvenile Court	192	21
33103303330123	Riverside County Juvenile Court	4015	455
33103303330123	Riverside County Juvenile Court	285	84
33103303330123	Riverside County Juvenile Court	18199	3113
33103303330123	Riverside County Juvenile Court	2524	653
33103303330404	Riverside County Opportunity	925	41
33103303330404	Riverside County Opportunity	27497	3712
33103303330404	Riverside County Opportunity	2070	388
33103303330404	Riverside County Opportunity	54	22
33103303330404	Riverside County Opportunity	666	23
33103303330404	Riverside County Opportunity	14950	2413
33103303330404	Riverside County Opportunity	146	33
33103303330404	Riverside County Opportunity	142	14
33103303330404	Riverside County Opportunity	389	37
33103303330404	Riverside County Opportunity	8155	741
33103303330404	Riverside County Opportunity	4820	1409
33103303330404	Riverside County Opportunity	451	21
33103303330404	Riverside County Opportunity	14213	1446
33103303330404	Riverside County Opportunity	1072	148
33103303330404	Riverside County Opportunity	7849	943
33103303330404	Riverside County Opportunity	79	15
33103303330404	Riverside County Opportunity	197	16
33103303330404	Riverside County Opportunity	4140	286
33103303330404	Riverside County Opportunity	474	20
33103303330404	Riverside County Opportunity	13284	2266
33103303330404	Riverside County Opportunity	998	240
33103303330404	Riverside County Opportunity	28	14
33103303330404	Riverside County Opportunity	339	16
33103303330404	Riverside County Opportunity	7101	1470
33103303330404	Riverside County Opportunity	67	18
33103303330404	Riverside County Opportunity	70	12
33103303330404	Riverside County Opportunity	192	21
33103303330404	Riverside County Opportunity	4015	455
33103303330404	Riverside County Opportunity	285	84
33103303330404	Riverside County Opportunity	18199	3113
33103303330404	Riverside County Opportunity	2524	653
33103303331055	Riverside County Community	925	41
33103303331055	Riverside County Community	27497	3712
33103303331055	Riverside County Community	2070	388
33103303331055	Riverside County Community	54	22
33103303331055	Riverside County Community	666	23
33103303331055	Riverside County Community	14950	2413
33103303331055	Riverside County Community	146	33
33103303331055	Riverside County Community	142	14
33103303331055	Riverside County Community	389	37
33103303331055	Riverside County Community	8155	741
33103303331055	Riverside County Community	4820	1409
33103303331055	Riverside County Community	451	21
33103303331055	Riverside County Community	14213	1446
33103303331055	Riverside County Community	1072	148
33103303331055	Riverside County Community	7849	943
33103303331055	Riverside County Community	79	15
33103303331055	Riverside County Community	197	16
33103303331055	Riverside County Community	4140	286
33103303331055	Riverside County Community	474	20
33103303331055	Riverside County Community	13284	2266
33103303331055	Riverside County Community	998	240
33103303331055	Riverside County Community	28	14
33103303331055	Riverside County Community	339	16
33103303331055	Riverside County Community	7101	1470
33103303331055	Riverside County Community	67	18
33103303331055	Riverside County Community	70	12
33103303331055	Riverside County Community	192	21
33103303331055	Riverside County Community	4015	455
33103303331055	Riverside County Community	285	84
33103303331055	Riverside County Community	18199	3113
33103303331055	Riverside County Community	2524	653
33103306069207	Riverside County Special Education	925	41
33103306069207	Riverside County Special Education	27497	3712
33103306069207	Riverside County Special Education	2070	388
33103306069207	Riverside County Special Education	54	22
33103306069207	Riverside County Special Education	666	23
33103306069207	Riverside County Special Education	14950	2413
33103306069207	Riverside County Special Education	146	33
33103306069207	Riverside County Special Education	142	14
33103306069207	Riverside County Special Education	389	37
33103306069207	Riverside County Special Education	8155	741
33103306069207	Riverside County Special Education	4820	1409
33103306069207	Riverside County Special Education	451	21
33103306069207	Riverside County Special Education	14213	1446
33103306069207	Riverside County Special Education	1072	148
33103306069207	Riverside County Special Education	7849	943
33103306069207	Riverside County Special Education	79	15
33103306069207	Riverside County Special Education	197	16
33103306069207	Riverside County Special Education	4140	286
33103306069207	Riverside County Special Education	474	20
33103306069207	Riverside County Special Education	13284	2266
33103306069207	Riverside County Special Education	998	240
33103306069207	Riverside County Special Education	28	14
33103306069207	Riverside County Special Education	339	16
33103306069207	Riverside County Special Education	7101	1470
33103306069207	Riverside County Special Education	67	18
33103306069207	Riverside County Special Education	70	12
33103306069207	Riverside County Special Education	192	21
33103306069207	Riverside County Special Education	4015	455
33103306069207	Riverside County Special Education	285	84
33103306069207	Riverside County Special Education	18199	3113
33103306069207	Riverside County Special Education	2524	653
33316250000000	California School for the Deaf-Riverside (State Special Schl)	925	41
33316250000000	California School for the Deaf-Riverside (State Special Schl)	27497	3712
33316250000000	California School for the Deaf-Riverside (State Special Schl)	2070	388
33316250000000	California School for the Deaf-Riverside (State Special Schl)	54	22
33316250000000	California School for the Deaf-Riverside (State Special Schl)	666	23
33316250000000	California School for the Deaf-Riverside (State Special Schl)	14950	2413
33316250000000	California School for the Deaf-Riverside (State Special Schl)	146	33
33316250000000	California School for the Deaf-Riverside (State Special Schl)	142	14
33316250000000	California School for the Deaf-Riverside (State Special Schl)	389	37
33316250000000	California School for the Deaf-Riverside (State Special Schl)	8155	741
33316250000000	California School for the Deaf-Riverside (State Special Schl)	4820	1409
33316250000000	California School for the Deaf-Riverside (State Special Schl)	451	21
33316250000000	California School for the Deaf-Riverside (State Special Schl)	14213	1446
33316250000000	California School for the Deaf-Riverside (State Special Schl)	1072	148
33316250000000	California School for the Deaf-Riverside (State Special Schl)	7849	943
33316250000000	California School for the Deaf-Riverside (State Special Schl)	79	15
33316250000000	California School for the Deaf-Riverside (State Special Schl)	197	16
33316250000000	California School for the Deaf-Riverside (State Special Schl)	4140	286
33316250000000	California School for the Deaf-Riverside (State Special Schl)	474	20
33316250000000	California School for the Deaf-Riverside (State Special Schl)	13284	2266
33316250000000	California School for the Deaf-Riverside (State Special Schl)	998	240
33316250000000	California School for the Deaf-Riverside (State Special Schl)	28	14
33316250000000	California School for the Deaf-Riverside (State Special Schl)	339	16
33316250000000	California School for the Deaf-Riverside (State Special Schl)	7101	1470
33316250000000	California School for the Deaf-Riverside (State Special Schl)	67	18
33316250000000	California School for the Deaf-Riverside (State Special Schl)	70	12
33316250000000	California School for the Deaf-Riverside (State Special Schl)	192	21
33316250000000	California School for the Deaf-Riverside (State Special Schl)	4015	455
33316250000000	California School for the Deaf-Riverside (State Special Schl)	285	84
33316250000000	California School for the Deaf-Riverside (State Special Schl)	18199	3113
33316250000000	California School for the Deaf-Riverside (State Special Schl)	2524	653
33316253330834	California School for the Deaf-Riverside	925	41
33316253330834	California School for the Deaf-Riverside	27497	3712
33316253330834	California School for the Deaf-Riverside	2070	388
33316253330834	California School for the Deaf-Riverside	54	22
33316253330834	California School for the Deaf-Riverside	666	23
33316253330834	California School for the Deaf-Riverside	14950	2413
33316253330834	California School for the Deaf-Riverside	146	33
33316253330834	California School for the Deaf-Riverside	142	14
33316253330834	California School for the Deaf-Riverside	389	37
33316253330834	California School for the Deaf-Riverside	8155	741
33316253330834	California School for the Deaf-Riverside	4820	1409
33316253330834	California School for the Deaf-Riverside	451	21
33316253330834	California School for the Deaf-Riverside	14213	1446
33316253330834	California School for the Deaf-Riverside	1072	148
33316253330834	California School for the Deaf-Riverside	7849	943
33316253330834	California School for the Deaf-Riverside	79	15
33316253330834	California School for the Deaf-Riverside	197	16
33316253330834	California School for the Deaf-Riverside	4140	286
33316253330834	California School for the Deaf-Riverside	474	20
33316253330834	California School for the Deaf-Riverside	13284	2266
33316253330834	California School for the Deaf-Riverside	998	240
33316253330834	California School for the Deaf-Riverside	28	14
33316253330834	California School for the Deaf-Riverside	339	16
33316253330834	California School for the Deaf-Riverside	7101	1470
33316253330834	California School for the Deaf-Riverside	67	18
33316253330834	California School for the Deaf-Riverside	70	12
33316253330834	California School for the Deaf-Riverside	192	21
33316253330834	California School for the Deaf-Riverside	4015	455
33316253330834	California School for the Deaf-Riverside	285	84
33316253330834	California School for the Deaf-Riverside	18199	3113
33316253330834	California School for the Deaf-Riverside	2524	653
33669770000000	Alvord Unified	1093	156
33669770000000	Alvord Unified	767	119
33669770000000	Alvord Unified	183	28
33669770000000	Alvord Unified	303	90
33669770000000	Alvord Unified	569	46
33669770000000	Alvord Unified	408	34
33669770000000	Alvord Unified	94	11
33669770000000	Alvord Unified	524	110
33669770000000	Alvord Unified	359	85
33669770000000	Alvord Unified	89	17
33669770000000	Alvord Unified	809	137
33669770000000	Alvord Unified	60	23
33669773330008	La Sierra High	668	57
33669773330008	La Sierra High	414	40
33669773330008	La Sierra High	139	32
33669773330008	La Sierra High	331	19
33669773330008	La Sierra High	217	14
33669773330008	La Sierra High	337	38
33669773330008	La Sierra High	197	26
33669773330008	La Sierra High	441	48
33669773334299	Norte Vista High	387	56
33669773334299	Norte Vista High	328	46
33669773334299	Norte Vista High	154	38
33669773334299	Norte Vista High	221	18
33669773334299	Norte Vista High	181	13
33669773334299	Norte Vista High	166	38
33669773334299	Norte Vista High	147	33
33669773334299	Norte Vista High	336	50
33669773337128	Alvord Continuation High	1093	156
33669773337128	Alvord Continuation High	767	119
33669773337128	Alvord Continuation High	183	28
33669773337128	Alvord Continuation High	303	90
33669773337128	Alvord Continuation High	569	46
33669773337128	Alvord Continuation High	408	34
33669773337128	Alvord Continuation High	94	11
33669773337128	Alvord Continuation High	524	110
33669773337128	Alvord Continuation High	359	85
33669773337128	Alvord Continuation High	89	17
33669773337128	Alvord Continuation High	809	137
33669773337128	Alvord Continuation High	60	23
33669850000000	Banning Unified	218	38
33669850000000	Banning Unified	130	21
33669850000000	Banning Unified	55	11
33669850000000	Banning Unified	116	17
33669850000000	Banning Unified	102	21
33669850000000	Banning Unified	67	12
33669850000000	Banning Unified	194	34
33669853330214	Banning High	185	19
33669853330214	Banning High	111	12
33669853330214	Banning High	87	12
33669853330214	Banning High	164	16
33669853330222	New Horizon High	218	38
33669853330222	New Horizon High	130	21
33669853330222	New Horizon High	55	11
33669853330222	New Horizon High	116	17
33669853330222	New Horizon High	102	21
33669853330222	New Horizon High	67	12
33669853330222	New Horizon High	194	34
33669853330974	Banning Independent Study	218	38
33669853330974	Banning Independent Study	130	21
33669853330974	Banning Independent Study	55	11
33669853330974	Banning Independent Study	116	17
33669853330974	Banning Independent Study	102	21
33669853330974	Banning Independent Study	67	12
33669853330974	Banning Independent Study	194	34
33669930000000	Beaumont Unified	479	52
33669930000000	Beaumont Unified	233	26
33669930000000	Beaumont Unified	163	18
33669930000000	Beaumont Unified	46	12
33669930000000	Beaumont Unified	251	18
33669930000000	Beaumont Unified	129	11
33669930000000	Beaumont Unified	228	34
33669930000000	Beaumont Unified	104	15
33669930000000	Beaumont Unified	85	13
33669930000000	Beaumont Unified	301	42
33669933330479	Beaumont Senior High	461	32
33669933330479	Beaumont Senior High	222	18
33669933330479	Beaumont Senior High	244	12
33669933330479	Beaumont Senior High	217	20
33669933330479	Beaumont Senior High	286	25
33669933330842	Glen View High	479	52
33669933330842	Glen View High	233	26
33669933330842	Glen View High	163	18
33669933330842	Glen View High	46	12
33669933330842	Glen View High	251	18
33669933330842	Glen View High	129	11
33669933330842	Glen View High	228	34
33669933330842	Glen View High	104	15
33669933330842	Glen View High	85	13
33669933330842	Glen View High	301	42
33670330000000	Corona-Norco Unified	3854	217
33670330000000	Corona-Norco Unified	307	14
33670330000000	Corona-Norco Unified	1813	155
33670330000000	Corona-Norco Unified	1303	37
33670330000000	Corona-Norco Unified	313	77
33670330000000	Corona-Norco Unified	2012	94
33670330000000	Corona-Norco Unified	960	72
33670330000000	Corona-Norco Unified	659	11
33670330000000	Corona-Norco Unified	1842	123
33670330000000	Corona-Norco Unified	853	83
33670330000000	Corona-Norco Unified	644	26
33670330000000	Corona-Norco Unified	1779	152
33670330000000	Corona-Norco Unified	316	37
33670330110106	Orange Grove High	3854	217
33670330110106	Orange Grove High	307	14
33670330110106	Orange Grove High	1813	155
33670330110106	Orange Grove High	1303	37
33670330110106	Orange Grove High	313	77
33670330110106	Orange Grove High	2012	94
33670330110106	Orange Grove High	960	72
33670330110106	Orange Grove High	659	11
33670330110106	Orange Grove High	1842	123
33670330110106	Orange Grove High	853	83
33670330110106	Orange Grove High	644	26
33670330110106	Orange Grove High	1779	152
33670330110106	Orange Grove High	316	37
33670330110627	Eleanor Roosevelt High	729	18
33670330110627	Eleanor Roosevelt High	332	11
33670330110627	Eleanor Roosevelt High	361	13
33670333330131	Corona-Norco Alternative	48	24
33670333330131	Corona-Norco Alternative	18	13
33670333330131	Corona-Norco Alternative	38	16
33670333330446	Centennial High	626	23
33670333330446	Centennial High	319	16
33670333330446	Centennial High	46	14
33670333330446	Centennial High	340	13
33670333330446	Centennial High	327	21
33670333330586	Lee V. Pollard High	3854	217
33670333330586	Lee V. Pollard High	307	14
33670333330586	Lee V. Pollard High	1813	155
33670333330586	Lee V. Pollard High	1303	37
33670333330586	Lee V. Pollard High	313	77
33670333330586	Lee V. Pollard High	2012	94
33670333330586	Lee V. Pollard High	960	72
33670333330586	Lee V. Pollard High	659	11
33670333330586	Lee V. Pollard High	1842	123
33670333330586	Lee V. Pollard High	853	83
33670333330586	Lee V. Pollard High	644	26
33670333330586	Lee V. Pollard High	1779	152
33670333330586	Lee V. Pollard High	316	37
33670333330602	Corona Vista High	3854	217
33670333330602	Corona Vista High	307	14
33670333330602	Corona Vista High	1813	155
33670333330602	Corona Vista High	1303	37
33670333330602	Corona Vista High	313	77
33670333330602	Corona Vista High	2012	94
33670333330602	Corona Vista High	960	72
33670333330602	Corona Vista High	659	11
33670333330602	Corona Vista High	1842	123
33670333330602	Corona Vista High	853	83
33670333330602	Corona Vista High	644	26
33670333330602	Corona Vista High	1779	152
33670333330602	Corona Vista High	316	37
33670333331600	Corona High	645	38
33670333331600	Corona High	392	34
33670333331600	Corona High	71	18
33670333331600	Corona High	336	17
33670333331600	Corona High	200	15
33670333331600	Corona High	309	21
33670333331600	Corona High	192	19
33670333331600	Corona High	387	29
33670580000000	Desert Sands Unified	1982	202
33670580000000	Desert Sands Unified	1251	158
33670580000000	Desert Sands Unified	568	37
33670580000000	Desert Sands Unified	245	77
33670580000000	Desert Sands Unified	1064	80
33670580000000	Desert Sands Unified	681	61
33670580000000	Desert Sands Unified	299	15
33670580000000	Desert Sands Unified	918	122
33670580000000	Desert Sands Unified	570	97
33670580000000	Desert Sands Unified	269	22
33670580000000	Desert Sands Unified	1309	167
33670580000000	Desert Sands Unified	150	40
33670580114504	Summit High (Continuation)	1982	202
33670580114504	Summit High (Continuation)	1251	158
33670580114504	Summit High (Continuation)	568	37
33670580114504	Summit High (Continuation)	245	77
33670580114504	Summit High (Continuation)	1064	80
33670580114504	Summit High (Continuation)	681	61
33670580114504	Summit High (Continuation)	299	15
33670580114504	Summit High (Continuation)	918	122
33670580114504	Summit High (Continuation)	570	97
33670580114504	Summit High (Continuation)	269	22
33670580114504	Summit High (Continuation)	1309	167
33670580114504	Summit High (Continuation)	150	40
33670580118885	Shadow Hills High	178	11
33670583330388	Palm Desert High	464	22
33670583330388	Palm Desert High	168	14
33670583330388	Palm Desert High	238	14
33670583330388	Palm Desert High	218	12
33670583330669	La Quinta High	695	23
33670583330669	La Quinta High	384	15
33670583330669	La Quinta High	307	13
33670583330669	La Quinta High	389	14
33670583331113	Amistad High (Continuation)	1982	202
33670583331113	Amistad High (Continuation)	1251	158
33670583331113	Amistad High (Continuation)	568	37
33670583331113	Amistad High (Continuation)	245	77
33670583331113	Amistad High (Continuation)	1064	80
33670583331113	Amistad High (Continuation)	681	61
33670583331113	Amistad High (Continuation)	299	15
33670583331113	Amistad High (Continuation)	918	122
33670583331113	Amistad High (Continuation)	570	97
33670583331113	Amistad High (Continuation)	269	22
33670583331113	Amistad High (Continuation)	1309	167
33670583331113	Amistad High (Continuation)	150	40
33670583333192	Indio High	447	37
33670583333192	Indio High	414	34
33670583333192	Indio High	101	28
33670583333192	Indio High	242	12
33670583333192	Indio High	205	25
33670583333192	Indio High	190	24
33670583333192	Indio High	410	35
33670820000000	Hemet Unified	1467	236
33670820000000	Hemet Unified	90	26
33670820000000	Hemet Unified	648	107
33670820000000	Hemet Unified	620	84
33670820000000	Hemet Unified	214	53
33670820000000	Hemet Unified	746	103
33670820000000	Hemet Unified	330	49
33670820000000	Hemet Unified	324	33
33670820000000	Hemet Unified	721	133
33670820000000	Hemet Unified	42	16
33670820000000	Hemet Unified	318	58
33670820000000	Hemet Unified	296	51
33670820000000	Hemet Unified	1395	222
33670820000000	Hemet Unified	150	45
33670820106716	Hamilton High	74	13
33670820106716	Hamilton High	37	11
33670820106716	Hamilton High	70	12
33670820113159	Tahquitz High	290	35
33670820113159	Tahquitz High	157	17
33670820113159	Tahquitz High	59	12
33670820113159	Tahquitz High	145	17
33670820113159	Tahquitz High	145	18
33670820113159	Tahquitz High	277	33
33670820113159	Tahquitz High	30	13
33670823330065	Alessandro High	1467	236
33670823330065	Alessandro High	90	26
33670823330065	Alessandro High	648	107
33670823330065	Alessandro High	620	84
33670823330065	Alessandro High	214	53
33670823330065	Alessandro High	746	103
33670823330065	Alessandro High	330	49
33670823330065	Alessandro High	324	33
33670823330065	Alessandro High	721	133
33670823330065	Alessandro High	42	16
33670823330065	Alessandro High	318	58
33670823330065	Alessandro High	296	51
33670823330065	Alessandro High	1395	222
33670823330065	Alessandro High	150	45
33670823330503	Helen Hunt Jackson Alternative High	116	24
33670823330503	Helen Hunt Jackson Alternative High	40	11
33670823330503	Helen Hunt Jackson Alternative High	64	11
33670823330503	Helen Hunt Jackson Alternative High	77	14
33670823330503	Helen Hunt Jackson Alternative High	107	22
33670823330537	West Valley High	300	22
33670823330537	West Valley High	155	14
33670823330537	West Valley High	289	20
33670823332673	Hemet High	514	38
33670823332673	Hemet High	186	18
33670823332673	Hemet High	274	13
33670823332673	Hemet High	54	11
33670823332673	Hemet High	254	18
33670823332673	Hemet High	260	20
33670823332673	Hemet High	493	35
33670823332673	Hemet High	59	11
33670900000000	Jurupa Unified	1236	175
33670900000000	Jurupa Unified	958	143
33670900000000	Jurupa Unified	212	26
33670900000000	Jurupa Unified	329	84
33670900000000	Jurupa Unified	671	67
33670900000000	Jurupa Unified	524	53
33670900000000	Jurupa Unified	117	12
33670900000000	Jurupa Unified	565	108
33670900000000	Jurupa Unified	434	90
33670900000000	Jurupa Unified	95	14
33670900000000	Jurupa Unified	973	151
33670900000000	Jurupa Unified	116	27
33670900114157	Patriot High	494	39
33670900114157	Patriot High	331	27
33670900114157	Patriot High	124	11
33670900114157	Patriot High	88	11
33670900114157	Patriot High	260	19
33670900114157	Patriot High	179	14
33670900114157	Patriot High	234	20
33670900114157	Patriot High	152	13
33670900114157	Patriot High	335	30
33670903330412	Jurupa Valley High	394	42
33670903330412	Jurupa Valley High	323	37
33670903330412	Jurupa Valley High	118	18
33670903330412	Jurupa Valley High	206	14
33670903330412	Jurupa Valley High	170	12
33670903330412	Jurupa Valley High	188	28
33670903330412	Jurupa Valley High	153	25
33670903330412	Jurupa Valley High	319	38
33670903330545	Rio Vista High	1236	175
33670903330545	Rio Vista High	958	143
33670903330545	Rio Vista High	212	26
33670903330545	Rio Vista High	329	84
33670903330545	Rio Vista High	671	67
33670903330545	Rio Vista High	524	53
33670903330545	Rio Vista High	117	12
33670903330545	Rio Vista High	565	108
33670903330545	Rio Vista High	434	90
33670903330545	Rio Vista High	95	14
33670903330545	Rio Vista High	973	151
33670903330545	Rio Vista High	116	27
33670903330784	Steps Community Day	1236	175
33670903330784	Steps Community Day	958	143
33670903330784	Steps Community Day	212	26
33670903330784	Steps Community Day	329	84
33670903330784	Steps Community Day	671	67
33670903330784	Steps Community Day	524	53
33670903330784	Steps Community Day	117	12
33670903330784	Steps Community Day	565	108
33670903330784	Steps Community Day	434	90
33670903330784	Steps Community Day	95	14
33670903330784	Steps Community Day	973	151
33670903330784	Steps Community Day	116	27
33670903334687	Nueva Vista Continuation High	1236	175
33670903334687	Nueva Vista Continuation High	958	143
33670903334687	Nueva Vista Continuation High	212	26
33670903334687	Nueva Vista Continuation High	329	84
33670903334687	Nueva Vista Continuation High	671	67
33670903334687	Nueva Vista Continuation High	524	53
33670903334687	Nueva Vista Continuation High	117	12
33670903334687	Nueva Vista Continuation High	565	108
33670903334687	Nueva Vista Continuation High	434	90
33670903334687	Nueva Vista Continuation High	95	14
33670903334687	Nueva Vista Continuation High	973	151
33670903334687	Nueva Vista Continuation High	116	27
33670903337136	Rubidoux High	274	32
33670903337136	Rubidoux High	243	29
33670903337136	Rubidoux High	97	25
33670903337136	Rubidoux High	115	24
33670903337136	Rubidoux High	104	21
33670903337136	Rubidoux High	252	32
33671240000000	Moreno Valley Unified	1894	427
33671240000000	Moreno Valley Unified	356	99
33671240000000	Moreno Valley Unified	1136	263
33671240000000	Moreno Valley Unified	256	43
33671240000000	Moreno Valley Unified	362	144
33671240000000	Moreno Valley Unified	987	162
33671240000000	Moreno Valley Unified	178	38
33671240000000	Moreno Valley Unified	620	99
33671240000000	Moreno Valley Unified	128	17
33671240000000	Moreno Valley Unified	907	265
33671240000000	Moreno Valley Unified	178	61
33671240000000	Moreno Valley Unified	516	164
33671240000000	Moreno Valley Unified	128	26
33671240000000	Moreno Valley Unified	1533	367
33671240000000	Moreno Valley Unified	161	73
33671243330396	Canyon Springs High	493	79
33671243330396	Canyon Springs High	106	18
33671243330396	Canyon Springs High	234	41
33671243330396	Canyon Springs High	108	15
33671243330396	Canyon Springs High	64	18
33671243330396	Canyon Springs High	240	28
33671243330396	Canyon Springs High	126	14
33671243330396	Canyon Springs High	253	51
33671243330396	Canyon Springs High	50	13
33671243330396	Canyon Springs High	108	27
33671243330396	Canyon Springs High	363	62
33671243330396	Canyon Springs High	37	24
33671243330438	Valley View High	453	57
33671243330438	Valley View High	87	13
33671243330438	Valley View High	266	32
33671243330438	Valley View High	69	21
33671243330438	Valley View High	238	16
33671243330438	Valley View High	215	41
33671243330438	Valley View High	116	23
33671243330438	Valley View High	337	47
33671243330685	Moreno Valley Community Learning Center	1894	427
33671243330685	Moreno Valley Community Learning Center	356	99
33671243330685	Moreno Valley Community Learning Center	1136	263
33671243330685	Moreno Valley Community Learning Center	256	43
33671243330685	Moreno Valley Community Learning Center	362	144
33671243330685	Moreno Valley Community Learning Center	987	162
33671243330685	Moreno Valley Community Learning Center	178	38
33671243330685	Moreno Valley Community Learning Center	620	99
33671243330685	Moreno Valley Community Learning Center	128	17
33671243330685	Moreno Valley Community Learning Center	907	265
33671243330685	Moreno Valley Community Learning Center	178	61
33671243330685	Moreno Valley Community Learning Center	516	164
33671243330685	Moreno Valley Community Learning Center	128	26
33671243330685	Moreno Valley Community Learning Center	1533	367
33671243330685	Moreno Valley Community Learning Center	161	73
33671243330800	Bayside Community Day	1894	427
33671243330800	Bayside Community Day	356	99
33671243330800	Bayside Community Day	1136	263
33671243330800	Bayside Community Day	256	43
33671243330800	Bayside Community Day	362	144
33671243330800	Bayside Community Day	987	162
33671243330800	Bayside Community Day	178	38
33671243330800	Bayside Community Day	620	99
33671243330800	Bayside Community Day	128	17
33671243330800	Bayside Community Day	907	265
33671243330800	Bayside Community Day	178	61
33671243330800	Bayside Community Day	516	164
33671243330800	Bayside Community Day	128	26
33671243330800	Bayside Community Day	1533	367
33671243330800	Bayside Community Day	161	73
33671243331071	Vista del Lago High	394	92
33671243331071	Vista del Lago High	74	19
33671243331071	Vista del Lago High	239	61
33671243331071	Vista del Lago High	76	38
33671243331071	Vista del Lago High	224	30
33671243331071	Vista del Lago High	137	20
33671243331071	Vista del Lago High	170	62
33671243331071	Vista del Lago High	34	12
33671243331071	Vista del Lago High	102	41
33671243331071	Vista del Lago High	328	80
33671243331071	Vista del Lago High	44	16
33671243333762	March Mountain High	1894	427
33671243333762	March Mountain High	356	99
33671243333762	March Mountain High	1136	263
33671243333762	March Mountain High	256	43
33671243333762	March Mountain High	362	144
33671243333762	March Mountain High	987	162
33671243333762	March Mountain High	178	38
33671243333762	March Mountain High	620	99
33671243333762	March Mountain High	128	17
33671243333762	March Mountain High	907	265
33671243333762	March Mountain High	178	61
33671243333762	March Mountain High	516	164
33671243333762	March Mountain High	128	26
33671243333762	March Mountain High	1533	367
33671243333762	March Mountain High	161	73
33671243333770	Moreno Valley High	411	108
33671243333770	Moreno Valley High	56	26
33671243333770	Moreno Valley High	306	70
33671243333770	Moreno Valley High	109	41
33671243333770	Moreno Valley High	214	51
33671243333770	Moreno Valley High	23	14
33671243333770	Moreno Valley High	165	32
33671243333770	Moreno Valley High	197	57
33671243333770	Moreno Valley High	33	12
33671243333770	Moreno Valley High	141	38
33671243333770	Moreno Valley High	382	99
33671243333770	Moreno Valley High	30	12
33671730000000	Palm Springs Unified	1459	183
33671730000000	Palm Springs Unified	76	21
33671730000000	Palm Springs Unified	961	126
33671730000000	Palm Springs Unified	327	29
33671730000000	Palm Springs Unified	231	84
33671730000000	Palm Springs Unified	740	80
33671730000000	Palm Springs Unified	487	53
33671730000000	Palm Springs Unified	159	15
33671730000000	Palm Springs Unified	719	103
33671730000000	Palm Springs Unified	26	11
33671730000000	Palm Springs Unified	474	73
33671730000000	Palm Springs Unified	168	14
33671730000000	Palm Springs Unified	1213	175
33671730000000	Palm Springs Unified	89	21
33671733330578	Cathedral City High	538	22
33671733330578	Cathedral City High	417	18
33671733330578	Cathedral City High	96	17
33671733330578	Cathedral City High	257	12
33671733330578	Cathedral City High	455	22
33671733330818	Desert Hot Springs High	317	39
33671733330818	Desert Hot Springs High	236	29
33671733330818	Desert Hot Springs High	62	21
33671733330818	Desert Hot Springs High	171	20
33671733330818	Desert Hot Springs High	128	15
33671733330818	Desert Hot Springs High	146	19
33671733330818	Desert Hot Springs High	108	14
33671733330818	Desert Hot Springs High	297	39
33671733331121	Mt. San Jacinto High	1459	183
33671733331121	Mt. San Jacinto High	76	21
33671733331121	Mt. San Jacinto High	961	126
33671733331121	Mt. San Jacinto High	327	29
33671733331121	Mt. San Jacinto High	231	84
33671733331121	Mt. San Jacinto High	740	80
33671733331121	Mt. San Jacinto High	487	53
33671733331121	Mt. San Jacinto High	159	15
33671733331121	Mt. San Jacinto High	719	103
33671733331121	Mt. San Jacinto High	26	11
33671733331121	Mt. San Jacinto High	474	73
33671733331121	Mt. San Jacinto High	168	14
33671733331121	Mt. San Jacinto High	1213	175
33671733331121	Mt. San Jacinto High	89	21
33671733335130	Palm Springs High	466	16
33671733335130	Palm Springs High	210	11
33671733335130	Palm Springs High	38	11
33671733335130	Palm Springs High	329	16
33671810000000	Palo Verde Unified	179	57
33671810000000	Palo Verde Unified	14	12
33671810000000	Palo Verde Unified	107	26
33671810000000	Palo Verde Unified	53	18
33671810000000	Palo Verde Unified	11	11
33671810000000	Palo Verde Unified	101	27
33671810000000	Palo Verde Unified	24	11
33671810000000	Palo Verde Unified	78	30
33671810000000	Palo Verde Unified	43	16
33671810000000	Palo Verde Unified	126	47
33671813331139	Twin Palms Continuation	179	57
33671813331139	Twin Palms Continuation	14	12
33671813331139	Twin Palms Continuation	107	26
33671813331139	Twin Palms Continuation	53	18
33671813331139	Twin Palms Continuation	11	11
33671813331139	Twin Palms Continuation	101	27
33671813331139	Twin Palms Continuation	24	11
33671813331139	Twin Palms Continuation	78	30
33671813331139	Twin Palms Continuation	43	16
33671813331139	Twin Palms Continuation	126	47
33671813335759	Palo Verde High	156	30
33671813335759	Palo Verde High	89	12
33671813335759	Palo Verde High	50	11
33671813335759	Palo Verde High	87	19
33671813335759	Palo Verde High	69	11
33671813335759	Palo Verde High	105	22
33672070000000	Perris Union High	1841	258
33672070000000	Perris Union High	162	20
33672070000000	Perris Union High	1111	181
33672070000000	Perris Union High	445	48
33672070000000	Perris Union High	338	117
33672070000000	Perris Union High	929	105
33672070000000	Perris Union High	555	80
33672070000000	Perris Union High	224	15
33672070000000	Perris Union High	912	153
33672070000000	Perris Union High	78	12
33672070000000	Perris Union High	556	101
33672070000000	Perris Union High	221	33
33672070000000	Perris Union High	1423	204
33672070000000	Perris Union High	99	37
33672070113191	Heritage High	572	39
33672070113191	Heritage High	321	22
33672070113191	Heritage High	86	18
33672070113191	Heritage High	269	14
33672070113191	Heritage High	303	25
33672070113191	Heritage High	168	15
33672070113191	Heritage High	458	28
33672073330172	Perris Lake High (Continuation)	1841	258
33672073330172	Perris Lake High (Continuation)	162	20
33672073330172	Perris Lake High (Continuation)	1111	181
33672073330172	Perris Lake High (Continuation)	445	48
33672073330172	Perris Lake High (Continuation)	338	117
33672073330172	Perris Lake High (Continuation)	929	105
33672073330172	Perris Lake High (Continuation)	555	80
33672073330172	Perris Lake High (Continuation)	224	15
33672073330172	Perris Lake High (Continuation)	912	153
33672073330172	Perris Lake High (Continuation)	78	12
33672073330172	Perris Lake High (Continuation)	556	101
33672073330172	Perris Lake High (Continuation)	221	33
33672073330172	Perris Lake High (Continuation)	1423	204
33672073330172	Perris Lake High (Continuation)	99	37
33672073330727	Paloma Valley High	540	60
33672073330727	Paloma Valley High	232	28
33672073330727	Paloma Valley High	218	25
33672073330727	Paloma Valley High	60	18
33672073330727	Paloma Valley High	287	20
33672073330727	Paloma Valley High	253	40
33672073330727	Paloma Valley High	115	18
33672073330727	Paloma Valley High	103	17
33672073330727	Paloma Valley High	288	38
33672073330776	The Academy Community Day	1841	258
33672073330776	The Academy Community Day	162	20
33672073330776	The Academy Community Day	1111	181
33672073330776	The Academy Community Day	445	48
33672073330776	The Academy Community Day	338	117
33672073330776	The Academy Community Day	929	105
33672073330776	The Academy Community Day	555	80
33672073330776	The Academy Community Day	224	15
33672073330776	The Academy Community Day	912	153
33672073330776	The Academy Community Day	78	12
33672073330776	The Academy Community Day	556	101
33672073330776	The Academy Community Day	221	33
33672073330776	The Academy Community Day	1423	204
33672073330776	The Academy Community Day	99	37
33672073335973	Perris High	425	68
33672073335973	Perris High	349	59
33672073335973	Perris High	108	40
33672073335973	Perris High	226	32
33672073335973	Perris High	182	30
33672073335973	Perris High	199	36
33672073335973	Perris High	167	29
33672073335973	Perris High	412	60
33672073335973	Perris High	28	14
33672150000000	Riverside Unified	2912	373
33672150000000	Riverside Unified	282	35
33672150000000	Riverside Unified	1415	236
33672150000000	Riverside Unified	1003	93
33672150000000	Riverside Unified	312	109
33672150000000	Riverside Unified	1476	139
33672150000000	Riverside Unified	145	12
33672150000000	Riverside Unified	750	90
33672150000000	Riverside Unified	493	33
33672150000000	Riverside Unified	1436	234
33672150000000	Riverside Unified	137	23
33672150000000	Riverside Unified	665	146
33672150000000	Riverside Unified	510	60
33672150000000	Riverside Unified	2297	330
33672150000000	Riverside Unified	518	78
33672153330024	Arlington High	458	11
33672153330362	Summit View Independent Study	2912	373
33672153330362	Summit View Independent Study	282	35
33672153330362	Summit View Independent Study	1415	236
33672153330362	Summit View Independent Study	1003	93
33672153330362	Summit View Independent Study	312	109
33672153330362	Summit View Independent Study	1476	139
33672153330362	Summit View Independent Study	145	12
33672153330362	Summit View Independent Study	750	90
33672153330362	Summit View Independent Study	493	33
33672153330362	Summit View Independent Study	1436	234
33672153330362	Summit View Independent Study	137	23
33672153330362	Summit View Independent Study	665	146
33672153330362	Summit View Independent Study	510	60
33672153330362	Summit View Independent Study	2297	330
33672153330362	Summit View Independent Study	518	78
33672153330511	Opportunity Program	2912	373
33672153330511	Opportunity Program	282	35
33672153330511	Opportunity Program	1415	236
33672153330511	Opportunity Program	1003	93
33672153330511	Opportunity Program	312	109
33672153330511	Opportunity Program	1476	139
33672153330511	Opportunity Program	145	12
33672153330511	Opportunity Program	750	90
33672153330511	Opportunity Program	493	33
33672153330511	Opportunity Program	1436	234
33672153330511	Opportunity Program	137	23
33672153330511	Opportunity Program	665	146
33672153330511	Opportunity Program	510	60
33672153330511	Opportunity Program	2297	330
33672153330511	Opportunity Program	518	78
33672153330677	Raincross High (Continuation)	2912	373
33672153330677	Raincross High (Continuation)	282	35
33672153330677	Raincross High (Continuation)	1415	236
33672153330677	Raincross High (Continuation)	1003	93
33672153330677	Raincross High (Continuation)	312	109
33672153330677	Raincross High (Continuation)	1476	139
33672153330677	Raincross High (Continuation)	145	12
33672153330677	Raincross High (Continuation)	750	90
33672153330677	Raincross High (Continuation)	493	33
33672153330677	Raincross High (Continuation)	1436	234
33672153330677	Raincross High (Continuation)	137	23
33672153330677	Raincross High (Continuation)	665	146
33672153330677	Raincross High (Continuation)	510	60
33672153330677	Raincross High (Continuation)	2297	330
33672153330677	Raincross High (Continuation)	518	78
33672153334406	John W. North High	518	27
33672153334406	John W. North High	291	17
33672153334406	John W. North High	64	13
33672153334406	John W. North High	240	18
33672153334406	John W. North High	419	23
33672153336237	Polytechnic High	579	30
33672153336237	Polytechnic High	257	24
33672153336237	Polytechnic High	58	15
33672153336237	Polytechnic High	282	22
33672153336237	Polytechnic High	121	18
33672153336237	Polytechnic High	425	26
33672153336492	Ramona High	442	59
33672153336492	Ramona High	282	42
33672153336492	Ramona High	108	14
33672153336492	Ramona High	70	25
33672153336492	Ramona High	224	23
33672153336492	Ramona High	147	18
33672153336492	Ramona High	218	36
33672153336492	Ramona High	135	24
33672153336492	Ramona High	395	58
33672153336492	Ramona High	44	15
33672153336955	Abraham Lincoln Continuation	2912	373
33672153336955	Abraham Lincoln Continuation	282	35
33672153336955	Abraham Lincoln Continuation	1415	236
33672153336955	Abraham Lincoln Continuation	1003	93
33672153336955	Abraham Lincoln Continuation	312	109
33672153336955	Abraham Lincoln Continuation	1476	139
33672153336955	Abraham Lincoln Continuation	145	12
33672153336955	Abraham Lincoln Continuation	750	90
33672153336955	Abraham Lincoln Continuation	493	33
33672153336955	Abraham Lincoln Continuation	1436	234
33672153336955	Abraham Lincoln Continuation	137	23
33672153336955	Abraham Lincoln Continuation	665	146
33672153336955	Abraham Lincoln Continuation	510	60
33672153336955	Abraham Lincoln Continuation	2297	330
33672153336955	Abraham Lincoln Continuation	518	78
33672490000000	San Jacinto Unified	530	55
33672490000000	San Jacinto Unified	353	38
33672490000000	San Jacinto Unified	110	13
33672490000000	San Jacinto Unified	282	21
33672490000000	San Jacinto Unified	191	17
33672490000000	San Jacinto Unified	248	34
33672490000000	San Jacinto Unified	162	21
33672490000000	San Jacinto Unified	432	49
33672493331006	Mountain Heights Academy	62	35
33672493331006	Mountain Heights Academy	37	25
33672493331006	Mountain Heights Academy	35	14
33672493331006	Mountain Heights Academy	23	11
33672493331006	Mountain Heights Academy	27	21
33672493331006	Mountain Heights Academy	14	14
33672493331006	Mountain Heights Academy	50	30
33672493337649	Mountain View High	530	55
33672493337649	Mountain View High	353	38
33672493337649	Mountain View High	110	13
33672493337649	Mountain View High	282	21
33672493337649	Mountain View High	191	17
33672493337649	Mountain View High	248	34
33672493337649	Mountain View High	162	21
33672493337649	Mountain View High	432	49
33672493337656	San Jacinto High	411	13
33672493337656	San Jacinto High	332	12
33736760000000	Coachella Valley Unified	1001	252
33736760000000	Coachella Valley Unified	976	235
33736760000000	Coachella Valley Unified	441	183
33736760000000	Coachella Valley Unified	510	123
33736760000000	Coachella Valley Unified	496	115
33736760000000	Coachella Valley Unified	491	129
33736760000000	Coachella Valley Unified	480	120
33736760000000	Coachella Valley Unified	242	67
33736760000000	Coachella Valley Unified	979	242
33736760000000	Coachella Valley Unified	64	21
33736760100255	Desert Mirage High	388	86
33736760100255	Desert Mirage High	381	82
33736760100255	Desert Mirage High	187	72
33736760100255	Desert Mirage High	191	46
33736760100255	Desert Mirage High	187	43
33736760100255	Desert Mirage High	197	40
33736760100255	Desert Mirage High	194	39
33736760100255	Desert Mirage High	145	39
33736760100255	Desert Mirage High	385	83
33736763330032	La Familia Continuation High	1001	252
33736763330032	La Familia Continuation High	976	235
33736763330032	La Familia Continuation High	441	183
33736763330032	La Familia Continuation High	510	123
33736763330032	La Familia Continuation High	496	115
33736763330032	La Familia Continuation High	491	129
33736763330032	La Familia Continuation High	480	120
33736763330032	La Familia Continuation High	242	67
33736763330032	La Familia Continuation High	979	242
33736763330032	La Familia Continuation High	64	21
33736763330354	West Shores High	45	11
33736763330990	Coachella Valley High	553	107
33736763330990	Coachella Valley High	541	102
33736763330990	Coachella Valley High	220	66
33736763330990	Coachella Valley High	284	58
33736763330990	Coachella Valley High	278	54
33736763330990	Coachella Valley High	269	49
33736763330990	Coachella Valley High	263	48
33736763330990	Coachella Valley High	79	14
33736763330990	Coachella Valley High	535	102
33736763330990	Coachella Valley High	28	14
33751760000000	Lake Elsinore Unified	1475	79
33751760000000	Lake Elsinore Unified	709	43
33751760000000	Lake Elsinore Unified	592	29
33751760000000	Lake Elsinore Unified	140	21
33751760000000	Lake Elsinore Unified	759	41
33751760000000	Lake Elsinore Unified	369	23
33751760000000	Lake Elsinore Unified	292	14
33751760000000	Lake Elsinore Unified	716	38
33751760000000	Lake Elsinore Unified	340	20
33751760000000	Lake Elsinore Unified	300	15
33751760000000	Lake Elsinore Unified	894	62
33751760000000	Lake Elsinore Unified	174	17
33751760107920	Lakeside High	435	19
33751760107920	Lakeside High	266	14
33751760107920	Lakeside High	226	11
33751760107920	Lakeside High	322	16
33751760124859	Southern California Online Academy	14	14
33751763330115	Ortega High	1475	79
33751763330115	Ortega High	709	43
33751763330115	Ortega High	592	29
33751763330115	Ortega High	140	21
33751763330115	Ortega High	759	41
33751763330115	Ortega High	369	23
33751763330115	Ortega High	292	14
33751763330115	Ortega High	716	38
33751763330115	Ortega High	340	20
33751763330115	Ortega High	300	15
33751763330115	Ortega High	894	62
33751763330115	Ortega High	174	17
33751763332350	Elsinore High	487	17
33751763332350	Elsinore High	278	13
33751920000000	Temecula Valley Unified	2181	77
33751920000000	Temecula Valley Unified	600	30
33751920000000	Temecula Valley Unified	1104	32
33751920000000	Temecula Valley Unified	105	14
33751920000000	Temecula Valley Unified	1116	25
33751920000000	Temecula Valley Unified	561	11
33751920000000	Temecula Valley Unified	1065	52
33751920000000	Temecula Valley Unified	285	21
33751920000000	Temecula Valley Unified	543	21
33751920000000	Temecula Valley Unified	497	39
33751920000000	Temecula Valley Unified	201	16
33751923330370	Temecula Valley High	600	18
33751923330370	Temecula Valley High	310	11
33751923330495	Rancho Vista High	2181	77
33751923330495	Rancho Vista High	600	30
33751923330495	Rancho Vista High	1104	32
33751923330495	Rancho Vista High	105	14
33751923330495	Rancho Vista High	1116	25
33751923330495	Rancho Vista High	561	11
33751923330495	Rancho Vista High	1065	52
33751923330495	Rancho Vista High	285	21
33751923330495	Rancho Vista High	543	21
33751923330495	Rancho Vista High	497	39
33751923330495	Rancho Vista High	201	16
33751923330636	Susan H. Nelson	68	13
33752000000000	Murrieta Valley Unified	1752	104
33752000000000	Murrieta Valley Unified	94	13
33752000000000	Murrieta Valley Unified	527	42
33752000000000	Murrieta Valley Unified	872	38
33752000000000	Murrieta Valley Unified	62	14
33752000000000	Murrieta Valley Unified	888	40
33752000000000	Murrieta Valley Unified	266	18
33752000000000	Murrieta Valley Unified	444	12
33752000000000	Murrieta Valley Unified	864	64
33752000000000	Murrieta Valley Unified	261	24
33752000000000	Murrieta Valley Unified	428	26
33752000000000	Murrieta Valley Unified	505	43
33752000000000	Murrieta Valley Unified	148	14
33752000100420	Vista Murrieta High	754	17
33752003330529	Murrieta Valley High	565	21
33752003330529	Murrieta Valley High	300	11
33752003330644	Creekside High	1752	104
33752003330644	Creekside High	94	13
33752003330644	Creekside High	527	42
33752003330644	Creekside High	872	38
33752003330644	Creekside High	62	14
33752003330644	Creekside High	888	40
33752003330644	Creekside High	266	18
33752003330644	Creekside High	444	12
33752003330644	Creekside High	864	64
33752003330644	Creekside High	261	24
33752003330644	Creekside High	428	26
33752003330644	Creekside High	505	43
33752003330644	Creekside High	148	14
33752420000000	Val Verde Unified	1401	119
33752420000000	Val Verde Unified	228	26
33752420000000	Val Verde Unified	1009	78
33752420000000	Val Verde Unified	1132	82
33752420000000	Val Verde Unified	682	55
33752420000000	Val Verde Unified	108	13
33752420000000	Val Verde Unified	496	34
33752420000000	Val Verde Unified	719	64
33752420000000	Val Verde Unified	120	13
33752420000000	Val Verde Unified	513	44
33752420000000	Val Verde Unified	1224	106
33752420000000	Val Verde Unified	115	20
33752420109108	Citrus Hill High	458	22
33752420109108	Citrus Hill High	349	18
33752420109108	Citrus Hill High	373	22
33752420109108	Citrus Hill High	230	12
33752420109108	Citrus Hill High	403	20
33752423330552	Rancho Verde High	678	34
33752423330552	Rancho Verde High	466	22
33752423330552	Rancho Verde High	563	31
33752423330552	Rancho Verde High	352	17
33752423330552	Rancho Verde High	241	11
33752423330552	Rancho Verde High	326	17
33752423330552	Rancho Verde High	225	11
33752423330552	Rancho Verde High	573	27
33752423330560	Val Verde High	1401	119
33752423330560	Val Verde High	228	26
33752423330560	Val Verde High	1009	78
33752423330560	Val Verde High	1132	82
33752423330560	Val Verde High	682	55
33752423330560	Val Verde High	108	13
33752423330560	Val Verde High	496	34
33752423330560	Val Verde High	719	64
33752423330560	Val Verde High	120	13
33752423330560	Val Verde High	513	44
33752423330560	Val Verde High	1224	106
33752423330560	Val Verde High	115	20
34000000000000	Sacramento	2328	178
34000000000000	Sacramento	14644	2591
34000000000000	Sacramento	1871	610
34000000000000	Sacramento	29	21
34000000000000	Sacramento	443	18
34000000000000	Sacramento	3405	824
34000000000000	Sacramento	99	53
34000000000000	Sacramento	204	44
34000000000000	Sacramento	481	81
34000000000000	Sacramento	5784	762
34000000000000	Sacramento	2106	562
34000000000000	Sacramento	1144	83
34000000000000	Sacramento	7608	1007
34000000000000	Sacramento	1012	244
34000000000000	Sacramento	1792	312
34000000000000	Sacramento	58	18
34000000000000	Sacramento	115	21
34000000000000	Sacramento	269	27
34000000000000	Sacramento	2982	289
34000000000000	Sacramento	1184	95
34000000000000	Sacramento	7036	1584
34000000000000	Sacramento	859	366
34000000000000	Sacramento	13	14
34000000000000	Sacramento	223	12
34000000000000	Sacramento	1613	512
34000000000000	Sacramento	41	35
34000000000000	Sacramento	89	23
34000000000000	Sacramento	212	54
34000000000000	Sacramento	2802	473
34000000000000	Sacramento	74	12
34000000000000	Sacramento	8888	2072
34000000000000	Sacramento	1457	492
34103480000000	Sacramento County Office of Education	2328	178
34103480000000	Sacramento County Office of Education	14644	2591
34103480000000	Sacramento County Office of Education	1871	610
34103480000000	Sacramento County Office of Education	29	21
34103480000000	Sacramento County Office of Education	443	18
34103480000000	Sacramento County Office of Education	3405	824
34103480000000	Sacramento County Office of Education	99	53
34103480000000	Sacramento County Office of Education	204	44
34103480000000	Sacramento County Office of Education	481	81
34103480000000	Sacramento County Office of Education	5784	762
34103480000000	Sacramento County Office of Education	2106	562
34103480000000	Sacramento County Office of Education	1144	83
34103480000000	Sacramento County Office of Education	7608	1007
34103480000000	Sacramento County Office of Education	1012	244
34103480000000	Sacramento County Office of Education	1792	312
34103480000000	Sacramento County Office of Education	58	18
34103480000000	Sacramento County Office of Education	115	21
34103480000000	Sacramento County Office of Education	269	27
34103480000000	Sacramento County Office of Education	2982	289
34103480000000	Sacramento County Office of Education	1184	95
34103480000000	Sacramento County Office of Education	7036	1584
34103480000000	Sacramento County Office of Education	859	366
34103480000000	Sacramento County Office of Education	13	14
34103480000000	Sacramento County Office of Education	223	12
34103480000000	Sacramento County Office of Education	1613	512
34103480000000	Sacramento County Office of Education	41	35
34103480000000	Sacramento County Office of Education	89	23
34103480000000	Sacramento County Office of Education	212	54
34103480000000	Sacramento County Office of Education	2802	473
34103480000000	Sacramento County Office of Education	74	12
34103480000000	Sacramento County Office of Education	8888	2072
34103480000000	Sacramento County Office of Education	1457	492
34103480106229	Palmiter Special Education	2328	178
34103480106229	Palmiter Special Education	14644	2591
34103480106229	Palmiter Special Education	1871	610
34103480106229	Palmiter Special Education	29	21
34103480106229	Palmiter Special Education	443	18
34103480106229	Palmiter Special Education	3405	824
34103480106229	Palmiter Special Education	99	53
34103480106229	Palmiter Special Education	204	44
34103480106229	Palmiter Special Education	481	81
34103480106229	Palmiter Special Education	5784	762
34103480106229	Palmiter Special Education	2106	562
34103480106229	Palmiter Special Education	1144	83
34103480106229	Palmiter Special Education	7608	1007
34103480106229	Palmiter Special Education	1012	244
34103480106229	Palmiter Special Education	1792	312
34103480106229	Palmiter Special Education	58	18
34103480106229	Palmiter Special Education	115	21
34103480106229	Palmiter Special Education	269	27
34103480106229	Palmiter Special Education	2982	289
34103480106229	Palmiter Special Education	1184	95
34103480106229	Palmiter Special Education	7036	1584
34103480106229	Palmiter Special Education	859	366
34103480106229	Palmiter Special Education	13	14
34103480106229	Palmiter Special Education	223	12
34103480106229	Palmiter Special Education	1613	512
34103480106229	Palmiter Special Education	41	35
34103480106229	Palmiter Special Education	89	23
34103480106229	Palmiter Special Education	212	54
34103480106229	Palmiter Special Education	2802	473
34103480106229	Palmiter Special Education	74	12
34103480106229	Palmiter Special Education	8888	2072
34103480106229	Palmiter Special Education	1457	492
34103480106237	Elinor Lincoln Hickey Jr./Sr. High	2328	178
34103480106237	Elinor Lincoln Hickey Jr./Sr. High	14644	2591
34103480106237	Elinor Lincoln Hickey Jr./Sr. High	1871	610
34103480106237	Elinor Lincoln Hickey Jr./Sr. High	29	21
34103480106237	Elinor Lincoln Hickey Jr./Sr. High	443	18
34103480106237	Elinor Lincoln Hickey Jr./Sr. High	3405	824
34103480106237	Elinor Lincoln Hickey Jr./Sr. High	99	53
34103480106237	Elinor Lincoln Hickey Jr./Sr. High	204	44
34103480106237	Elinor Lincoln Hickey Jr./Sr. High	481	81
34103480106237	Elinor Lincoln Hickey Jr./Sr. High	5784	762
34103480106237	Elinor Lincoln Hickey Jr./Sr. High	2106	562
34103480106237	Elinor Lincoln Hickey Jr./Sr. High	1144	83
34103480106237	Elinor Lincoln Hickey Jr./Sr. High	7608	1007
34103480106237	Elinor Lincoln Hickey Jr./Sr. High	1012	244
34103480106237	Elinor Lincoln Hickey Jr./Sr. High	1792	312
34103480106237	Elinor Lincoln Hickey Jr./Sr. High	58	18
34103480106237	Elinor Lincoln Hickey Jr./Sr. High	115	21
34103480106237	Elinor Lincoln Hickey Jr./Sr. High	269	27
34103480106237	Elinor Lincoln Hickey Jr./Sr. High	2982	289
34103480106237	Elinor Lincoln Hickey Jr./Sr. High	1184	95
34103480106237	Elinor Lincoln Hickey Jr./Sr. High	7036	1584
34103480106237	Elinor Lincoln Hickey Jr./Sr. High	859	366
34103480106237	Elinor Lincoln Hickey Jr./Sr. High	13	14
34103480106237	Elinor Lincoln Hickey Jr./Sr. High	223	12
34103480106237	Elinor Lincoln Hickey Jr./Sr. High	1613	512
34103480106237	Elinor Lincoln Hickey Jr./Sr. High	41	35
34103480106237	Elinor Lincoln Hickey Jr./Sr. High	89	23
34103480106237	Elinor Lincoln Hickey Jr./Sr. High	212	54
34103480106237	Elinor Lincoln Hickey Jr./Sr. High	2802	473
34103480106237	Elinor Lincoln Hickey Jr./Sr. High	74	12
34103480106237	Elinor Lincoln Hickey Jr./Sr. High	8888	2072
34103480106237	Elinor Lincoln Hickey Jr./Sr. High	1457	492
34103480106245	North Area Community	2328	178
34103480106245	North Area Community	14644	2591
34103480106245	North Area Community	1871	610
34103480106245	North Area Community	29	21
34103480106245	North Area Community	443	18
34103480106245	North Area Community	3405	824
34103480106245	North Area Community	99	53
34103480106245	North Area Community	204	44
34103480106245	North Area Community	481	81
34103480106245	North Area Community	5784	762
34103480106245	North Area Community	2106	562
34103480106245	North Area Community	1144	83
34103480106245	North Area Community	7608	1007
34103480106245	North Area Community	1012	244
34103480106245	North Area Community	1792	312
34103480106245	North Area Community	58	18
34103480106245	North Area Community	115	21
34103480106245	North Area Community	269	27
34103480106245	North Area Community	2982	289
34103480106245	North Area Community	1184	95
34103480106245	North Area Community	7036	1584
34103480106245	North Area Community	859	366
34103480106245	North Area Community	13	14
34103480106245	North Area Community	223	12
34103480106245	North Area Community	1613	512
34103480106245	North Area Community	41	35
34103480106245	North Area Community	89	23
34103480106245	North Area Community	212	54
34103480106245	North Area Community	2802	473
34103480106245	North Area Community	74	12
34103480106245	North Area Community	8888	2072
34103480106245	North Area Community	1457	492
34103480106278	El Centro Jr./Sr. High	2328	178
34103480106278	El Centro Jr./Sr. High	14644	2591
34103480106278	El Centro Jr./Sr. High	1871	610
34103480106278	El Centro Jr./Sr. High	29	21
34103480106278	El Centro Jr./Sr. High	443	18
34103480106278	El Centro Jr./Sr. High	3405	824
34103480106278	El Centro Jr./Sr. High	99	53
34103480106278	El Centro Jr./Sr. High	204	44
34103480106278	El Centro Jr./Sr. High	481	81
34103480106278	El Centro Jr./Sr. High	5784	762
34103480106278	El Centro Jr./Sr. High	2106	562
34103480106278	El Centro Jr./Sr. High	1144	83
34103480106278	El Centro Jr./Sr. High	7608	1007
34103480106278	El Centro Jr./Sr. High	1012	244
34103480106278	El Centro Jr./Sr. High	1792	312
34103480106278	El Centro Jr./Sr. High	58	18
34103480106278	El Centro Jr./Sr. High	115	21
34103480106278	El Centro Jr./Sr. High	269	27
34103480106278	El Centro Jr./Sr. High	2982	289
34103480106278	El Centro Jr./Sr. High	1184	95
34103480106278	El Centro Jr./Sr. High	7036	1584
34103480106278	El Centro Jr./Sr. High	859	366
34103480106278	El Centro Jr./Sr. High	13	14
34103480106278	El Centro Jr./Sr. High	223	12
34103480106278	El Centro Jr./Sr. High	1613	512
34103480106278	El Centro Jr./Sr. High	41	35
34103480106278	El Centro Jr./Sr. High	89	23
34103480106278	El Centro Jr./Sr. High	212	54
34103480106278	El Centro Jr./Sr. High	2802	473
34103480106278	El Centro Jr./Sr. High	74	12
34103480106278	El Centro Jr./Sr. High	8888	2072
34103480106278	El Centro Jr./Sr. High	1457	492
34103480106286	Morgan Jr./Sr. High	2328	178
34103480106286	Morgan Jr./Sr. High	14644	2591
34103480106286	Morgan Jr./Sr. High	1871	610
34103480106286	Morgan Jr./Sr. High	29	21
34103480106286	Morgan Jr./Sr. High	443	18
34103480106286	Morgan Jr./Sr. High	3405	824
34103480106286	Morgan Jr./Sr. High	99	53
34103480106286	Morgan Jr./Sr. High	204	44
34103480106286	Morgan Jr./Sr. High	481	81
34103480106286	Morgan Jr./Sr. High	5784	762
34103480106286	Morgan Jr./Sr. High	2106	562
34103480106286	Morgan Jr./Sr. High	1144	83
34103480106286	Morgan Jr./Sr. High	7608	1007
34103480106286	Morgan Jr./Sr. High	1012	244
34103480106286	Morgan Jr./Sr. High	1792	312
34103480106286	Morgan Jr./Sr. High	58	18
34103480106286	Morgan Jr./Sr. High	115	21
34103480106286	Morgan Jr./Sr. High	269	27
34103480106286	Morgan Jr./Sr. High	2982	289
34103480106286	Morgan Jr./Sr. High	1184	95
34103480106286	Morgan Jr./Sr. High	7036	1584
34103480106286	Morgan Jr./Sr. High	859	366
34103480106286	Morgan Jr./Sr. High	13	14
34103480106286	Morgan Jr./Sr. High	223	12
34103480106286	Morgan Jr./Sr. High	1613	512
34103480106286	Morgan Jr./Sr. High	41	35
34103480106286	Morgan Jr./Sr. High	89	23
34103480106286	Morgan Jr./Sr. High	212	54
34103480106286	Morgan Jr./Sr. High	2802	473
34103480106286	Morgan Jr./Sr. High	74	12
34103480106286	Morgan Jr./Sr. High	8888	2072
34103480106286	Morgan Jr./Sr. High	1457	492
34103480106294	Sacramento County SH Special Education	2328	178
34103480106294	Sacramento County SH Special Education	14644	2591
34103480106294	Sacramento County SH Special Education	1871	610
34103480106294	Sacramento County SH Special Education	29	21
34103480106294	Sacramento County SH Special Education	443	18
34103480106294	Sacramento County SH Special Education	3405	824
34103480106294	Sacramento County SH Special Education	99	53
34103480106294	Sacramento County SH Special Education	204	44
34103480106294	Sacramento County SH Special Education	481	81
34103480106294	Sacramento County SH Special Education	5784	762
34103480106294	Sacramento County SH Special Education	2106	562
34103480106294	Sacramento County SH Special Education	1144	83
34103480106294	Sacramento County SH Special Education	7608	1007
34103480106294	Sacramento County SH Special Education	1012	244
34103480106294	Sacramento County SH Special Education	1792	312
34103480106294	Sacramento County SH Special Education	58	18
34103480106294	Sacramento County SH Special Education	115	21
34103480106294	Sacramento County SH Special Education	269	27
34103480106294	Sacramento County SH Special Education	2982	289
34103480106294	Sacramento County SH Special Education	1184	95
34103480106294	Sacramento County SH Special Education	7036	1584
34103480106294	Sacramento County SH Special Education	859	366
34103480106294	Sacramento County SH Special Education	13	14
34103480106294	Sacramento County SH Special Education	223	12
34103480106294	Sacramento County SH Special Education	1613	512
34103480106294	Sacramento County SH Special Education	41	35
34103480106294	Sacramento County SH Special Education	89	23
34103480106294	Sacramento County SH Special Education	212	54
34103480106294	Sacramento County SH Special Education	2802	473
34103480106294	Sacramento County SH Special Education	74	12
34103480106294	Sacramento County SH Special Education	8888	2072
34103480106294	Sacramento County SH Special Education	1457	492
34103480118745	Gerber Jr./Sr. High	2328	178
34103480118745	Gerber Jr./Sr. High	14644	2591
34103480118745	Gerber Jr./Sr. High	1871	610
34103480118745	Gerber Jr./Sr. High	29	21
34103480118745	Gerber Jr./Sr. High	443	18
34103480118745	Gerber Jr./Sr. High	3405	824
34103480118745	Gerber Jr./Sr. High	99	53
34103480118745	Gerber Jr./Sr. High	204	44
34103480118745	Gerber Jr./Sr. High	481	81
34103480118745	Gerber Jr./Sr. High	5784	762
34103480118745	Gerber Jr./Sr. High	2106	562
34103480118745	Gerber Jr./Sr. High	1144	83
34103480118745	Gerber Jr./Sr. High	7608	1007
34103480118745	Gerber Jr./Sr. High	1012	244
34103480118745	Gerber Jr./Sr. High	1792	312
34103480118745	Gerber Jr./Sr. High	58	18
34103480118745	Gerber Jr./Sr. High	115	21
34103480118745	Gerber Jr./Sr. High	269	27
34103480118745	Gerber Jr./Sr. High	2982	289
34103480118745	Gerber Jr./Sr. High	1184	95
34103480118745	Gerber Jr./Sr. High	7036	1584
34103480118745	Gerber Jr./Sr. High	859	366
34103480118745	Gerber Jr./Sr. High	13	14
34103480118745	Gerber Jr./Sr. High	223	12
34103480118745	Gerber Jr./Sr. High	1613	512
34103480118745	Gerber Jr./Sr. High	41	35
34103480118745	Gerber Jr./Sr. High	89	23
34103480118745	Gerber Jr./Sr. High	212	54
34103480118745	Gerber Jr./Sr. High	2802	473
34103480118745	Gerber Jr./Sr. High	74	12
34103480118745	Gerber Jr./Sr. High	8888	2072
34103480118745	Gerber Jr./Sr. High	1457	492
34673140000000	Elk Grove Unified	932	41
34673140000000	Elk Grove Unified	4046	313
34673140000000	Elk Grove Unified	668	104
34673140000000	Elk Grove Unified	883	71
34673140000000	Elk Grove Unified	1096	69
34673140000000	Elk Grove Unified	530	74
34673140000000	Elk Grove Unified	464	20
34673140000000	Elk Grove Unified	2095	102
34673140000000	Elk Grove Unified	356	37
34673140000000	Elk Grove Unified	465	22
34673140000000	Elk Grove Unified	556	18
34673140000000	Elk Grove Unified	468	21
34673140000000	Elk Grove Unified	1951	211
34673140000000	Elk Grove Unified	312	67
34673140000000	Elk Grove Unified	418	49
34673140000000	Elk Grove Unified	540	51
34673140000000	Elk Grove Unified	2394	231
34673140000000	Elk Grove Unified	343	54
34673140105916	Monterey Trail High	464	13
34673140108753	Pleasant Grove High	474	13
34673143430170	Valley High	305	31
34673143430170	Valley High	69	12
34673143430170	Valley High	101	14
34673143430170	Valley High	135	23
34673143430170	Valley High	283	29
34673143430170	Valley High	21	11
34673143430311	Calvine High	932	41
34673143430311	Calvine High	4046	313
34673143430311	Calvine High	668	104
34673143430311	Calvine High	883	71
34673143430311	Calvine High	1096	69
34673143430311	Calvine High	530	74
34673143430311	Calvine High	464	20
34673143430311	Calvine High	2095	102
34673143430311	Calvine High	356	37
34673143430311	Calvine High	465	22
34673143430311	Calvine High	556	18
34673143430311	Calvine High	468	21
34673143430311	Calvine High	1951	211
34673143430311	Calvine High	312	67
34673143430311	Calvine High	418	49
34673143430311	Calvine High	540	51
34673143430311	Calvine High	2394	231
34673143430311	Calvine High	343	54
34673143430329	Rio Cazadero High (Continuation)	932	41
34673143430329	Rio Cazadero High (Continuation)	4046	313
34673143430329	Rio Cazadero High (Continuation)	668	104
34673143430329	Rio Cazadero High (Continuation)	883	71
34673143430329	Rio Cazadero High (Continuation)	1096	69
34673143430329	Rio Cazadero High (Continuation)	530	74
34673143430329	Rio Cazadero High (Continuation)	464	20
34673143430329	Rio Cazadero High (Continuation)	2095	102
34673143430329	Rio Cazadero High (Continuation)	356	37
34673143430329	Rio Cazadero High (Continuation)	465	22
34673143430329	Rio Cazadero High (Continuation)	556	18
34673143430329	Rio Cazadero High (Continuation)	468	21
34673143430329	Rio Cazadero High (Continuation)	1951	211
34673143430329	Rio Cazadero High (Continuation)	312	67
34673143430329	Rio Cazadero High (Continuation)	418	49
34673143430329	Rio Cazadero High (Continuation)	540	51
34673143430329	Rio Cazadero High (Continuation)	2394	231
34673143430329	Rio Cazadero High (Continuation)	343	54
34673143430352	Las Flores High (Alternative)	50	44
34673143430352	Las Flores High (Alternative)	15	20
34673143430352	Las Flores High (Alternative)	30	20
34673143430352	Las Flores High (Alternative)	20	24
34673143430352	Las Flores High (Alternative)	35	31
34673143430477	Florin High	294	22
34673143430477	Florin High	95	13
34673143430477	Florin High	150	13
34673143430477	Florin High	275	20
34673143430592	Laguna Creek High	348	13
34673143430618	Sheldon High	482	32
34673143430618	Sheldon High	272	11
34673143430618	Sheldon High	210	21
34673143430618	Sheldon High	325	19
34673143430873	Franklin High	596	13
34673143432002	Daylor (William) High (Continuation)	932	41
34673143432002	Daylor (William) High (Continuation)	4046	313
34673143432002	Daylor (William) High (Continuation)	668	104
34673143432002	Daylor (William) High (Continuation)	883	71
34673143432002	Daylor (William) High (Continuation)	1096	69
34673143432002	Daylor (William) High (Continuation)	530	74
34673143432002	Daylor (William) High (Continuation)	464	20
34673143432002	Daylor (William) High (Continuation)	2095	102
34673143432002	Daylor (William) High (Continuation)	356	37
34673143432002	Daylor (William) High (Continuation)	465	22
34673143432002	Daylor (William) High (Continuation)	556	18
34673143432002	Daylor (William) High (Continuation)	468	21
34673143432002	Daylor (William) High (Continuation)	1951	211
34673143432002	Daylor (William) High (Continuation)	312	67
34673143432002	Daylor (William) High (Continuation)	418	49
34673143432002	Daylor (William) High (Continuation)	540	51
34673143432002	Daylor (William) High (Continuation)	2394	231
34673143432002	Daylor (William) High (Continuation)	343	54
34673143432572	Elk Grove High	372	12
34673146112254	Elk Grove Charter	106	20
34673146112254	Elk Grove Charter	55	15
34673146112254	Elk Grove Charter	58	12
34673300000000	Folsom-Cordova Unified	1241	63
34673300000000	Folsom-Cordova Unified	187	14
34673300000000	Folsom-Cordova Unified	761	32
34673300000000	Folsom-Cordova Unified	90	12
34673300000000	Folsom-Cordova Unified	654	18
34673300000000	Folsom-Cordova Unified	404	11
34673300000000	Folsom-Cordova Unified	587	45
34673300000000	Folsom-Cordova Unified	95	12
34673300000000	Folsom-Cordova Unified	357	21
34673300000000	Folsom-Cordova Unified	409	45
34673300000000	Folsom-Cordova Unified	154	15
34673303430501	Walnutwood High (Independent Study)	1241	63
34673303430501	Walnutwood High (Independent Study)	187	14
34673303430501	Walnutwood High (Independent Study)	761	32
34673303430501	Walnutwood High (Independent Study)	90	12
34673303430501	Walnutwood High (Independent Study)	654	18
34673303430501	Walnutwood High (Independent Study)	404	11
34673303430501	Walnutwood High (Independent Study)	587	45
34673303430501	Walnutwood High (Independent Study)	95	12
34673303430501	Walnutwood High (Independent Study)	357	21
34673303430501	Walnutwood High (Independent Study)	409	45
34673303430501	Walnutwood High (Independent Study)	154	15
34673303430667	Mather Youth Academy	1241	63
34673303430667	Mather Youth Academy	187	14
34673303430667	Mather Youth Academy	761	32
34673303430667	Mather Youth Academy	90	12
34673303430667	Mather Youth Academy	654	18
34673303430667	Mather Youth Academy	404	11
34673303430667	Mather Youth Academy	587	45
34673303430667	Mather Youth Academy	95	12
34673303430667	Mather Youth Academy	357	21
34673303430667	Mather Youth Academy	409	45
34673303430667	Mather Youth Academy	154	15
34673303430709	Folsom Lake High	1241	63
34673303430709	Folsom Lake High	187	14
34673303430709	Folsom Lake High	761	32
34673303430709	Folsom Lake High	90	12
34673303430709	Folsom Lake High	654	18
34673303430709	Folsom Lake High	404	11
34673303430709	Folsom Lake High	587	45
34673303430709	Folsom Lake High	95	12
34673303430709	Folsom Lake High	357	21
34673303430709	Folsom Lake High	409	45
34673303430709	Folsom Lake High	154	15
34673303431533	Cordova High	370	15
34673303431533	Cordova High	185	12
34673303431533	Cordova High	271	11
34673303434792	Kinney High (Continuation)	1241	63
34673303434792	Kinney High (Continuation)	187	14
34673303434792	Kinney High (Continuation)	761	32
34673303434792	Kinney High (Continuation)	90	12
34673303434792	Kinney High (Continuation)	654	18
34673303434792	Kinney High (Continuation)	404	11
34673303434792	Kinney High (Continuation)	587	45
34673303434792	Kinney High (Continuation)	95	12
34673303434792	Kinney High (Continuation)	357	21
34673303434792	Kinney High (Continuation)	409	45
34673303434792	Kinney High (Continuation)	154	15
34673550000000	Galt Joint Union High	433	61
34673550000000	Galt Joint Union High	203	30
34673550000000	Galt Joint Union High	195	27
34673550000000	Galt Joint Union High	62	22
34673550000000	Galt Joint Union High	223	22
34673550000000	Galt Joint Union High	99	12
34673550000000	Galt Joint Union High	210	39
34673550000000	Galt Joint Union High	100	21
34673550000000	Galt Joint Union High	96	15
34673550000000	Galt Joint Union High	253	44
34673553432903	Estrellita Continuation High	433	61
34673553432903	Estrellita Continuation High	203	30
34673553432903	Estrellita Continuation High	195	27
34673553432903	Estrellita Continuation High	62	22
34673553432903	Estrellita Continuation High	223	22
34673553432903	Estrellita Continuation High	99	12
34673553432903	Estrellita Continuation High	210	39
34673553432903	Estrellita Continuation High	100	21
34673553432903	Estrellita Continuation High	96	15
34673553432903	Estrellita Continuation High	253	44
34673553433471	Galt High	192	26
34673553433471	Galt High	96	13
34673553433471	Galt High	82	12
34673553433471	Galt High	104	12
34673553433471	Galt High	88	14
34673553433471	Galt High	118	18
34674390000000	Sacramento City Unified	652	47
34674390000000	Sacramento City Unified	2423	350
34674390000000	Sacramento City Unified	299	68
34674390000000	Sacramento City Unified	720	133
34674390000000	Sacramento City Unified	230	14
34674390000000	Sacramento City Unified	440	70
34674390000000	Sacramento City Unified	557	110
34674390000000	Sacramento City Unified	308	19
34674390000000	Sacramento City Unified	1246	140
34674390000000	Sacramento City Unified	163	32
34674390000000	Sacramento City Unified	397	46
34674390000000	Sacramento City Unified	219	29
34674390000000	Sacramento City Unified	344	28
34674390000000	Sacramento City Unified	1177	210
34674390000000	Sacramento City Unified	136	36
34674390000000	Sacramento City Unified	323	87
34674390000000	Sacramento City Unified	221	41
34674390000000	Sacramento City Unified	2061	260
34674390000000	Sacramento City Unified	236	55
34674390101972	Rosemont High	295	34
34674390101972	Rosemont High	85	13
34674390101972	Rosemont High	89	11
34674390101972	Rosemont High	156	12
34674390101972	Rosemont High	139	22
34674390101972	Rosemont High	243	25
34674393430154	American Legion High (Continuation)	652	47
34674393430154	American Legion High (Continuation)	2423	350
34674393430154	American Legion High (Continuation)	299	68
34674393430154	American Legion High (Continuation)	720	133
34674393430154	American Legion High (Continuation)	230	14
34674393430154	American Legion High (Continuation)	440	70
34674393430154	American Legion High (Continuation)	557	110
34674393430154	American Legion High (Continuation)	308	19
34674393430154	American Legion High (Continuation)	1246	140
34674393430154	American Legion High (Continuation)	163	32
34674393430154	American Legion High (Continuation)	397	46
34674393430154	American Legion High (Continuation)	219	29
34674393430154	American Legion High (Continuation)	344	28
34674393430154	American Legion High (Continuation)	1177	210
34674393430154	American Legion High (Continuation)	136	36
34674393430154	American Legion High (Continuation)	323	87
34674393430154	American Legion High (Continuation)	221	41
34674393430154	American Legion High (Continuation)	2061	260
34674393430154	American Legion High (Continuation)	236	55
34674393430519	Capital City Independent Study	652	47
34674393430519	Capital City Independent Study	2423	350
34674393430519	Capital City Independent Study	299	68
34674393430519	Capital City Independent Study	720	133
34674393430519	Capital City Independent Study	230	14
34674393430519	Capital City Independent Study	440	70
34674393430519	Capital City Independent Study	557	110
34674393430519	Capital City Independent Study	308	19
34674393430519	Capital City Independent Study	1246	140
34674393430519	Capital City Independent Study	163	32
34674393430519	Capital City Independent Study	397	46
34674393430519	Capital City Independent Study	219	29
34674393430519	Capital City Independent Study	344	28
34674393430519	Capital City Independent Study	1177	210
34674393430519	Capital City Independent Study	136	36
34674393430519	Capital City Independent Study	323	87
34674393430519	Capital City Independent Study	221	41
34674393430519	Capital City Independent Study	2061	260
34674393430519	Capital City Independent Study	236	55
34674393431012	Luther Burbank High	401	32
34674393431012	Luther Burbank High	123	14
34674393431012	Luther Burbank High	191	18
34674393431012	Luther Burbank High	193	11
34674393431012	Luther Burbank High	208	21
34674393431012	Luther Burbank High	400	28
34674393434636	Hiram W. Johnson High	107	17
34674393434636	Hiram W. Johnson High	268	77
34674393434636	Hiram W. Johnson High	25	14
34674393434636	Hiram W. Johnson High	90	32
34674393434636	Hiram W. Johnson High	102	27
34674393434636	Hiram W. Johnson High	147	30
34674393434636	Hiram W. Johnson High	49	13
34674393434636	Hiram W. Johnson High	54	13
34674393434636	Hiram W. Johnson High	121	47
34674393434636	Hiram W. Johnson High	41	19
34674393434636	Hiram W. Johnson High	259	64
34674393434636	Hiram W. Johnson High	25	17
34674393434768	John F. Kennedy High	470	42
34674393434768	John F. Kennedy High	68	12
34674393434768	John F. Kennedy High	63	14
34674393434768	John F. Kennedy High	217	22
34674393434768	John F. Kennedy High	253	20
34674393434768	John F. Kennedy High	366	24
34674393435419	C. K. McClatchy High	433	46
34674393435419	C. K. McClatchy High	130	18
34674393435419	C. K. McClatchy High	107	12
34674393435419	C. K. McClatchy High	61	15
34674393435419	C. K. McClatchy High	226	17
34674393435419	C. K. McClatchy High	207	29
34674393435419	C. K. McClatchy High	68	13
34674393435419	C. K. McClatchy High	315	33
34674470000000	San Juan Unified	3284	429
34674470000000	San Juan Unified	197	76
34674470000000	San Juan Unified	474	114
34674470000000	San Juan Unified	2288	205
34674470000000	San Juan Unified	257	71
34674470000000	San Juan Unified	1717	177
34674470000000	San Juan Unified	108	41
34674470000000	San Juan Unified	254	50
34674470000000	San Juan Unified	1195	73
34674470000000	San Juan Unified	1567	252
34674470000000	San Juan Unified	89	35
34674470000000	San Juan Unified	220	64
34674470000000	San Juan Unified	1093	132
34674470000000	San Juan Unified	1330	285
34674470000000	San Juan Unified	329	91
34674470000001	Non-public, non-sectarian schools	12	18
34674470000001	Non-public, non-sectarian schools	11	16
34674470000001	Non-public, non-sectarian schools	11	13
34674473430048	Mesa Verde High	189	15
34674473430048	Mesa Verde High	116	11
34674473430097	La Entrada Continuation High	3284	429
34674473430097	La Entrada Continuation High	197	76
34674473430097	La Entrada Continuation High	474	114
34674473430097	La Entrada Continuation High	2288	205
34674473430097	La Entrada Continuation High	257	71
34674473430097	La Entrada Continuation High	1717	177
34674473430097	La Entrada Continuation High	108	41
34674473430097	La Entrada Continuation High	254	50
34674473430097	La Entrada Continuation High	1195	73
34674473430097	La Entrada Continuation High	1567	252
34674473430097	La Entrada Continuation High	89	35
34674473430097	La Entrada Continuation High	220	64
34674473430097	La Entrada Continuation High	1093	132
34674473430097	La Entrada Continuation High	1330	285
34674473430097	La Entrada Continuation High	329	91
34674473430386	El Sereno Alternative Education	66	15
34674473430386	El Sereno Alternative Education	34	11
34674473430691	Options for Youth-San Juan	115	137
34674473430691	Options for Youth-San Juan	14	25
34674473430691	Options for Youth-San Juan	16	32
34674473430691	Options for Youth-San Juan	69	55
34674473430691	Options for Youth-San Juan	72	65
34674473430691	Options for Youth-San Juan	44	23
34674473430691	Options for Youth-San Juan	43	72
34674473430691	Options for Youth-San Juan	25	32
34674473430691	Options for Youth-San Juan	85	119
34674473430691	Options for Youth-San Juan	115	137
34674473430691	Options for Youth-San Juan	14	25
34674473430691	Options for Youth-San Juan	16	32
34674473430691	Options for Youth-San Juan	69	55
34674473430691	Options for Youth-San Juan	72	65
34674473430691	Options for Youth-San Juan	44	23
34674473430691	Options for Youth-San Juan	43	72
34674473430691	Options for Youth-San Juan	25	32
34674473430691	Options for Youth-San Juan	85	119
34674473430717	Visions In Education	589	127
34674473430717	Visions In Education	25	18
34674473430717	Visions In Education	105	34
34674473430717	Visions In Education	427	69
34674473430717	Visions In Education	111	23
34674473430717	Visions In Education	338	63
34674473430717	Visions In Education	13	13
34674473430717	Visions In Education	67	22
34674473430717	Visions In Education	242	25
34674473430717	Visions In Education	251	64
34674473430717	Visions In Education	38	12
34674473430717	Visions In Education	185	44
34674473430717	Visions In Education	311	80
34674473430717	Visions In Education	44	21
34674473430758	San Juan Choices Charter	40	19
34674473430758	San Juan Choices Charter	29	14
34674473430758	San Juan Choices Charter	24	14
34674473431111	Casa Roble Fundamental High	335	12
34674473432051	Del Campo High	370	12
34674473432838	Encina Preparatory High	131	60
34674473432838	Encina Preparatory High	27	18
34674473432838	Encina Preparatory High	55	18
34674473432838	Encina Preparatory High	34	17
34674473432838	Encina Preparatory High	31	13
34674473432838	Encina Preparatory High	67	27
34674473432838	Encina Preparatory High	64	33
34674473432838	Encina Preparatory High	21	13
34674473432838	Encina Preparatory High	111	49
34674473435930	Mira Loma High	322	27
34674473435930	Mira Loma High	34	11
34674473435930	Mira Loma High	157	11
34674473435930	Mira Loma High	35	11
34674473435930	Mira Loma High	181	12
34674473435930	Mira Loma High	141	15
34674473435930	Mira Loma High	144	16
34674473438504	San Juan High	142	47
34674473438504	San Juan High	27	14
34674473438504	San Juan High	81	24
34674473438504	San Juan High	26	11
34674473438504	San Juan High	77	15
34674473438504	San Juan High	65	32
34674473438504	San Juan High	41	18
34674473438504	San Juan High	93	37
34739730000000	Center Joint Unified	343	45
34739730000000	Center Joint Unified	59	14
34739730000000	Center Joint Unified	167	20
34739730000000	Center Joint Unified	176	19
34739730000000	Center Joint Unified	167	26
34739730000000	Center Joint Unified	79	13
34739730000000	Center Joint Unified	202	29
34739733430378	Center High	278	23
34739733430378	Center High	133	12
34739733430378	Center High	136	15
34739733430378	Center High	158	14
34739733430451	McClellan High (Continuation)	343	45
34739733430451	McClellan High (Continuation)	59	14
34739733430451	McClellan High (Continuation)	167	20
34739733430451	McClellan High (Continuation)	176	19
34739733430451	McClellan High (Continuation)	167	26
34739733430451	McClellan High (Continuation)	79	13
34739733430451	McClellan High (Continuation)	202	29
34752830000000	Natomas Unified	853	105
34752830000000	Natomas Unified	194	37
34752830000000	Natomas Unified	275	35
34752830000000	Natomas Unified	150	17
34752830000000	Natomas Unified	130	27
34752830000000	Natomas Unified	438	47
34752830000000	Natomas Unified	117	17
34752830000000	Natomas Unified	134	13
34752830000000	Natomas Unified	415	58
34752830000000	Natomas Unified	77	20
34752830000000	Natomas Unified	141	22
34752830000000	Natomas Unified	573	88
34752830000000	Natomas Unified	53	15
34752830102236	Inderkum High	346	24
34752830102236	Inderkum High	89	12
34752830102236	Inderkum High	160	14
34752830102236	Inderkum High	234	18
34752833430584	Natomas High	239	41
34752833430584	Natomas High	120	19
34752833430584	Natomas High	52	16
34752833430584	Natomas High	133	19
34752833430584	Natomas High	106	22
34752833430584	Natomas High	187	38
34752833430626	Discovery High	853	105
34752833430626	Discovery High	194	37
34752833430626	Discovery High	275	35
34752833430626	Discovery High	150	17
34752833430626	Discovery High	130	27
34752833430626	Discovery High	438	47
34752833430626	Discovery High	117	17
34752833430626	Discovery High	134	13
34752833430626	Discovery High	415	58
34752833430626	Discovery High	77	20
34752833430626	Discovery High	141	22
34752833430626	Discovery High	573	88
34752833430626	Discovery High	53	15
34765050000000	Twin Rivers Unified	224	29
34765050000000	Twin Rivers Unified	1309	352
34765050000000	Twin Rivers Unified	218	85
34765050000000	Twin Rivers Unified	410	126
34765050000000	Twin Rivers Unified	384	91
34765050000000	Twin Rivers Unified	309	99
34765050000000	Twin Rivers Unified	115	18
34765050000000	Twin Rivers Unified	653	147
34765050000000	Twin Rivers Unified	111	35
34765050000000	Twin Rivers Unified	203	50
34765050000000	Twin Rivers Unified	187	36
34765050000000	Twin Rivers Unified	109	11
34765050000000	Twin Rivers Unified	656	205
34765050000000	Twin Rivers Unified	107	50
34765050000000	Twin Rivers Unified	207	76
34765050000000	Twin Rivers Unified	197	55
34765050000000	Twin Rivers Unified	1125	313
34765050000000	Twin Rivers Unified	178	51
34765050101832	Futures High	52	12
34765050101832	Futures High	51	12
34765050101832	Futures High	51	12
34765050101832	Futures High	52	12
34765050101832	Futures High	51	12
34765050101832	Futures High	51	12
34765050108415	Heritage Peak Charter	104	78
34765050108415	Heritage Peak Charter	28	27
34765050108415	Heritage Peak Charter	53	17
34765050108415	Heritage Peak Charter	20	17
34765050108415	Heritage Peak Charter	71	32
34765050108415	Heritage Peak Charter	21	11
34765050108415	Heritage Peak Charter	33	46
34765050108415	Heritage Peak Charter	62	60
34765050108415	Heritage Peak Charter	12	15
34765050108415	Heritage Peak Charter	104	78
34765050108415	Heritage Peak Charter	28	27
34765050108415	Heritage Peak Charter	53	17
34765050108415	Heritage Peak Charter	20	17
34765050108415	Heritage Peak Charter	71	32
34765050108415	Heritage Peak Charter	21	11
34765050108415	Heritage Peak Charter	33	46
34765050108415	Heritage Peak Charter	62	60
34765050108415	Heritage Peak Charter	12	15
34765050108837	Community Collaborative Charter	50	180
34765050108837	Community Collaborative Charter	15	58
34765050108837	Community Collaborative Charter	22	73
34765050108837	Community Collaborative Charter	12	31
34765050108837	Twin Rivers Unified	29	78
34765050108837	Twin Rivers Unified	21	102
34765050108837	Community Collaborative Charter	42	168
34765050108837	Community Collaborative Charter	50	180
34765050108837	Community Collaborative Charter	15	58
34765050108837	Community Collaborative Charter	22	73
34765050108837	Community Collaborative Charter	12	31
34765050108837	Community Collaborative Charter	29	78
34765050108837	Community Collaborative Charter	14	35
34765050108837	Community Collaborative Charter	21	102
34765050108837	Community Collaborative Charter	42	168
34765050114272	SAVA: Sacramento Academic and Vocational Academy	53	215
34765050114272	SAVA: Sacramento Academic and Vocational Academy	27	97
34765050114272	SAVA: Sacramento Academic and Vocational Academy	13	39
34765050114272	Twin Rivers Unified	37	94
34765050114272	Twin Rivers Unified	16	121
34765050114272	SAVA: Sacramento Academic and Vocational Academy	48	188
34765050114272	SAVA: Sacramento Academic and Vocational Academy	53	215
34765050114272	SAVA: Sacramento Academic and Vocational Academy	27	97
34765050114272	SAVA: Sacramento Academic and Vocational Academy	13	39
34765050114272	SAVA: Sacramento Academic and Vocational Academy	37	94
34765050114272	SAVA: Sacramento Academic and Vocational Academy	20	45
34765050114272	SAVA: Sacramento Academic and Vocational Academy	16	121
34765050114272	SAVA: Sacramento Academic and Vocational Academy	48	188
34765053430261	Pacific Career and Technology High	224	29
34765053430261	Pacific Career and Technology High	1309	352
34765053430261	Pacific Career and Technology High	218	85
34765053430261	Pacific Career and Technology High	410	126
34765053430261	Pacific Career and Technology High	384	91
34765053430261	Pacific Career and Technology High	309	99
34765053430261	Pacific Career and Technology High	115	18
34765053430261	Pacific Career and Technology High	653	147
34765053430261	Pacific Career and Technology High	111	35
34765053430261	Pacific Career and Technology High	203	50
34765053430261	Pacific Career and Technology High	187	36
34765053430261	Pacific Career and Technology High	109	11
34765053430261	Pacific Career and Technology High	656	205
34765053430261	Pacific Career and Technology High	107	50
34765053430261	Pacific Career and Technology High	207	76
34765053430261	Pacific Career and Technology High	197	55
34765053430261	Pacific Career and Technology High	1125	313
34765053430261	Pacific Career and Technology High	178	51
34765053430634	Elwood J. Keema High	177	130
34765053430634	Elwood J. Keema High	27	24
34765053430634	Elwood J. Keema High	61	50
34765053430634	Elwood J. Keema High	71	44
34765053430634	Elwood J. Keema High	30	27
34765053430634	Elwood J. Keema High	98	45
34765053430634	Elwood J. Keema High	15	12
34765053430634	Elwood J. Keema High	36	14
34765053430634	Elwood J. Keema High	38	16
34765053430634	Elwood J. Keema High	79	85
34765053430634	Elwood J. Keema High	12	12
34765053430634	Elwood J. Keema High	25	36
34765053430634	Elwood J. Keema High	33	28
34765053430634	Elwood J. Keema High	152	117
34765053430881	Vista Nueva Career and Technology High	224	29
34765053430881	Vista Nueva Career and Technology High	1309	352
34765053430881	Vista Nueva Career and Technology High	218	85
34765053430881	Vista Nueva Career and Technology High	410	126
34765053430881	Vista Nueva Career and Technology High	384	91
34765053430881	Vista Nueva Career and Technology High	309	99
34765053430881	Vista Nueva Career and Technology High	115	18
34765053430881	Vista Nueva Career and Technology High	653	147
34765053430881	Vista Nueva Career and Technology High	111	35
34765053430881	Vista Nueva Career and Technology High	203	50
34765053430881	Vista Nueva Career and Technology High	187	36
34765053430881	Vista Nueva Career and Technology High	109	11
34765053430881	Vista Nueva Career and Technology High	656	205
34765053430881	Vista Nueva Career and Technology High	107	50
34765053430881	Vista Nueva Career and Technology High	207	76
34765053430881	Vista Nueva Career and Technology High	197	55
34765053430881	Vista Nueva Career and Technology High	1125	313
34765053430881	Vista Nueva Career and Technology High	178	51
34765053433265	Foothill High	205	26
34765053433265	Foothill High	46	11
34765053433265	Foothill High	105	17
34765053433265	Foothill High	162	20
34765053433794	Grant Union High	112	13
34765053433794	Grant Union High	317	66
34765053433794	Grant Union High	67	22
34765053433794	Grant Union High	100	20
34765053433794	Grant Union High	116	31
34765053433794	Grant Union High	56	11
34765053433794	Grant Union High	168	43
34765053433794	Grant Union High	36	11
34765053433794	Grant Union High	56	15
34765053433794	Grant Union High	149	23
34765053433794	Grant Union High	31	11
34765053433794	Grant Union High	314	61
34765053433794	Grant Union High	38	15
34765053434370	Highlands High	139	30
34765053434370	Highlands High	43	11
34765053434370	Highlands High	65	12
34765053434370	Highlands High	74	18
34765053434370	Highlands High	121	27
34765053436979	Rio Linda High	384	47
34765053436979	Rio Linda High	122	17
34765053436979	Rio Linda High	155	16
34765053436979	Rio Linda High	90	15
34765053436979	Rio Linda High	187	21
34765053436979	Rio Linda High	197	26
34765053436979	Rio Linda High	84	11
34765053436979	Rio Linda High	292	37
35000000000000	San Benito	737	79
35000000000000	San Benito	449	61
35000000000000	San Benito	250	16
35000000000000	San Benito	127	28
35000000000000	San Benito	387	31
35000000000000	San Benito	227	27
35000000000000	San Benito	350	48
35000000000000	San Benito	222	34
35000000000000	San Benito	110	12
35000000000000	San Benito	196	28
35000000000000	San Benito	405	62
35000000000000	San Benito	75	12
35103550000000	San Benito County Office of Education	737	79
35103550000000	San Benito County Office of Education	449	61
35103550000000	San Benito County Office of Education	250	16
35103550000000	San Benito County Office of Education	127	28
35103550000000	San Benito County Office of Education	387	31
35103550000000	San Benito County Office of Education	227	27
35103550000000	San Benito County Office of Education	350	48
35103550000000	San Benito County Office of Education	222	34
35103550000000	San Benito County Office of Education	110	12
35103550000000	San Benito County Office of Education	196	28
35103550000000	San Benito County Office of Education	405	62
35103550000000	San Benito County Office of Education	75	12
35103553530037	San Benito County Opportunity	737	79
35103553530037	San Benito County Opportunity	449	61
35103553530037	San Benito County Opportunity	250	16
35103553530037	San Benito County Opportunity	127	28
35103553530037	San Benito County Opportunity	387	31
35103553530037	San Benito County Opportunity	227	27
35103553530037	San Benito County Opportunity	350	48
35103553530037	San Benito County Opportunity	222	34
35103553530037	San Benito County Opportunity	110	12
35103553530037	San Benito County Opportunity	196	28
35103553530037	San Benito County Opportunity	405	62
35103553530037	San Benito County Opportunity	75	12
35103553530045	San Benito County Juvenile Hall/Community	737	79
35103553530045	San Benito County Juvenile Hall/Community	449	61
35103553530045	San Benito County Juvenile Hall/Community	250	16
35103553530045	San Benito County Juvenile Hall/Community	127	28
35103553530045	San Benito County Juvenile Hall/Community	387	31
35103553530045	San Benito County Juvenile Hall/Community	227	27
35103553530045	San Benito County Juvenile Hall/Community	350	48
35103553530045	San Benito County Juvenile Hall/Community	222	34
35103553530045	San Benito County Juvenile Hall/Community	110	12
35103553530045	San Benito County Juvenile Hall/Community	196	28
35103553530045	San Benito County Juvenile Hall/Community	405	62
35103553530045	San Benito County Juvenile Hall/Community	75	12
35675380000000	San Benito High	662	67
35675380000000	San Benito High	410	52
35675380000000	San Benito High	220	13
35675380000000	San Benito High	106	23
35675380000000	San Benito High	346	27
35675380000000	San Benito High	206	24
35675380000000	San Benito High	316	40
35675380000000	San Benito High	204	28
35675380000000	San Benito High	180	23
35675380000000	San Benito High	368	53
35675383530029	San Andreas Continuation High	662	67
35675383530029	San Andreas Continuation High	410	52
35675383530029	San Andreas Continuation High	220	13
35675383530029	San Andreas Continuation High	106	23
35675383530029	San Andreas Continuation High	346	27
35675383530029	San Andreas Continuation High	206	24
35675383530029	San Andreas Continuation High	316	40
35675383530029	San Andreas Continuation High	204	28
35675383530029	San Andreas Continuation High	180	23
35675383530029	San Andreas Continuation High	368	53
35675383537008	San Benito High	589	30
35675383537008	San Benito High	363	25
35675383537008	San Benito High	95	15
35675383537008	San Benito High	314	13
35675383537008	San Benito High	185	11
35675383537008	San Benito High	275	17
35675383537008	San Benito High	178	14
35675383537008	San Benito High	170	15
35675383537008	San Benito High	319	25
36000000000000	San Bernardino	1040	66
36000000000000	San Bernardino	26153	4510
36000000000000	San Bernardino	2591	643
36000000000000	San Bernardino	36	14
36000000000000	San Bernardino	433	18
36000000000000	San Bernardino	14746	2877
36000000000000	San Bernardino	126	47
36000000000000	San Bernardino	154	26
36000000000000	San Bernardino	276	39
36000000000000	San Bernardino	6751	780
36000000000000	San Bernardino	3883	1462
36000000000000	San Bernardino	520	31
36000000000000	San Bernardino	13696	1657
36000000000000	San Bernardino	1366	236
36000000000000	San Bernardino	7834	1056
36000000000000	San Bernardino	68	19
36000000000000	San Bernardino	134	13
36000000000000	San Bernardino	3483	281
36000000000000	San Bernardino	520	35
36000000000000	San Bernardino	12457	2853
36000000000000	San Bernardino	1225	407
36000000000000	San Bernardino	233	14
36000000000000	San Bernardino	6912	1821
36000000000000	San Bernardino	58	28
36000000000000	San Bernardino	85	18
36000000000000	San Bernardino	142	26
36000000000000	San Bernardino	3268	499
36000000000000	San Bernardino	18260	3930
36000000000000	San Bernardino	2502	786
36103630000000	San Bernardino County Office of Education	1040	66
36103630000000	San Bernardino County Office of Education	26153	4510
36103630000000	San Bernardino County Office of Education	2591	643
36103630000000	San Bernardino County Office of Education	36	14
36103630000000	San Bernardino County Office of Education	433	18
36103630000000	San Bernardino County Office of Education	14746	2877
36103630000000	San Bernardino County Office of Education	126	47
36103630000000	San Bernardino County Office of Education	154	26
36103630000000	San Bernardino County Office of Education	276	39
36103630000000	San Bernardino County Office of Education	6751	780
36103630000000	San Bernardino County Office of Education	3883	1462
36103630000000	San Bernardino County Office of Education	520	31
36103630000000	San Bernardino County Office of Education	13696	1657
36103630000000	San Bernardino County Office of Education	1366	236
36103630000000	San Bernardino County Office of Education	7834	1056
36103630000000	San Bernardino County Office of Education	68	19
36103630000000	San Bernardino County Office of Education	134	13
36103630000000	San Bernardino County Office of Education	3483	281
36103630000000	San Bernardino County Office of Education	520	35
36103630000000	San Bernardino County Office of Education	12457	2853
36103630000000	San Bernardino County Office of Education	1225	407
36103630000000	San Bernardino County Office of Education	233	14
36103630000000	San Bernardino County Office of Education	6912	1821
36103630000000	San Bernardino County Office of Education	58	28
36103630000000	San Bernardino County Office of Education	85	18
36103630000000	San Bernardino County Office of Education	142	26
36103630000000	San Bernardino County Office of Education	3268	499
36103630000000	San Bernardino County Office of Education	18260	3930
36103630000000	San Bernardino County Office of Education	2502	786
36103630107466	Community School/Independent Alternative Education	1040	66
36103630107466	Community School/Independent Alternative Education	26153	4510
36103630107466	Community School/Independent Alternative Education	2591	643
36103630107466	Community School/Independent Alternative Education	36	14
36103630107466	Community School/Independent Alternative Education	433	18
36103630107466	Community School/Independent Alternative Education	14746	2877
36103630107466	Community School/Independent Alternative Education	126	47
36103630107466	Community School/Independent Alternative Education	154	26
36103630107466	Community School/Independent Alternative Education	276	39
36103630107466	Community School/Independent Alternative Education	6751	780
36103630107466	Community School/Independent Alternative Education	3883	1462
36103630107466	Community School/Independent Alternative Education	520	31
36103630107466	Community School/Independent Alternative Education	13696	1657
36103630107466	Community School/Independent Alternative Education	1366	236
36103630107466	Community School/Independent Alternative Education	7834	1056
36103630107466	Community School/Independent Alternative Education	68	19
36103630107466	Community School/Independent Alternative Education	134	13
36103630107466	Community School/Independent Alternative Education	3483	281
36103630107466	Community School/Independent Alternative Education	520	35
36103630107466	Community School/Independent Alternative Education	12457	2853
36103630107466	Community School/Independent Alternative Education	1225	407
36103630107466	Community School/Independent Alternative Education	233	14
36103630107466	Community School/Independent Alternative Education	6912	1821
36103630107466	Community School/Independent Alternative Education	58	28
36103630107466	Community School/Independent Alternative Education	85	18
36103630107466	Community School/Independent Alternative Education	142	26
36103630107466	Community School/Independent Alternative Education	3268	499
36103630107466	Community School/Independent Alternative Education	18260	3930
36103630107466	Community School/Independent Alternative Education	2502	786
36103630123364	Bob Murphy County Community Day	1040	66
36103630123364	Bob Murphy County Community Day	26153	4510
36103630123364	Bob Murphy County Community Day	2591	643
36103630123364	Bob Murphy County Community Day	36	14
36103630123364	Bob Murphy County Community Day	433	18
36103630123364	Bob Murphy County Community Day	14746	2877
36103630123364	Bob Murphy County Community Day	126	47
36103630123364	Bob Murphy County Community Day	154	26
36103630123364	Bob Murphy County Community Day	276	39
36103630123364	Bob Murphy County Community Day	6751	780
36103630123364	Bob Murphy County Community Day	3883	1462
36103630123364	Bob Murphy County Community Day	520	31
36103630123364	Bob Murphy County Community Day	13696	1657
36103630123364	Bob Murphy County Community Day	1366	236
36103630123364	Bob Murphy County Community Day	7834	1056
36103630123364	Bob Murphy County Community Day	68	19
36103630123364	Bob Murphy County Community Day	134	13
36103630123364	Bob Murphy County Community Day	3483	281
36103630123364	Bob Murphy County Community Day	520	35
36103630123364	Bob Murphy County Community Day	12457	2853
36103630123364	Bob Murphy County Community Day	1225	407
36103630123364	Bob Murphy County Community Day	233	14
36103630123364	Bob Murphy County Community Day	6912	1821
36103630123364	Bob Murphy County Community Day	58	28
36103630123364	Bob Murphy County Community Day	85	18
36103630123364	Bob Murphy County Community Day	142	26
36103630123364	Bob Murphy County Community Day	3268	499
36103630123364	Bob Murphy County Community Day	18260	3930
36103630123364	Bob Murphy County Community Day	2502	786
36103630123372	High Desert Juvenile Detention and Assessment Center	1040	66
36103630123372	High Desert Juvenile Detention and Assessment Center	26153	4510
36103630123372	High Desert Juvenile Detention and Assessment Center	2591	643
36103630123372	High Desert Juvenile Detention and Assessment Center	36	14
36103630123372	High Desert Juvenile Detention and Assessment Center	433	18
36103630123372	High Desert Juvenile Detention and Assessment Center	14746	2877
36103630123372	High Desert Juvenile Detention and Assessment Center	126	47
36103630123372	High Desert Juvenile Detention and Assessment Center	154	26
36103630123372	High Desert Juvenile Detention and Assessment Center	276	39
36103630123372	High Desert Juvenile Detention and Assessment Center	6751	780
36103630123372	High Desert Juvenile Detention and Assessment Center	3883	1462
36103630123372	High Desert Juvenile Detention and Assessment Center	520	31
36103630123372	High Desert Juvenile Detention and Assessment Center	13696	1657
36103630123372	High Desert Juvenile Detention and Assessment Center	1366	236
36103630123372	High Desert Juvenile Detention and Assessment Center	7834	1056
36103630123372	High Desert Juvenile Detention and Assessment Center	68	19
36103630123372	High Desert Juvenile Detention and Assessment Center	134	13
36103630123372	High Desert Juvenile Detention and Assessment Center	3483	281
36103630123372	High Desert Juvenile Detention and Assessment Center	520	35
36103630123372	High Desert Juvenile Detention and Assessment Center	12457	2853
36103630123372	High Desert Juvenile Detention and Assessment Center	1225	407
36103630123372	High Desert Juvenile Detention and Assessment Center	233	14
36103630123372	High Desert Juvenile Detention and Assessment Center	6912	1821
36103630123372	High Desert Juvenile Detention and Assessment Center	58	28
36103630123372	High Desert Juvenile Detention and Assessment Center	85	18
36103630123372	High Desert Juvenile Detention and Assessment Center	142	26
36103630123372	High Desert Juvenile Detention and Assessment Center	3268	499
36103630123372	High Desert Juvenile Detention and Assessment Center	18260	3930
36103630123372	High Desert Juvenile Detention and Assessment Center	2502	786
36103633630431	San Bernardino County Juvenile Detention and Assessment Center	1040	66
36103633630431	San Bernardino County Juvenile Detention and Assessment Center	26153	4510
36103633630431	San Bernardino County Juvenile Detention and Assessment Center	2591	643
36103633630431	San Bernardino County Juvenile Detention and Assessment Center	36	14
36103633630431	San Bernardino County Juvenile Detention and Assessment Center	433	18
36103633630431	San Bernardino County Juvenile Detention and Assessment Center	14746	2877
36103633630431	San Bernardino County Juvenile Detention and Assessment Center	126	47
36103633630431	San Bernardino County Juvenile Detention and Assessment Center	154	26
36103633630431	San Bernardino County Juvenile Detention and Assessment Center	276	39
36103633630431	San Bernardino County Juvenile Detention and Assessment Center	6751	780
36103633630431	San Bernardino County Juvenile Detention and Assessment Center	3883	1462
36103633630431	San Bernardino County Juvenile Detention and Assessment Center	520	31
36103633630431	San Bernardino County Juvenile Detention and Assessment Center	13696	1657
36103633630431	San Bernardino County Juvenile Detention and Assessment Center	1366	236
36103633630431	San Bernardino County Juvenile Detention and Assessment Center	7834	1056
36103633630431	San Bernardino County Juvenile Detention and Assessment Center	68	19
36103633630431	San Bernardino County Juvenile Detention and Assessment Center	134	13
36103633630431	San Bernardino County Juvenile Detention and Assessment Center	3483	281
36103633630431	San Bernardino County Juvenile Detention and Assessment Center	520	35
36103633630431	San Bernardino County Juvenile Detention and Assessment Center	12457	2853
36103633630431	San Bernardino County Juvenile Detention and Assessment Center	1225	407
36103633630431	San Bernardino County Juvenile Detention and Assessment Center	233	14
36103633630431	San Bernardino County Juvenile Detention and Assessment Center	6912	1821
36103633630431	San Bernardino County Juvenile Detention and Assessment Center	58	28
36103633630431	San Bernardino County Juvenile Detention and Assessment Center	85	18
36103633630431	San Bernardino County Juvenile Detention and Assessment Center	142	26
36103633630431	San Bernardino County Juvenile Detention and Assessment Center	3268	499
36103633630431	San Bernardino County Juvenile Detention and Assessment Center	18260	3930
36103633630431	San Bernardino County Juvenile Detention and Assessment Center	2502	786
36103633630969	Desert Mountain Community Day	1040	66
36103633630969	Desert Mountain Community Day	26153	4510
36103633630969	Desert Mountain Community Day	2591	643
36103633630969	Desert Mountain Community Day	36	14
36103633630969	Desert Mountain Community Day	433	18
36103633630969	Desert Mountain Community Day	14746	2877
36103633630969	Desert Mountain Community Day	126	47
36103633630969	Desert Mountain Community Day	154	26
36103633630969	Desert Mountain Community Day	276	39
36103633630969	Desert Mountain Community Day	6751	780
36103633630969	Desert Mountain Community Day	3883	1462
36103633630969	Desert Mountain Community Day	520	31
36103633630969	Desert Mountain Community Day	13696	1657
36103633630969	Desert Mountain Community Day	1366	236
36103633630969	Desert Mountain Community Day	7834	1056
36103633630969	Desert Mountain Community Day	68	19
36103633630969	Desert Mountain Community Day	134	13
36103633630969	Desert Mountain Community Day	3483	281
36103633630969	Desert Mountain Community Day	520	35
36103633630969	Desert Mountain Community Day	12457	2853
36103633630969	Desert Mountain Community Day	1225	407
36103633630969	Desert Mountain Community Day	233	14
36103633630969	Desert Mountain Community Day	6912	1821
36103633630969	Desert Mountain Community Day	58	28
36103633630969	Desert Mountain Community Day	85	18
36103633630969	Desert Mountain Community Day	142	26
36103633630969	Desert Mountain Community Day	3268	499
36103633630969	Desert Mountain Community Day	18260	3930
36103633630969	Desert Mountain Community Day	2502	786
36103633630977	East Valley Community Day	1040	66
36103633630977	East Valley Community Day	26153	4510
36103633630977	East Valley Community Day	2591	643
36103633630977	East Valley Community Day	36	14
36103633630977	East Valley Community Day	433	18
36103633630977	East Valley Community Day	14746	2877
36103633630977	East Valley Community Day	126	47
36103633630977	East Valley Community Day	154	26
36103633630977	East Valley Community Day	276	39
36103633630977	East Valley Community Day	6751	780
36103633630977	East Valley Community Day	3883	1462
36103633630977	East Valley Community Day	520	31
36103633630977	East Valley Community Day	13696	1657
36103633630977	East Valley Community Day	1366	236
36103633630977	East Valley Community Day	7834	1056
36103633630977	East Valley Community Day	68	19
36103633630977	East Valley Community Day	134	13
36103633630977	East Valley Community Day	3483	281
36103633630977	East Valley Community Day	520	35
36103633630977	East Valley Community Day	12457	2853
36103633630977	East Valley Community Day	1225	407
36103633630977	East Valley Community Day	233	14
36103633630977	East Valley Community Day	6912	1821
36103633630977	East Valley Community Day	58	28
36103633630977	East Valley Community Day	85	18
36103633630977	East Valley Community Day	142	26
36103633630977	East Valley Community Day	3268	499
36103633630977	East Valley Community Day	18260	3930
36103633630977	East Valley Community Day	2502	786
36103633630985	West End Community Day	1040	66
36103633630985	West End Community Day	26153	4510
36103633630985	West End Community Day	2591	643
36103633630985	West End Community Day	36	14
36103633630985	West End Community Day	433	18
36103633630985	West End Community Day	14746	2877
36103633630985	West End Community Day	126	47
36103633630985	West End Community Day	154	26
36103633630985	West End Community Day	276	39
36103633630985	West End Community Day	6751	780
36103633630985	West End Community Day	3883	1462
36103633630985	West End Community Day	520	31
36103633630985	West End Community Day	13696	1657
36103633630985	West End Community Day	1366	236
36103633630985	West End Community Day	7834	1056
36103633630985	West End Community Day	68	19
36103633630985	West End Community Day	134	13
36103633630985	West End Community Day	3483	281
36103633630985	West End Community Day	520	35
36103633630985	West End Community Day	12457	2853
36103633630985	West End Community Day	1225	407
36103633630985	West End Community Day	233	14
36103633630985	West End Community Day	6912	1821
36103633630985	West End Community Day	58	28
36103633630985	West End Community Day	85	18
36103633630985	West End Community Day	142	26
36103633630985	West End Community Day	3268	499
36103633630985	West End Community Day	18260	3930
36103633630985	West End Community Day	2502	786
36103636069348	San Bernardino County Special Education	1040	66
36103636069348	San Bernardino County Special Education	26153	4510
36103636069348	San Bernardino County Special Education	2591	643
36103636069348	San Bernardino County Special Education	36	14
36103636069348	San Bernardino County Special Education	433	18
36103636069348	San Bernardino County Special Education	14746	2877
36103636069348	San Bernardino County Special Education	126	47
36103636069348	San Bernardino County Special Education	154	26
36103636069348	San Bernardino County Special Education	276	39
36103636069348	San Bernardino County Special Education	6751	780
36103636069348	San Bernardino County Special Education	3883	1462
36103636069348	San Bernardino County Special Education	520	31
36103636069348	San Bernardino County Special Education	13696	1657
36103636069348	San Bernardino County Special Education	1366	236
36103636069348	San Bernardino County Special Education	7834	1056
36103636069348	San Bernardino County Special Education	68	19
36103636069348	San Bernardino County Special Education	134	13
36103636069348	San Bernardino County Special Education	3483	281
36103636069348	San Bernardino County Special Education	520	35
36103636069348	San Bernardino County Special Education	12457	2853
36103636069348	San Bernardino County Special Education	1225	407
36103636069348	San Bernardino County Special Education	233	14
36103636069348	San Bernardino County Special Education	6912	1821
36103636069348	San Bernardino County Special Education	58	28
36103636069348	San Bernardino County Special Education	85	18
36103636069348	San Bernardino County Special Education	142	26
36103636069348	San Bernardino County Special Education	3268	499
36103636069348	San Bernardino County Special Education	18260	3930
36103636069348	San Bernardino County Special Education	2502	786
36675870120592	Alta Vista Public	16	130
36675870120592	Alta Vista Public	15	126
36675870120592	Alta Vista Public	16	130
36675870120592	Alta Vista Public	15	126
36676110000000	Barstow Unified	296	88
36676110000000	Barstow Unified	30	18
36676110000000	Barstow Unified	136	42
36676110000000	Barstow Unified	106	26
36676110000000	Barstow Unified	35	11
36676110000000	Barstow Unified	156	36
36676110000000	Barstow Unified	72	16
36676110000000	Barstow Unified	56	15
36676110000000	Barstow Unified	140	52
36676110000000	Barstow Unified	15	14
36676110000000	Barstow Unified	64	26
36676110000000	Barstow Unified	50	11
36676110000000	Barstow Unified	185	74
36676113630712	Central High (Continuation)	296	88
36676113630712	Central High (Continuation)	30	18
36676113630712	Central High (Continuation)	136	42
36676113630712	Central High (Continuation)	106	26
36676113630712	Central High (Continuation)	35	11
36676113630712	Central High (Continuation)	156	36
36676113630712	Central High (Continuation)	72	16
36676113630712	Central High (Continuation)	56	15
36676113630712	Central High (Continuation)	140	52
36676113630712	Central High (Continuation)	15	14
36676113630712	Central High (Continuation)	64	26
36676113630712	Central High (Continuation)	50	11
36676113630712	Central High (Continuation)	185	74
36676113630803	Barstow High	239	23
36676113630803	Barstow High	120	13
36676113630803	Barstow High	140	15
36676370000000	Bear Valley Unified	206	14
36676370000000	Bear Valley Unified	104	11
36676373630290	Chautauqua High (Continuation)	206	14
36676373630290	Chautauqua High (Continuation)	104	11
36676520000000	Chaffey Joint Union High	282	18
36676520000000	Chaffey Joint Union High	5357	678
36676520000000	Chaffey Joint Union High	549	45
36676520000000	Chaffey Joint Union High	3144	525
36676520000000	Chaffey Joint Union High	1143	74
36676520000000	Chaffey Joint Union High	848	306
36676520000000	Chaffey Joint Union High	2777	254
36676520000000	Chaffey Joint Union High	290	16
36676520000000	Chaffey Joint Union High	1686	209
36676520000000	Chaffey Joint Union High	564	19
36676520000000	Chaffey Joint Union High	139	13
36676520000000	Chaffey Joint Union High	2580	424
36676520000000	Chaffey Joint Union High	259	29
36676520000000	Chaffey Joint Union High	1458	316
36676520000000	Chaffey Joint Union High	579	55
36676520000000	Chaffey Joint Union High	3214	546
36676520000000	Chaffey Joint Union High	522	94
36676523630225	Alta Loma High	611	35
36676523630225	Alta Loma High	277	26
36676523630225	Alta Loma High	306	17
36676523630225	Alta Loma High	151	14
36676523630225	Alta Loma High	305	18
36676523630225	Alta Loma High	126	12
36676523630225	Alta Loma High	273	26
36676523630373	Etiwanda High	758	34
36676523630373	Etiwanda High	330	14
36676523630373	Etiwanda High	381	11
36676523630373	Etiwanda High	377	23
36676523630373	Etiwanda High	329	19
36676523630571	Rancho Cucamonga High	702	26
36676523630571	Rancho Cucamonga High	273	15
36676523630571	Rancho Cucamonga High	327	16
36676523630571	Rancho Cucamonga High	292	15
36676523630845	Chaffey Community Day	282	18
36676523630845	Chaffey Community Day	5357	678
36676523630845	Chaffey Community Day	549	45
36676523630845	Chaffey Community Day	3144	525
36676523630845	Chaffey Community Day	1143	74
36676523630845	Chaffey Community Day	848	306
36676523630845	Chaffey Community Day	2777	254
36676523630845	Chaffey Community Day	290	16
36676523630845	Chaffey Community Day	1686	209
36676523630845	Chaffey Community Day	564	19
36676523630845	Chaffey Community Day	139	13
36676523630845	Chaffey Community Day	2580	424
36676523630845	Chaffey Community Day	259	29
36676523630845	Chaffey Community Day	1458	316
36676523630845	Chaffey Community Day	579	55
36676523630845	Chaffey Community Day	3214	546
36676523630845	Chaffey Community Day	522	94
36676523631058	Los Osos High	785	27
36676523631058	Los Osos High	390	22
36676523631157	Colony High	466	49
36676523631157	Colony High	285	28
36676523631157	Colony High	61	12
36676523631157	Colony High	69	13
36676523631157	Colony High	235	19
36676523631157	Colony High	148	13
36676523631157	Colony High	231	30
36676523631157	Colony High	137	15
36676523631157	Colony High	314	35
36676523631157	Colony High	60	16
36676523632205	Chaffey High	699	144
36676523632205	Chaffey High	606	127
36676523632205	Chaffey High	195	79
36676523632205	Chaffey High	399	61
36676523632205	Chaffey High	348	58
36676523632205	Chaffey High	300	83
36676523632205	Chaffey High	258	69
36676523632205	Chaffey High	626	131
36676523632205	Chaffey High	63	16
36676523633906	Montclair High	622	71
36676523633906	Montclair High	523	67
36676523633906	Montclair High	209	49
36676523633906	Montclair High	330	27
36676523633906	Montclair High	285	26
36676523633906	Montclair High	292	44
36676523633906	Montclair High	238	41
36676523633906	Montclair High	557	67
36676523633906	Montclair High	52	11
36676523634482	Ontario High	586	88
36676523634482	Ontario High	521	79
36676523634482	Ontario High	198	53
36676523634482	Ontario High	294	27
36676523634482	Ontario High	259	22
36676523634482	Ontario High	292	61
36676523634482	Ontario High	262	57
36676523634482	Ontario High	522	83
36676523637659	Valley View High (Continuation)	282	18
36676523637659	Valley View High (Continuation)	5357	678
36676523637659	Valley View High (Continuation)	549	45
36676523637659	Valley View High (Continuation)	3144	525
36676523637659	Valley View High (Continuation)	1143	74
36676523637659	Valley View High (Continuation)	848	306
36676523637659	Valley View High (Continuation)	2777	254
36676523637659	Valley View High (Continuation)	290	16
36676523637659	Valley View High (Continuation)	1686	209
36676523637659	Valley View High (Continuation)	564	19
36676523637659	Valley View High (Continuation)	139	13
36676523637659	Valley View High (Continuation)	2580	424
36676523637659	Valley View High (Continuation)	259	29
36676523637659	Valley View High (Continuation)	1458	316
36676523637659	Valley View High (Continuation)	579	55
36676523637659	Valley View High (Continuation)	3214	546
36676523637659	Valley View High (Continuation)	522	94
36676780000000	Chino Valley Unified	2321	176
36676780000000	Chino Valley Unified	118	11
36676780000000	Chino Valley Unified	1141	123
36676780000000	Chino Valley Unified	666	31
36676780000000	Chino Valley Unified	172	55
36676780000000	Chino Valley Unified	1197	47
36676780000000	Chino Valley Unified	592	26
36676780000000	Chino Valley Unified	338	12
36676780000000	Chino Valley Unified	1124	129
36676780000000	Chino Valley Unified	549	97
36676780000000	Chino Valley Unified	328	19
36676780000000	Chino Valley Unified	846	130
36676780000000	Chino Valley Unified	247	32
36676783630035	Don Antonio Lugo High	487	35
36676783630035	Don Antonio Lugo High	318	25
36676783630035	Don Antonio Lugo High	268	17
36676783630035	Don Antonio Lugo High	219	18
36676783630035	Don Antonio Lugo High	138	15
36676783630035	Don Antonio Lugo High	257	30
36676783631017	Chino Hills High	645	19
36676783631017	Chino Hills High	164	11
36676783631181	Chino Valley Learning Academy	2321	176
36676783631181	Chino Valley Learning Academy	118	11
36676783631181	Chino Valley Learning Academy	1141	123
36676783631181	Chino Valley Learning Academy	666	31
36676783631181	Chino Valley Learning Academy	172	55
36676783631181	Chino Valley Learning Academy	1197	47
36676783631181	Chino Valley Learning Academy	592	26
36676783631181	Chino Valley Learning Academy	338	12
36676783631181	Chino Valley Learning Academy	1124	129
36676783631181	Chino Valley Learning Academy	549	97
36676783631181	Chino Valley Learning Academy	328	19
36676783631181	Chino Valley Learning Academy	846	130
36676783631181	Chino Valley Learning Academy	247	32
36676783631587	Boys Republic High	2321	176
36676783631587	Boys Republic High	118	11
36676783631587	Boys Republic High	1141	123
36676783631587	Boys Republic High	666	31
36676783631587	Boys Republic High	172	55
36676783631587	Boys Republic High	1197	47
36676783631587	Boys Republic High	592	26
36676783631587	Boys Republic High	338	12
36676783631587	Boys Republic High	1124	129
36676783631587	Boys Republic High	549	97
36676783631587	Boys Republic High	328	19
36676783631587	Boys Republic High	846	130
36676783631587	Boys Republic High	247	32
36676783631769	Buena Vista Continuation High	2321	176
36676783631769	Buena Vista Continuation High	118	11
36676783631769	Buena Vista Continuation High	1141	123
36676783631769	Buena Vista Continuation High	666	31
36676783631769	Buena Vista Continuation High	172	55
36676783631769	Buena Vista Continuation High	1197	47
36676783631769	Buena Vista Continuation High	592	26
36676783631769	Buena Vista Continuation High	338	12
36676783631769	Buena Vista Continuation High	1124	129
36676783631769	Buena Vista Continuation High	549	97
36676783631769	Buena Vista Continuation High	328	19
36676783631769	Buena Vista Continuation High	846	130
36676783631769	Buena Vista Continuation High	247	32
36676783632502	Chino High	552	37
36676783632502	Chino High	371	32
36676783632502	Chino High	62	12
36676783632502	Chino High	257	29
36676783632502	Chino High	170	26
36676783632502	Chino High	282	25
36676860000000	Colton Joint Unified	1254	202
36676860000000	Colton Joint Unified	77	12
36676860000000	Colton Joint Unified	1025	170
36676860000000	Colton Joint Unified	104	14
36676860000000	Colton Joint Unified	197	74
36676860000000	Colton Joint Unified	640	73
36676860000000	Colton Joint Unified	517	61
36676860000000	Colton Joint Unified	614	129
36676860000000	Colton Joint Unified	508	109
36676860000000	Colton Joint Unified	1050	185
36676860000000	Colton Joint Unified	96	35
36676863630399	Washington High	19	13
36676863630399	Washington High	16	12
36676863631322	Bloomington High	573	46
36676863631322	Bloomington High	475	41
36676863631322	Bloomington High	104	21
36676863631322	Bloomington High	274	18
36676863631322	Bloomington High	230	16
36676863631322	Bloomington High	299	28
36676863631322	Bloomington High	245	25
36676863631322	Bloomington High	491	43
36676863632742	Colton High	600	82
36676863632742	Colton High	496	68
36676863632742	Colton High	75	34
36676863632742	Colton High	326	26
36676863632742	Colton High	265	20
36676863632742	Colton High	274	56
36676863632742	Colton High	231	48
36676863632742	Colton High	487	75
36676863632742	Colton High	41	17
36676863636131	Slover Mountain High (Continuation)	1254	202
36676863636131	Slover Mountain High (Continuation)	77	12
36676863636131	Slover Mountain High (Continuation)	1025	170
36676863636131	Slover Mountain High (Continuation)	104	14
36676863636131	Slover Mountain High (Continuation)	197	74
36676863636131	Slover Mountain High (Continuation)	640	73
36676863636131	Slover Mountain High (Continuation)	517	61
36676863636131	Slover Mountain High (Continuation)	614	129
36676863636131	Slover Mountain High (Continuation)	508	109
36676863636131	Slover Mountain High (Continuation)	1050	185
36676863636131	Slover Mountain High (Continuation)	96	35
36677100000000	Fontana Unified	2588	392
36677100000000	Fontana Unified	222	37
36677100000000	Fontana Unified	2116	322
36677100000000	Fontana Unified	161	22
36677100000000	Fontana Unified	708	225
36677100000000	Fontana Unified	1378	156
36677100000000	Fontana Unified	122	15
36677100000000	Fontana Unified	1144	127
36677100000000	Fontana Unified	1210	236
36677100000000	Fontana Unified	100	22
36677100000000	Fontana Unified	972	195
36677100000000	Fontana Unified	87	12
36677100000000	Fontana Unified	2265	361
36677100000000	Fontana Unified	302	77
36677100108191	Summit High	590	33
36677100108191	Summit High	389	22
36677100108191	Summit High	125	13
36677100108191	Summit High	294	11
36677100108191	Summit High	296	22
36677100108191	Summit High	184	17
36677100108191	Summit High	477	29
36677100108191	Summit High	71	12
36677103630019	Birch High (Continuation)	2588	392
36677103630019	Birch High (Continuation)	222	37
36677103630019	Birch High (Continuation)	2116	322
36677103630019	Birch High (Continuation)	161	22
36677103630019	Birch High (Continuation)	708	225
36677103630019	Birch High (Continuation)	1378	156
36677103630019	Birch High (Continuation)	122	15
36677103630019	Birch High (Continuation)	1144	127
36677103630019	Birch High (Continuation)	1210	236
36677103630019	Birch High (Continuation)	100	22
36677103630019	Birch High (Continuation)	972	195
36677103630019	Birch High (Continuation)	87	12
36677103630019	Birch High (Continuation)	2265	361
36677103630019	Birch High (Continuation)	302	77
36677103630480	Citrus High (Continuation)	2588	392
36677103630480	Citrus High (Continuation)	222	37
36677103630480	Citrus High (Continuation)	2116	322
36677103630480	Citrus High (Continuation)	161	22
36677103630480	Citrus High (Continuation)	708	225
36677103630480	Citrus High (Continuation)	1378	156
36677103630480	Citrus High (Continuation)	122	15
36677103630480	Citrus High (Continuation)	1144	127
36677103630480	Citrus High (Continuation)	1210	236
36677103630480	Citrus High (Continuation)	100	22
36677103630480	Citrus High (Continuation)	972	195
36677103630480	Citrus High (Continuation)	87	12
36677103630480	Citrus High (Continuation)	2265	361
36677103630480	Citrus High (Continuation)	302	77
36677103630555	Fontana A. B. Miller High	514	60
36677103630555	Fontana A. B. Miller High	438	44
36677103630555	Fontana A. B. Miller High	132	34
36677103630555	Fontana A. B. Miller High	290	36
36677103630555	Fontana A. B. Miller High	247	26
36677103630555	Fontana A. B. Miller High	224	24
36677103630555	Fontana A. B. Miller High	191	18
36677103630555	Fontana A. B. Miller High	467	52
36677103630555	Fontana A. B. Miller High	67	17
36677103630902	Henry J. Kaiser High	561	47
36677103630902	Henry J. Kaiser High	445	40
36677103630902	Henry J. Kaiser High	142	29
36677103630902	Henry J. Kaiser High	309	14
36677103630902	Henry J. Kaiser High	244	12
36677103630902	Henry J. Kaiser High	252	33
36677103630902	Henry J. Kaiser High	201	28
36677103630902	Henry J. Kaiser High	468	44
36677103630902	Henry J. Kaiser High	66	12
36677103633302	Fontana High	673	125
36677103633302	Fontana High	630	115
36677103633302	Fontana High	217	87
36677103633302	Fontana High	377	50
36677103633302	Fontana High	356	46
36677103633302	Fontana High	296	75
36677103633302	Fontana High	274	69
36677103633302	Fontana High	629	117
36677103633302	Fontana High	79	28
36677770000000	Morongo Unified	556	58
36677770000000	Morongo Unified	130	16
36677770000000	Morongo Unified	334	33
36677770000000	Morongo Unified	294	16
36677770000000	Morongo Unified	171	11
36677770000000	Morongo Unified	262	42
36677770000000	Morongo Unified	50	14
36677770000000	Morongo Unified	163	22
36677770000000	Morongo Unified	340	45
36677770124214	Hope Academy Charter	19	19
36677770124214	Hope Academy Charter	11	14
36677770124214	Hope Academy Charter	16	18
36677770124214	Hope Academy Charter	19	19
36677770124214	Hope Academy Charter	11	14
36677770124214	Hope Academy Charter	16	18
36677773630209	Monument Alternative/Continuation	556	58
36677773630209	Monument Alternative/Continuation	130	16
36677773630209	Monument Alternative/Continuation	334	33
36677773630209	Monument Alternative/Continuation	294	16
36677773630209	Monument Alternative/Continuation	171	11
36677773630209	Monument Alternative/Continuation	262	42
36677773630209	Monument Alternative/Continuation	50	14
36677773630209	Monument Alternative/Continuation	163	22
36677773630209	Monument Alternative/Continuation	340	45
36677773630217	Black Rock Alternative/Continuation	556	58
36677773630217	Black Rock Alternative/Continuation	130	16
36677773630217	Black Rock Alternative/Continuation	334	33
36677773630217	Black Rock Alternative/Continuation	294	16
36677773630217	Black Rock Alternative/Continuation	171	11
36677773630217	Black Rock Alternative/Continuation	262	42
36677773630217	Black Rock Alternative/Continuation	50	14
36677773630217	Black Rock Alternative/Continuation	163	22
36677773630217	Black Rock Alternative/Continuation	340	45
36677773636743	Twentynine Palms High	170	12
36677773638616	Yucca Valley High	307	19
36677773638616	Yucca Valley High	146	15
36677773638616	Yucca Valley High	191	16
36678010000000	Needles Unified	58	11
36678013630266	Educational Training Center	58	11
36678270111807	Mojave River Academy	129	105
36678270111807	Mojave River Academy	57	50
36678270111807	Mojave River Academy	58	32
36678270111807	Mojave River Academy	15	19
36678270111807	Oro Grande Elementary	76	45
36678270111807	Oro Grande Elementary	53	60
36678270111807	Mojave River Academy	96	99
36678270111807	Mojave River Academy	129	105
36678270111807	Mojave River Academy	57	50
36678270111807	Mojave River Academy	58	32
36678270111807	Mojave River Academy	15	19
36678270111807	Mojave River Academy	76	45
36678270111807	Mojave River Academy	37	23
36678270111807	Mojave River Academy	31	12
36678270111807	Mojave River Academy	53	60
36678270111807	Mojave River Academy	20	27
36678270111807	Mojave River Academy	27	20
36678270111807	Mojave River Academy	96	99
36678430000000	Redlands Unified	1674	91
36678430000000	Redlands Unified	122	12
36678430000000	Redlands Unified	661	39
36678430000000	Redlands Unified	633	28
36678430000000	Redlands Unified	115	14
36678430000000	Redlands Unified	880	29
36678430000000	Redlands Unified	363	13
36678430000000	Redlands Unified	338	11
36678430000000	Redlands Unified	794	62
36678430000000	Redlands Unified	298	26
36678430000000	Redlands Unified	295	17
36678430000000	Redlands Unified	892	79
36678430000000	Redlands Unified	146	24
36678430118802	Citrus Valley High	391	14
36678430118802	Citrus Valley High	215	14
36678433630779	Redlands East Valley High	551	26
36678433630779	Redlands East Valley High	216	11
36678433630779	Redlands East Valley High	256	17
36678433630779	Redlands East Valley High	261	23
36678433634995	Orangewood High (Continuation)	1674	91
36678433634995	Orangewood High (Continuation)	122	12
36678433634995	Orangewood High (Continuation)	661	39
36678433634995	Orangewood High (Continuation)	633	28
36678433634995	Orangewood High (Continuation)	115	14
36678433634995	Orangewood High (Continuation)	880	29
36678433634995	Orangewood High (Continuation)	363	13
36678433634995	Orangewood High (Continuation)	338	11
36678433634995	Orangewood High (Continuation)	794	62
36678433634995	Orangewood High (Continuation)	298	26
36678433634995	Orangewood High (Continuation)	295	17
36678433634995	Orangewood High (Continuation)	892	79
36678433634995	Orangewood High (Continuation)	146	24
36678433635042	Redlands Senior High	656	21
36678433635042	Redlands Senior High	300	12
36678433635042	Redlands Senior High	349	16
36678500000000	Rialto Unified	1594	235
36678500000000	Rialto Unified	270	41
36678500000000	Rialto Unified	1166	177
36678500000000	Rialto Unified	98	13
36678500000000	Rialto Unified	386	96
36678500000000	Rialto Unified	886	90
36678500000000	Rialto Unified	157	17
36678500000000	Rialto Unified	641	64
36678500000000	Rialto Unified	708	145
36678500000000	Rialto Unified	113	24
36678500000000	Rialto Unified	525	113
36678500000000	Rialto Unified	1467	207
36678500000000	Rialto Unified	105	49
36678500102830	Wilmer Amina Carter High	498	46
36678500102830	Wilmer Amina Carter High	299	31
36678500102830	Wilmer Amina Carter High	75	20
36678500102830	Wilmer Amina Carter High	261	22
36678500102830	Wilmer Amina Carter High	143	14
36678500102830	Wilmer Amina Carter High	237	24
36678500102830	Wilmer Amina Carter High	156	17
36678500102830	Wilmer Amina Carter High	438	37
36678500102830	Wilmer Amina Carter High	41	12
36678503630159	Milor Continuation High	1594	235
36678503630159	Milor Continuation High	270	41
36678503630159	Milor Continuation High	1166	177
36678503630159	Milor Continuation High	98	13
36678503630159	Milor Continuation High	386	96
36678503630159	Milor Continuation High	886	90
36678503630159	Milor Continuation High	157	17
36678503630159	Milor Continuation High	641	64
36678503630159	Milor Continuation High	708	145
36678503630159	Milor Continuation High	113	24
36678503630159	Milor Continuation High	525	113
36678503630159	Milor Continuation High	1467	207
36678503630159	Milor Continuation High	105	49
36678503630530	Zupanic High	31	28
36678503630530	Zupanic High	22	22
36678503630530	Zupanic High	23	16
36678503630530	Zupanic High	14	11
36678503630530	Zupanic High	28	28
36678503630597	Rialto High	565	59
36678503630597	Rialto High	463	46
36678503630597	Rialto High	152	29
36678503630597	Rialto High	333	15
36678503630597	Rialto High	276	12
36678503630597	Rialto High	232	44
36678503630597	Rialto High	187	34
36678503630597	Rialto High	529	49
36678503630597	Rialto High	29	16
36678503633005	Eisenhower Senior High	451	43
36678503633005	Eisenhower Senior High	348	35
36678503633005	Eisenhower Senior High	139	19
36678503633005	Eisenhower Senior High	243	15
36678503633005	Eisenhower Senior High	191	12
36678503633005	Eisenhower Senior High	208	28
36678503633005	Eisenhower Senior High	157	23
36678503633005	Eisenhower Senior High	427	37
36678680000000	Rim of the World Unified	269	27
36678680000000	Rim of the World Unified	211	18
36678680000000	Rim of the World Unified	138	17
36678680000000	Rim of the World Unified	112	13
36678680000000	Rim of the World Unified	136	24
36678683630241	Mountain High	269	27
36678683630241	Mountain High	211	18
36678683630241	Mountain High	138	17
36678683630241	Mountain High	112	13
36678683630241	Mountain High	136	24
36678760000000	San Bernardino City Unified	77	13
36678760000000	San Bernardino City Unified	2679	560
36678760000000	San Bernardino City Unified	396	110
36678760000000	San Bernardino City Unified	1828	362
36678760000000	San Bernardino City Unified	322	63
36678760000000	San Bernardino City Unified	601	197
36678760000000	San Bernardino City Unified	1426	218
36678760000000	San Bernardino City Unified	204	41
36678760000000	San Bernardino City Unified	966	140
36678760000000	San Bernardino City Unified	183	25
36678760000000	San Bernardino City Unified	1253	342
36678760000000	San Bernardino City Unified	192	69
36678760000000	San Bernardino City Unified	862	222
36678760000000	San Bernardino City Unified	139	38
36678760000000	San Bernardino City Unified	2443	511
36678760000000	San Bernardino City Unified	248	130
36678760120568	Options for Youth-San Bernardino	22	55
36678760120568	Options for Youth-San Bernardino	14	38
36678760120568	Options for Youth-San Bernardino	12	27
36678760120568	Options for Youth-San Bernardino	21	53
36678760120568	Options for Youth-San Bernardino	22	55
36678760120568	Options for Youth-San Bernardino	14	38
36678760120568	Options for Youth-San Bernardino	12	27
36678760120568	Options for Youth-San Bernardino	21	53
36678760122572	Carden Virtual Academy	12	73
36678760122572	Carden Virtual Academy	12	70
36678760122572	The Academy of the Inland Empire	12	73
36678760122572	The Academy of the Inland Empire	12	70
36678763630308	San Andreas High	77	13
36678763630308	San Andreas High	2679	560
36678763630308	San Andreas High	396	110
36678763630308	San Andreas High	1828	362
36678763630308	San Andreas High	322	63
36678763630308	San Andreas High	601	197
36678763630308	San Andreas High	1426	218
36678763630308	San Andreas High	204	41
36678763630308	San Andreas High	966	140
36678763630308	San Andreas High	183	25
36678763630308	San Andreas High	1253	342
36678763630308	San Andreas High	192	69
36678763630308	San Andreas High	862	222
36678763630308	San Andreas High	139	38
36678763630308	San Andreas High	2443	511
36678763630308	San Andreas High	248	130
36678763630993	Provisional Accelerated Learning Academy	36	53
36678763630993	Provisional Accelerated Learning Academy	14	13
36678763630993	Provisional Accelerated Learning Academy	21	37
36678763630993	Provisional Accelerated Learning Academy	16	22
36678763630993	Provisional Accelerated Learning Academy	11	13
36678763630993	Provisional Accelerated Learning Academy	20	31
36678763630993	Provisional Accelerated Learning Academy	34	44
36678763630993	Provisional Accelerated Learning Academy	36	53
36678763630993	Provisional Accelerated Learning Academy	14	13
36678763630993	Provisional Accelerated Learning Academy	21	37
36678763630993	Provisional Accelerated Learning Academy	16	22
36678763630993	Provisional Accelerated Learning Academy	11	13
36678763630993	Provisional Accelerated Learning Academy	20	31
36678763630993	Provisional Accelerated Learning Academy	34	44
36678763631082	Arroyo Valley High	508	87
36678763631082	Arroyo Valley High	402	68
36678763631082	Arroyo Valley High	161	39
36678763631082	Arroyo Valley High	284	37
36678763631082	Arroyo Valley High	220	30
36678763631082	Arroyo Valley High	224	50
36678763631082	Arroyo Valley High	182	38
36678763631082	Arroyo Valley High	485	86
36678763631082	Arroyo Valley High	43	18
36678763632221	Cajon High	538	49
36678763632221	Cajon High	91	19
36678763632221	Cajon High	289	18
36678763632221	Cajon High	129	11
36678763632221	Cajon High	263	16
36678763632221	Cajon High	275	33
36678763632221	Cajon High	37	12
36678763632221	Cajon High	159	14
36678763632221	Cajon High	417	42
36678763632221	Cajon High	54	16
36678763632809	Sierra High	77	13
36678763632809	Sierra High	2679	560
36678763632809	Sierra High	396	110
36678763632809	Sierra High	1828	362
36678763632809	Sierra High	322	63
36678763632809	Sierra High	601	197
36678763632809	Sierra High	1426	218
36678763632809	Sierra High	204	41
36678763632809	Sierra High	966	140
36678763632809	Sierra High	183	25
36678763632809	Sierra High	1253	342
36678763632809	Sierra High	192	69
36678763632809	Sierra High	862	222
36678763632809	Sierra High	139	38
36678763632809	Sierra High	2443	511
36678763632809	Sierra High	248	130
36678763634680	Pacific High	368	98
36678763634680	Pacific High	46	20
36678763634680	Pacific High	271	62
36678763634680	Pacific High	82	41
36678763634680	Pacific High	212	32
36678763634680	Pacific High	151	18
36678763634680	Pacific High	156	66
36678763634680	Pacific High	22	14
36678763634680	Pacific High	120	44
36678763634680	Pacific High	350	88
36678763634680	Pacific High	34	30
36678763635844	San Bernardino High	337	94
36678763635844	San Bernardino High	50	18
36678763635844	San Bernardino High	254	61
36678763635844	San Bernardino High	86	28
36678763635844	San Bernardino High	182	42
36678763635844	San Bernardino High	26	11
36678763635844	San Bernardino High	141	26
36678763635844	San Bernardino High	155	52
36678763635844	San Bernardino High	113	35
36678763635844	San Bernardino High	328	83
36678763635844	San Bernardino High	35	30
36678763636081	San Gorgonio High	505	58
36678763636081	San Gorgonio High	317	40
36678763636081	San Gorgonio High	102	21
36678763636081	San Gorgonio High	277	24
36678763636081	San Gorgonio High	177	17
36678763636081	San Gorgonio High	228	34
36678763636081	San Gorgonio High	140	23
36678763636081	San Gorgonio High	458	48
36678763636081	San Gorgonio High	41	17
36679340000000	Victor Valley Union High	1357	125
36679340000000	Victor Valley Union High	306	42
36679340000000	Victor Valley Union High	787	64
36679340000000	Victor Valley Union High	187	13
36679340000000	Victor Valley Union High	167	32
36679340000000	Victor Valley Union High	749	41
36679340000000	Victor Valley Union High	170	17
36679340000000	Victor Valley Union High	440	18
36679340000000	Victor Valley Union High	608	84
36679340000000	Victor Valley Union High	136	25
36679340000000	Victor Valley Union High	347	46
36679340000000	Victor Valley Union High	1196	116
36679340000000	Victor Valley Union High	112	18
36679343630100	Goodwill High	1357	125
36679343630100	Goodwill High	306	42
36679343630100	Goodwill High	787	64
36679343630100	Goodwill High	187	13
36679343630100	Goodwill High	167	32
36679343630100	Goodwill High	749	41
36679343630100	Goodwill High	170	17
36679343630100	Goodwill High	440	18
36679343630100	Goodwill High	608	84
36679343630100	Goodwill High	136	25
36679343630100	Goodwill High	347	46
36679343630100	Goodwill High	1196	116
36679343630100	Goodwill High	112	18
36679343630670	Options for Youth-Victorville Charter	283	229
36679343630670	Options for Youth-Victorville Charter	26	37
36679343630670	Options for Youth-Victorville Charter	157	134
36679343630670	Options for Youth-Victorville Charter	79	49
36679343630670	Options for Youth-Victorville Charter	32	47
36679343630670	Options for Youth-Victorville Charter	202	114
36679343630670	Options for Youth-Victorville Charter	17	20
36679343630670	Options for Youth-Victorville Charter	109	66
36679343630670	Options for Youth-Victorville Charter	61	23
36679343630670	Options for Youth-Victorville Charter	81	115
36679343630670	Options for Youth-Victorville Charter	48	68
36679343630670	Options for Youth-Victorville Charter	18	26
36679343630670	Options for Youth-Victorville Charter	228	211
36679343630670	Options for Youth-Victorville Charter	13	22
36679343630670	Options for Youth-Victorville Charter	283	229
36679343630670	Options for Youth-Victorville Charter	26	37
36679343630670	Options for Youth-Victorville Charter	157	134
36679343630670	Options for Youth-Victorville Charter	79	49
36679343630670	Options for Youth-Victorville Charter	32	47
36679343630670	Options for Youth-Victorville Charter	202	114
36679343630670	Options for Youth-Victorville Charter	17	20
36679343630670	Options for Youth-Victorville Charter	109	66
36679343630670	Options for Youth-Victorville Charter	61	23
36679343630670	Options for Youth-Victorville Charter	81	115
36679343630670	Options for Youth-Victorville Charter	48	68
36679343630670	Options for Youth-Victorville Charter	18	26
36679343630670	Options for Youth-Victorville Charter	228	211
36679343630670	Options for Youth-Victorville Charter	13	22
36679343630761	Excelsior Charter	227	25
36679343630761	Excelsior Charter	130	11
36679343630761	Excelsior Charter	125	12
36679343630761	Excelsior Charter	102	13
36679343630761	Excelsior Charter	138	23
36679343630761	Excelsior Charter	227	25
36679343630761	Excelsior Charter	130	11
36679343630761	Excelsior Charter	125	12
36679343630761	Excelsior Charter	102	13
36679343630761	Excelsior Charter	138	23
36679343630787	Silverado High	676	56
36679343630787	Silverado High	165	19
36679343630787	Silverado High	391	27
36679343630787	Silverado High	79	11
36679343630787	Silverado High	384	19
36679343630787	Silverado High	292	37
36679343630787	Silverado High	70	11
36679343630787	Silverado High	172	19
36679343630787	Silverado High	616	53
36679343638012	Victor Valley High	433	23
36679343638012	Victor Valley High	252	12
36679343638012	Victor Valley High	221	17
36679343638012	Victor Valley High	382	21
36679590000000	Yucaipa-Calimesa Joint Unified	746	69
36679590000000	Yucaipa-Calimesa Joint Unified	237	23
36679590000000	Yucaipa-Calimesa Joint Unified	459	37
36679590000000	Yucaipa-Calimesa Joint Unified	51	11
36679590000000	Yucaipa-Calimesa Joint Unified	360	24
36679590000000	Yucaipa-Calimesa Joint Unified	234	14
36679590000000	Yucaipa-Calimesa Joint Unified	386	45
36679590000000	Yucaipa-Calimesa Joint Unified	130	13
36679590000000	Yucaipa-Calimesa Joint Unified	225	23
36679590000000	Yucaipa-Calimesa Joint Unified	380	49
36679590000000	Yucaipa-Calimesa Joint Unified	91	12
36679590101410	Oak View High School & Education Center	746	69
36679590101410	Oak View High School & Education Center	237	23
36679590101410	Oak View High School & Education Center	459	37
36679590101410	Oak View High School & Education Center	51	11
36679590101410	Oak View High School & Education Center	360	24
36679590101410	Oak View High School & Education Center	234	14
36679590101410	Oak View High School & Education Center	386	45
36679590101410	Oak View High School & Education Center	130	13
36679590101410	Oak View High School & Education Center	225	23
36679590101410	Oak View High School & Education Center	380	49
36679590101410	Oak View High School & Education Center	91	12
36679590101816	Green Valley Independent Study	746	69
36679590101816	Green Valley Independent Study	237	23
36679590101816	Green Valley Independent Study	459	37
36679590101816	Green Valley Independent Study	51	11
36679590101816	Green Valley Independent Study	360	24
36679590101816	Green Valley Independent Study	234	14
36679590101816	Green Valley Independent Study	386	45
36679590101816	Green Valley Independent Study	130	13
36679590101816	Green Valley Independent Study	225	23
36679590101816	Green Valley Independent Study	380	49
36679590101816	Green Valley Independent Study	91	12
36679593633351	Green Valley High	746	69
36679593633351	Green Valley High	237	23
36679593633351	Green Valley High	459	37
36679593633351	Green Valley High	51	11
36679593633351	Green Valley High	360	24
36679593633351	Green Valley High	234	14
36679593633351	Green Valley High	386	45
36679593633351	Green Valley High	130	13
36679593633351	Green Valley High	225	23
36679593633351	Green Valley High	380	49
36679593633351	Green Valley High	91	12
36679593638509	Yucaipa High	609	26
36679593638509	Yucaipa High	382	17
36679593638509	Yucaipa High	300	18
36679593638509	Yucaipa High	184	12
36679593638509	Yucaipa High	286	15
36739570000000	Snowline Joint Unified	556	41
36739570000000	Snowline Joint Unified	191	14
36739570000000	Snowline Joint Unified	312	17
36739570000000	Snowline Joint Unified	291	18
36739570000000	Snowline Joint Unified	265	23
36739570000000	Snowline Joint Unified	156	12
36739570000000	Snowline Joint Unified	280	30
36739570000000	Snowline Joint Unified	49	11
36739573630233	Serrano High	461	23
36739573630233	Serrano High	248	13
36739573630233	Serrano High	208	15
36739573630365	Chaparral High	556	41
36739573630365	Chaparral High	191	14
36739573630365	Chaparral High	312	17
36739573630365	Chaparral High	291	18
36739573630365	Chaparral High	265	23
36739573630365	Chaparral High	156	12
36739573630365	Chaparral High	280	30
36739573630365	Chaparral High	49	11
36739573631108	Eagle Summit Community Day	556	41
36739573631108	Eagle Summit Community Day	191	14
36739573631108	Eagle Summit Community Day	312	17
36739573631108	Eagle Summit Community Day	291	18
36739573631108	Eagle Summit Community Day	265	23
36739573631108	Eagle Summit Community Day	156	12
36739573631108	Eagle Summit Community Day	280	30
36739573631108	Eagle Summit Community Day	49	11
36750440000000	Hesperia Unified	1459	196
36750440000000	Hesperia Unified	125	19
36750440000000	Hesperia Unified	819	135
36750440000000	Hesperia Unified	464	36
36750440000000	Hesperia Unified	231	67
36750440000000	Hesperia Unified	711	78
36750440000000	Hesperia Unified	398	55
36750440000000	Hesperia Unified	230	13
36750440000000	Hesperia Unified	748	118
36750440000000	Hesperia Unified	67	11
36750440000000	Hesperia Unified	421	80
36750440000000	Hesperia Unified	234	23
36750440000000	Hesperia Unified	1421	175
36750440000000	Hesperia Unified	143	17
36750440114389	Mirus Secondary	34	12
36750440114389	Mirus Secondary	33	11
36750440114389	Mirus Secondary	34	12
36750440114389	Mirus Secondary	33	11
36750440115444	Canyon Ridge High	65	35
36750440115444	Canyon Ridge High	32	24
36750440115444	Canyon Ridge High	14	12
36750440115444	Canyon Ridge High	34	14
36750440115444	Canyon Ridge High	31	21
36750440115444	Canyon Ridge High	17	15
36750440115444	Canyon Ridge High	62	33
36750440116707	Encore High for the Performing and Visual Arts	81	15
36750440116707	Encore Jr./Sr. High School for the Performing and Visual Arts	81	15
36750440119115	Oak Hills High	376	17
36750440119115	Oak Hills High	216	11
36750440119115	Oak Hills High	365	12
36750443630407	Hesperia High	438	44
36750443630407	Hesperia High	279	35
36750443630407	Hesperia High	79	21
36750443630407	Hesperia High	221	18
36750443630407	Hesperia High	138	13
36750443630407	Hesperia High	217	26
36750443630407	Hesperia High	141	22
36750443630407	Hesperia High	432	40
36750443630472	Mojave High	1459	196
36750443630472	Mojave High	125	19
36750443630472	Mojave High	819	135
36750443630472	Mojave High	464	36
36750443630472	Mojave High	231	67
36750443630472	Mojave High	711	78
36750443630472	Mojave High	398	55
36750443630472	Mojave High	230	13
36750443630472	Mojave High	748	118
36750443630472	Mojave High	67	11
36750443630472	Mojave High	421	80
36750443630472	Mojave High	234	23
36750443630472	Mojave High	1421	175
36750443630472	Mojave High	143	17
36750443630746	Sultana High	497	33
36750443630746	Sultana High	247	23
36750443630746	Sultana High	70	11
36750443630746	Sultana High	249	14
36750443630746	Sultana High	123	12
36750443630746	Sultana High	248	19
36750443630746	Sultana High	124	11
36750443630746	Sultana High	489	26
36750443630944	Hesperia Community Day	1459	196
36750443630944	Hesperia Community Day	125	19
36750443630944	Hesperia Community Day	819	135
36750443630944	Hesperia Community Day	464	36
36750443630944	Hesperia Community Day	231	67
36750443630944	Hesperia Community Day	711	78
36750443630944	Hesperia Community Day	398	55
36750443630944	Hesperia Community Day	230	13
36750443630944	Hesperia Community Day	748	118
36750443630944	Hesperia Community Day	67	11
36750443630944	Hesperia Community Day	421	80
36750443630944	Hesperia Community Day	234	23
36750443630944	Hesperia Community Day	1421	175
36750443630944	Hesperia Community Day	143	17
36750690000000	Upland Unified	878	46
36750690000000	Upland Unified	403	28
36750690000000	Upland Unified	416	20
36750690000000	Upland Unified	190	13
36750690000000	Upland Unified	462	26
36750690000000	Upland Unified	213	15
36750690000000	Upland Unified	465	35
36750693630456	Hillside High	878	46
36750693630456	Hillside High	403	28
36750693630456	Hillside High	416	20
36750693630456	Hillside High	190	13
36750693630456	Hillside High	462	26
36750693630456	Hillside High	213	15
36750693630456	Hillside High	465	35
36750693637584	Upland High	771	15
36750693637584	Upland High	335	12
36750770000000	Apple Valley Unified	886	126
36750770000000	Apple Valley Unified	100	22
36750770000000	Apple Valley Unified	293	56
36750770000000	Apple Valley Unified	448	41
36750770000000	Apple Valley Unified	52	23
36750770000000	Apple Valley Unified	456	50
36750770000000	Apple Valley Unified	143	20
36750770000000	Apple Valley Unified	232	17
36750770000000	Apple Valley Unified	430	76
36750770000000	Apple Valley Unified	44	12
36750770000000	Apple Valley Unified	150	36
36750770000000	Apple Valley Unified	216	24
36750770000000	Apple Valley Unified	560	105
36750770000000	Apple Valley Unified	71	27
36750773630423	Apple Valley High	415	15
36750773630423	Apple Valley High	200	11
36750773630423	Apple Valley High	266	12
36750773630464	Willow Park High	886	126
36750773630464	Willow Park High	100	22
36750773630464	Willow Park High	293	56
36750773630464	Willow Park High	448	41
36750773630464	Willow Park High	52	23
36750773630464	Willow Park High	456	50
36750773630464	Willow Park High	143	20
36750773630464	Willow Park High	232	17
36750773630464	Willow Park High	430	76
36750773630464	Willow Park High	44	12
36750773630464	Willow Park High	150	36
36750773630464	Willow Park High	216	24
36750773630464	Willow Park High	560	105
36750773630464	Willow Park High	71	27
36750773630894	Granite Hills High	402	25
36750773630894	Granite Hills High	129	12
36750773630894	Granite Hills High	209	11
36750773630894	Granite Hills High	193	14
36750773630894	Granite Hills High	243	20
37000000000000	San Diego	1906	111
37000000000000	San Diego	31612	4049
37000000000000	San Diego	1920	397
37000000000000	San Diego	124	53
37000000000000	San Diego	1673	55
37000000000000	San Diego	13081	2381
37000000000000	San Diego	212	46
37000000000000	San Diego	212	32
37000000000000	San Diego	729	66
37000000000000	San Diego	11755	908
37000000000000	San Diego	4487	1530
37000000000000	San Diego	937	50
37000000000000	San Diego	16134	1637
37000000000000	San Diego	1023	174
37000000000000	San Diego	71	21
37000000000000	San Diego	819	22
37000000000000	San Diego	6808	948
37000000000000	San Diego	101	19
37000000000000	San Diego	97	15
37000000000000	San Diego	376	29
37000000000000	San Diego	5902	359
37000000000000	San Diego	969	61
37000000000000	San Diego	15478	2412
37000000000000	San Diego	897	223
37000000000000	San Diego	53	32
37000000000000	San Diego	854	33
37000000000000	San Diego	6273	1433
37000000000000	San Diego	111	27
37000000000000	San Diego	115	17
37000000000000	San Diego	353	37
37000000000000	San Diego	5853	549
37000000000000	San Diego	291	59
37000000000000	San Diego	16830	3306
37000000000000	San Diego	2892	667
37103710000000	San Diego County Office of Education	1906	111
37103710000000	San Diego County Office of Education	31612	4049
37103710000000	San Diego County Office of Education	1920	397
37103710000000	San Diego County Office of Education	124	53
37103710000000	San Diego County Office of Education	1673	55
37103710000000	San Diego County Office of Education	13081	2381
37103710000000	San Diego County Office of Education	212	46
37103710000000	San Diego County Office of Education	212	32
37103710000000	San Diego County Office of Education	729	66
37103710000000	San Diego County Office of Education	11755	908
37103710000000	San Diego County Office of Education	4487	1530
37103710000000	San Diego County Office of Education	937	50
37103710000000	San Diego County Office of Education	16134	1637
37103710000000	San Diego County Office of Education	1023	174
37103710000000	San Diego County Office of Education	71	21
37103710000000	San Diego County Office of Education	819	22
37103710000000	San Diego County Office of Education	6808	948
37103710000000	San Diego County Office of Education	101	19
37103710000000	San Diego County Office of Education	97	15
37103710000000	San Diego County Office of Education	376	29
37103710000000	San Diego County Office of Education	5902	359
37103710000000	San Diego County Office of Education	969	61
37103710000000	San Diego County Office of Education	15478	2412
37103710000000	San Diego County Office of Education	897	223
37103710000000	San Diego County Office of Education	53	32
37103710000000	San Diego County Office of Education	854	33
37103710000000	San Diego County Office of Education	6273	1433
37103710000000	San Diego County Office of Education	111	27
37103710000000	San Diego County Office of Education	115	17
37103710000000	San Diego County Office of Education	353	37
37103710000000	San Diego County Office of Education	5853	549
37103710000000	San Diego County Office of Education	291	59
37103710000000	San Diego County Office of Education	16830	3306
37103710000000	San Diego County Office of Education	2892	667
37103710115923	South Region Community	1906	111
37103710115923	South Region Community	31612	4049
37103710115923	South Region Community	1920	397
37103710115923	South Region Community	124	53
37103710115923	South Region Community	1673	55
37103710115923	South Region Community	13081	2381
37103710115923	South Region Community	212	46
37103710115923	South Region Community	212	32
37103710115923	South Region Community	729	66
37103710115923	South Region Community	11755	908
37103710115923	South Region Community	4487	1530
37103710115923	South Region Community	937	50
37103710115923	South Region Community	16134	1637
37103710115923	South Region Community	1023	174
37103710115923	South Region Community	71	21
37103710115923	South Region Community	819	22
37103710115923	South Region Community	6808	948
37103710115923	South Region Community	101	19
37103710115923	South Region Community	97	15
37103710115923	South Region Community	376	29
37103710115923	South Region Community	5902	359
37103710115923	South Region Community	969	61
37103710115923	South Region Community	15478	2412
37103710115923	South Region Community	897	223
37103710115923	South Region Community	53	32
37103710115923	South Region Community	854	33
37103710115923	South Region Community	6273	1433
37103710115923	South Region Community	111	27
37103710115923	South Region Community	115	17
37103710115923	South Region Community	353	37
37103710115923	South Region Community	5853	549
37103710115923	South Region Community	291	59
37103710115923	South Region Community	16830	3306
37103710115923	South Region Community	2892	667
37103710115931	Hope Region Community	1906	111
37103710115931	Hope Region Community	31612	4049
37103710115931	Hope Region Community	1920	397
37103710115931	Hope Region Community	124	53
37103710115931	Hope Region Community	1673	55
37103710115931	Hope Region Community	13081	2381
37103710115931	Hope Region Community	212	46
37103710115931	Hope Region Community	212	32
37103710115931	Hope Region Community	729	66
37103710115931	Hope Region Community	11755	908
37103710115931	Hope Region Community	4487	1530
37103710115931	Hope Region Community	937	50
37103710115931	Hope Region Community	16134	1637
37103710115931	Hope Region Community	1023	174
37103710115931	Hope Region Community	71	21
37103710115931	Hope Region Community	819	22
37103710115931	Hope Region Community	6808	948
37103710115931	Hope Region Community	101	19
37103710115931	Hope Region Community	97	15
37103710115931	Hope Region Community	376	29
37103710115931	Hope Region Community	5902	359
37103710115931	Hope Region Community	969	61
37103710115931	Hope Region Community	15478	2412
37103710115931	Hope Region Community	897	223
37103710115931	Hope Region Community	53	32
37103710115931	Hope Region Community	854	33
37103710115931	Hope Region Community	6273	1433
37103710115931	Hope Region Community	111	27
37103710115931	Hope Region Community	115	17
37103710115931	Hope Region Community	353	37
37103710115931	Hope Region Community	5853	549
37103710115931	Hope Region Community	291	59
37103710115931	Hope Region Community	16830	3306
37103710115931	Hope Region Community	2892	667
37103710115949	Metro Region Community	1906	111
37103710115949	Metro Region Community	31612	4049
37103710115949	Metro Region Community	1920	397
37103710115949	Metro Region Community	124	53
37103710115949	Metro Region Community	1673	55
37103710115949	Metro Region Community	13081	2381
37103710115949	Metro Region Community	212	46
37103710115949	Metro Region Community	212	32
37103710115949	Metro Region Community	729	66
37103710115949	Metro Region Community	11755	908
37103710115949	Metro Region Community	4487	1530
37103710115949	Metro Region Community	937	50
37103710115949	Metro Region Community	16134	1637
37103710115949	Metro Region Community	1023	174
37103710115949	Metro Region Community	71	21
37103710115949	Metro Region Community	819	22
37103710115949	Metro Region Community	6808	948
37103710115949	Metro Region Community	101	19
37103710115949	Metro Region Community	97	15
37103710115949	Metro Region Community	376	29
37103710115949	Metro Region Community	5902	359
37103710115949	Metro Region Community	969	61
37103710115949	Metro Region Community	15478	2412
37103710115949	Metro Region Community	897	223
37103710115949	Metro Region Community	53	32
37103710115949	Metro Region Community	854	33
37103710115949	Metro Region Community	6273	1433
37103710115949	Metro Region Community	111	27
37103710115949	Metro Region Community	115	17
37103710115949	Metro Region Community	353	37
37103710115949	Metro Region Community	5853	549
37103710115949	Metro Region Community	291	59
37103710115949	Metro Region Community	16830	3306
37103710115949	Metro Region Community	2892	667
37103710115964	Mountain Region Court	1906	111
37103710115964	Mountain Region Court	31612	4049
37103710115964	Mountain Region Court	1920	397
37103710115964	Mountain Region Court	124	53
37103710115964	Mountain Region Court	1673	55
37103710115964	Mountain Region Court	13081	2381
37103710115964	Mountain Region Court	212	46
37103710115964	Mountain Region Court	212	32
37103710115964	Mountain Region Court	729	66
37103710115964	Mountain Region Court	11755	908
37103710115964	Mountain Region Court	4487	1530
37103710115964	Mountain Region Court	937	50
37103710115964	Mountain Region Court	16134	1637
37103710115964	Mountain Region Court	1023	174
37103710115964	Mountain Region Court	71	21
37103710115964	Mountain Region Court	819	22
37103710115964	Mountain Region Court	6808	948
37103710115964	Mountain Region Court	101	19
37103710115964	Mountain Region Court	97	15
37103710115964	Mountain Region Court	376	29
37103710115964	Mountain Region Court	5902	359
37103710115964	Mountain Region Court	969	61
37103710115964	Mountain Region Court	15478	2412
37103710115964	Mountain Region Court	897	223
37103710115964	Mountain Region Court	53	32
37103710115964	Mountain Region Court	854	33
37103710115964	Mountain Region Court	6273	1433
37103710115964	Mountain Region Court	111	27
37103710115964	Mountain Region Court	115	17
37103710115964	Mountain Region Court	353	37
37103710115964	Mountain Region Court	5853	549
37103710115964	Mountain Region Court	291	59
37103710115964	Mountain Region Court	16830	3306
37103710115964	Mountain Region Court	2892	667
37103710115972	Mesa Region Court	1906	111
37103710115972	Mesa Region Court	31612	4049
37103710115972	Mesa Region Court	1920	397
37103710115972	Mesa Region Court	124	53
37103710115972	Mesa Region Court	1673	55
37103710115972	Mesa Region Court	13081	2381
37103710115972	Mesa Region Court	212	46
37103710115972	Mesa Region Court	212	32
37103710115972	Mesa Region Court	729	66
37103710115972	Mesa Region Court	11755	908
37103710115972	Mesa Region Court	4487	1530
37103710115972	Mesa Region Court	937	50
37103710115972	Mesa Region Court	16134	1637
37103710115972	Mesa Region Court	1023	174
37103710115972	Mesa Region Court	71	21
37103710115972	Mesa Region Court	819	22
37103710115972	Mesa Region Court	6808	948
37103710115972	Mesa Region Court	101	19
37103710115972	Mesa Region Court	97	15
37103710115972	Mesa Region Court	376	29
37103710115972	Mesa Region Court	5902	359
37103710115972	Mesa Region Court	969	61
37103710115972	Mesa Region Court	15478	2412
37103710115972	Mesa Region Court	897	223
37103710115972	Mesa Region Court	53	32
37103710115972	Mesa Region Court	854	33
37103710115972	Mesa Region Court	6273	1433
37103710115972	Mesa Region Court	111	27
37103710115972	Mesa Region Court	115	17
37103710115972	Mesa Region Court	353	37
37103710115972	Mesa Region Court	5853	549
37103710115972	Mesa Region Court	291	59
37103710115972	Mesa Region Court	16830	3306
37103710115972	Mesa Region Court	2892	667
37103710115998	San Pasqual Academy	1906	111
37103710115998	San Pasqual Academy	31612	4049
37103710115998	San Pasqual Academy	1920	397
37103710115998	San Pasqual Academy	124	53
37103710115998	San Pasqual Academy	1673	55
37103710115998	San Pasqual Academy	13081	2381
37103710115998	San Pasqual Academy	212	46
37103710115998	San Pasqual Academy	212	32
37103710115998	San Pasqual Academy	729	66
37103710115998	San Pasqual Academy	11755	908
37103710115998	San Pasqual Academy	4487	1530
37103710115998	San Pasqual Academy	937	50
37103710115998	San Pasqual Academy	16134	1637
37103710115998	San Pasqual Academy	1023	174
37103710115998	San Pasqual Academy	71	21
37103710115998	San Pasqual Academy	819	22
37103710115998	San Pasqual Academy	6808	948
37103710115998	San Pasqual Academy	101	19
37103710115998	San Pasqual Academy	97	15
37103710115998	San Pasqual Academy	376	29
37103710115998	San Pasqual Academy	5902	359
37103710115998	San Pasqual Academy	969	61
37103710115998	San Pasqual Academy	15478	2412
37103710115998	San Pasqual Academy	897	223
37103710115998	San Pasqual Academy	53	32
37103710115998	San Pasqual Academy	854	33
37103710115998	San Pasqual Academy	6273	1433
37103710115998	San Pasqual Academy	111	27
37103710115998	San Pasqual Academy	115	17
37103710115998	San Pasqual Academy	353	37
37103710115998	San Pasqual Academy	5853	549
37103710115998	San Pasqual Academy	291	59
37103710115998	San Pasqual Academy	16830	3306
37103710115998	San Pasqual Academy	2892	667
37103710116012	Metro Region Court	1906	111
37103710116012	Metro Region Court	31612	4049
37103710116012	Metro Region Court	1920	397
37103710116012	Metro Region Court	124	53
37103710116012	Metro Region Court	1673	55
37103710116012	Metro Region Court	13081	2381
37103710116012	Metro Region Court	212	46
37103710116012	Metro Region Court	212	32
37103710116012	Metro Region Court	729	66
37103710116012	Metro Region Court	11755	908
37103710116012	Metro Region Court	4487	1530
37103710116012	Metro Region Court	937	50
37103710116012	Metro Region Court	16134	1637
37103710116012	Metro Region Court	1023	174
37103710116012	Metro Region Court	71	21
37103710116012	Metro Region Court	819	22
37103710116012	Metro Region Court	6808	948
37103710116012	Metro Region Court	101	19
37103710116012	Metro Region Court	97	15
37103710116012	Metro Region Court	376	29
37103710116012	Metro Region Court	5902	359
37103710116012	Metro Region Court	969	61
37103710116012	Metro Region Court	15478	2412
37103710116012	Metro Region Court	897	223
37103710116012	Metro Region Court	53	32
37103710116012	Metro Region Court	854	33
37103710116012	Metro Region Court	6273	1433
37103710116012	Metro Region Court	111	27
37103710116012	Metro Region Court	115	17
37103710116012	Metro Region Court	353	37
37103710116012	Metro Region Court	5853	549
37103710116012	Metro Region Court	291	59
37103710116012	Metro Region Court	16830	3306
37103710116012	Metro Region Court	2892	667
37103710116020	East Region Court	1906	111
37103710116020	East Region Court	31612	4049
37103710116020	East Region Court	1920	397
37103710116020	East Region Court	124	53
37103710116020	East Region Court	1673	55
37103710116020	East Region Court	13081	2381
37103710116020	East Region Court	212	46
37103710116020	East Region Court	212	32
37103710116020	East Region Court	729	66
37103710116020	East Region Court	11755	908
37103710116020	East Region Court	4487	1530
37103710116020	East Region Court	937	50
37103710116020	East Region Court	16134	1637
37103710116020	East Region Court	1023	174
37103710116020	East Region Court	71	21
37103710116020	East Region Court	819	22
37103710116020	East Region Court	6808	948
37103710116020	East Region Court	101	19
37103710116020	East Region Court	97	15
37103710116020	East Region Court	376	29
37103710116020	East Region Court	5902	359
37103710116020	East Region Court	969	61
37103710116020	East Region Court	15478	2412
37103710116020	East Region Court	897	223
37103710116020	East Region Court	53	32
37103710116020	East Region Court	854	33
37103710116020	East Region Court	6273	1433
37103710116020	East Region Court	111	27
37103710116020	East Region Court	115	17
37103710116020	East Region Court	353	37
37103710116020	East Region Court	5853	549
37103710116020	East Region Court	291	59
37103710116020	East Region Court	16830	3306
37103710116020	East Region Court	2892	667
37103710116038	North Region Court	1906	111
37103710116038	North Region Court	31612	4049
37103710116038	North Region Court	1920	397
37103710116038	North Region Court	124	53
37103710116038	North Region Court	1673	55
37103710116038	North Region Court	13081	2381
37103710116038	North Region Court	212	46
37103710116038	North Region Court	212	32
37103710116038	North Region Court	729	66
37103710116038	North Region Court	11755	908
37103710116038	North Region Court	4487	1530
37103710116038	North Region Court	937	50
37103710116038	North Region Court	16134	1637
37103710116038	North Region Court	1023	174
37103710116038	North Region Court	71	21
37103710116038	North Region Court	819	22
37103710116038	North Region Court	6808	948
37103710116038	North Region Court	101	19
37103710116038	North Region Court	97	15
37103710116038	North Region Court	376	29
37103710116038	North Region Court	5902	359
37103710116038	North Region Court	969	61
37103710116038	North Region Court	15478	2412
37103710116038	North Region Court	897	223
37103710116038	North Region Court	53	32
37103710116038	North Region Court	854	33
37103710116038	North Region Court	6273	1433
37103710116038	North Region Court	111	27
37103710116038	North Region Court	115	17
37103710116038	North Region Court	353	37
37103710116038	North Region Court	5853	549
37103710116038	North Region Court	291	59
37103710116038	North Region Court	16830	3306
37103710116038	North Region Court	2892	667
37103710124677	East Region Community School of Greater El Cajon	1906	111
37103710124677	East Region Community School of Greater El Cajon	31612	4049
37103710124677	East Region Community School of Greater El Cajon	1920	397
37103710124677	East Region Community School of Greater El Cajon	124	53
37103710124677	East Region Community School of Greater El Cajon	1673	55
37103710124677	East Region Community School of Greater El Cajon	13081	2381
37103710124677	East Region Community School of Greater El Cajon	212	46
37103710124677	East Region Community School of Greater El Cajon	212	32
37103710124677	East Region Community School of Greater El Cajon	729	66
37103710124677	East Region Community School of Greater El Cajon	11755	908
37103710124677	East Region Community School of Greater El Cajon	4487	1530
37103710124677	East Region Community School of Greater El Cajon	937	50
37103710124677	East Region Community School of Greater El Cajon	16134	1637
37103710124677	East Region Community School of Greater El Cajon	1023	174
37103710124677	East Region Community School of Greater El Cajon	71	21
37103710124677	East Region Community School of Greater El Cajon	819	22
37103710124677	East Region Community School of Greater El Cajon	6808	948
37103710124677	East Region Community School of Greater El Cajon	101	19
37103710124677	East Region Community School of Greater El Cajon	97	15
37103710124677	East Region Community School of Greater El Cajon	376	29
37103710124677	East Region Community School of Greater El Cajon	5902	359
37103710124677	East Region Community School of Greater El Cajon	969	61
37103710124677	East Region Community School of Greater El Cajon	15478	2412
37103710124677	East Region Community School of Greater El Cajon	897	223
37103710124677	East Region Community School of Greater El Cajon	53	32
37103710124677	East Region Community School of Greater El Cajon	854	33
37103710124677	East Region Community School of Greater El Cajon	6273	1433
37103710124677	East Region Community School of Greater El Cajon	111	27
37103710124677	East Region Community School of Greater El Cajon	115	17
37103710124677	East Region Community School of Greater El Cajon	353	37
37103710124677	East Region Community School of Greater El Cajon	5853	549
37103710124677	East Region Community School of Greater El Cajon	291	59
37103710124677	East Region Community School of Greater El Cajon	16830	3306
37103710124677	East Region Community School of Greater El Cajon	2892	667
37103710124685	East Region Community School of Greater La Mesa	1906	111
37103710124685	East Region Community School of Greater La Mesa	31612	4049
37103710124685	East Region Community School of Greater La Mesa	1920	397
37103710124685	East Region Community School of Greater La Mesa	124	53
37103710124685	East Region Community School of Greater La Mesa	1673	55
37103710124685	East Region Community School of Greater La Mesa	13081	2381
37103710124685	East Region Community School of Greater La Mesa	212	46
37103710124685	East Region Community School of Greater La Mesa	212	32
37103710124685	East Region Community School of Greater La Mesa	729	66
37103710124685	East Region Community School of Greater La Mesa	11755	908
37103710124685	East Region Community School of Greater La Mesa	4487	1530
37103710124685	East Region Community School of Greater La Mesa	937	50
37103710124685	East Region Community School of Greater La Mesa	16134	1637
37103710124685	East Region Community School of Greater La Mesa	1023	174
37103710124685	East Region Community School of Greater La Mesa	71	21
37103710124685	East Region Community School of Greater La Mesa	819	22
37103710124685	East Region Community School of Greater La Mesa	6808	948
37103710124685	East Region Community School of Greater La Mesa	101	19
37103710124685	East Region Community School of Greater La Mesa	97	15
37103710124685	East Region Community School of Greater La Mesa	376	29
37103710124685	East Region Community School of Greater La Mesa	5902	359
37103710124685	East Region Community School of Greater La Mesa	969	61
37103710124685	East Region Community School of Greater La Mesa	15478	2412
37103710124685	East Region Community School of Greater La Mesa	897	223
37103710124685	East Region Community School of Greater La Mesa	53	32
37103710124685	East Region Community School of Greater La Mesa	854	33
37103710124685	East Region Community School of Greater La Mesa	6273	1433
37103710124685	East Region Community School of Greater La Mesa	111	27
37103710124685	East Region Community School of Greater La Mesa	115	17
37103710124685	East Region Community School of Greater La Mesa	353	37
37103710124685	East Region Community School of Greater La Mesa	5853	549
37103710124685	East Region Community School of Greater La Mesa	291	59
37103710124685	East Region Community School of Greater La Mesa	16830	3306
37103710124685	East Region Community School of Greater La Mesa	2892	667
37103710124693	North Region Community School of Greater Escondido	1906	111
37103710124693	North Region Community School of Greater Escondido	31612	4049
37103710124693	North Region Community School of Greater Escondido	1920	397
37103710124693	North Region Community School of Greater Escondido	124	53
37103710124693	North Region Community School of Greater Escondido	1673	55
37103710124693	North Region Community School of Greater Escondido	13081	2381
37103710124693	North Region Community School of Greater Escondido	212	46
37103710124693	North Region Community School of Greater Escondido	212	32
37103710124693	North Region Community School of Greater Escondido	729	66
37103710124693	North Region Community School of Greater Escondido	11755	908
37103710124693	North Region Community School of Greater Escondido	4487	1530
37103710124693	North Region Community School of Greater Escondido	937	50
37103710124693	North Region Community School of Greater Escondido	16134	1637
37103710124693	North Region Community School of Greater Escondido	1023	174
37103710124693	North Region Community School of Greater Escondido	71	21
37103710124693	North Region Community School of Greater Escondido	819	22
37103710124693	North Region Community School of Greater Escondido	6808	948
37103710124693	North Region Community School of Greater Escondido	101	19
37103710124693	North Region Community School of Greater Escondido	97	15
37103710124693	North Region Community School of Greater Escondido	376	29
37103710124693	North Region Community School of Greater Escondido	5902	359
37103710124693	North Region Community School of Greater Escondido	969	61
37103710124693	North Region Community School of Greater Escondido	15478	2412
37103710124693	North Region Community School of Greater Escondido	897	223
37103710124693	North Region Community School of Greater Escondido	53	32
37103710124693	North Region Community School of Greater Escondido	854	33
37103710124693	North Region Community School of Greater Escondido	6273	1433
37103710124693	North Region Community School of Greater Escondido	111	27
37103710124693	North Region Community School of Greater Escondido	115	17
37103710124693	North Region Community School of Greater Escondido	353	37
37103710124693	North Region Community School of Greater Escondido	5853	549
37103710124693	North Region Community School of Greater Escondido	291	59
37103710124693	North Region Community School of Greater Escondido	16830	3306
37103710124693	North Region Community School of Greater Escondido	2892	667
37103710124701	North Region Community School of Greater Oceanside	1906	111
37103710124701	North Region Community School of Greater Oceanside	31612	4049
37103710124701	North Region Community School of Greater Oceanside	1920	397
37103710124701	North Region Community School of Greater Oceanside	124	53
37103710124701	North Region Community School of Greater Oceanside	1673	55
37103710124701	North Region Community School of Greater Oceanside	13081	2381
37103710124701	North Region Community School of Greater Oceanside	212	46
37103710124701	North Region Community School of Greater Oceanside	212	32
37103710124701	North Region Community School of Greater Oceanside	729	66
37103710124701	North Region Community School of Greater Oceanside	11755	908
37103710124701	North Region Community School of Greater Oceanside	4487	1530
37103710124701	North Region Community School of Greater Oceanside	937	50
37103710124701	North Region Community School of Greater Oceanside	16134	1637
37103710124701	North Region Community School of Greater Oceanside	1023	174
37103710124701	North Region Community School of Greater Oceanside	71	21
37103710124701	North Region Community School of Greater Oceanside	819	22
37103710124701	North Region Community School of Greater Oceanside	6808	948
37103710124701	North Region Community School of Greater Oceanside	101	19
37103710124701	North Region Community School of Greater Oceanside	97	15
37103710124701	North Region Community School of Greater Oceanside	376	29
37103710124701	North Region Community School of Greater Oceanside	5902	359
37103710124701	North Region Community School of Greater Oceanside	969	61
37103710124701	North Region Community School of Greater Oceanside	15478	2412
37103710124701	North Region Community School of Greater Oceanside	897	223
37103710124701	North Region Community School of Greater Oceanside	53	32
37103710124701	North Region Community School of Greater Oceanside	854	33
37103710124701	North Region Community School of Greater Oceanside	6273	1433
37103710124701	North Region Community School of Greater Oceanside	111	27
37103710124701	North Region Community School of Greater Oceanside	115	17
37103710124701	North Region Community School of Greater Oceanside	353	37
37103710124701	North Region Community School of Greater Oceanside	5853	549
37103710124701	North Region Community School of Greater Oceanside	291	59
37103710124701	North Region Community School of Greater Oceanside	16830	3306
37103710124701	North Region Community School of Greater Oceanside	2892	667
37103710124719	North Region Community School of Greater San Marcos	1906	111
37103710124719	North Region Community School of Greater San Marcos	31612	4049
37103710124719	North Region Community School of Greater San Marcos	1920	397
37103710124719	North Region Community School of Greater San Marcos	124	53
37103710124719	North Region Community School of Greater San Marcos	1673	55
37103710124719	North Region Community School of Greater San Marcos	13081	2381
37103710124719	North Region Community School of Greater San Marcos	212	46
37103710124719	North Region Community School of Greater San Marcos	212	32
37103710124719	North Region Community School of Greater San Marcos	729	66
37103710124719	North Region Community School of Greater San Marcos	11755	908
37103710124719	North Region Community School of Greater San Marcos	4487	1530
37103710124719	North Region Community School of Greater San Marcos	937	50
37103710124719	North Region Community School of Greater San Marcos	16134	1637
37103710124719	North Region Community School of Greater San Marcos	1023	174
37103710124719	North Region Community School of Greater San Marcos	71	21
37103710124719	North Region Community School of Greater San Marcos	819	22
37103710124719	North Region Community School of Greater San Marcos	6808	948
37103710124719	North Region Community School of Greater San Marcos	101	19
37103710124719	North Region Community School of Greater San Marcos	97	15
37103710124719	North Region Community School of Greater San Marcos	376	29
37103710124719	North Region Community School of Greater San Marcos	5902	359
37103710124719	North Region Community School of Greater San Marcos	969	61
37103710124719	North Region Community School of Greater San Marcos	15478	2412
37103710124719	North Region Community School of Greater San Marcos	897	223
37103710124719	North Region Community School of Greater San Marcos	53	32
37103710124719	North Region Community School of Greater San Marcos	854	33
37103710124719	North Region Community School of Greater San Marcos	6273	1433
37103710124719	North Region Community School of Greater San Marcos	111	27
37103710124719	North Region Community School of Greater San Marcos	115	17
37103710124719	North Region Community School of Greater San Marcos	353	37
37103710124719	North Region Community School of Greater San Marcos	5853	549
37103710124719	North Region Community School of Greater San Marcos	291	59
37103710124719	North Region Community School of Greater San Marcos	16830	3306
37103710124719	North Region Community School of Greater San Marcos	2892	667
37103710126318	Metro Central Region Community	1906	111
37103710126318	Metro Central Region Community	31612	4049
37103710126318	Metro Central Region Community	1920	397
37103710126318	Metro Central Region Community	124	53
37103710126318	Metro Central Region Community	1673	55
37103710126318	Metro Central Region Community	13081	2381
37103710126318	Metro Central Region Community	212	46
37103710126318	Metro Central Region Community	212	32
37103710126318	Metro Central Region Community	729	66
37103710126318	Metro Central Region Community	11755	908
37103710126318	Metro Central Region Community	4487	1530
37103710126318	Metro Central Region Community	937	50
37103710126318	Metro Central Region Community	16134	1637
37103710126318	Metro Central Region Community	1023	174
37103710126318	Metro Central Region Community	71	21
37103710126318	Metro Central Region Community	819	22
37103710126318	Metro Central Region Community	6808	948
37103710126318	Metro Central Region Community	101	19
37103710126318	Metro Central Region Community	97	15
37103710126318	Metro Central Region Community	376	29
37103710126318	Metro Central Region Community	5902	359
37103710126318	Metro Central Region Community	969	61
37103710126318	Metro Central Region Community	15478	2412
37103710126318	Metro Central Region Community	897	223
37103710126318	Metro Central Region Community	53	32
37103710126318	Metro Central Region Community	854	33
37103710126318	Metro Central Region Community	6273	1433
37103710126318	Metro Central Region Community	111	27
37103710126318	Metro Central Region Community	115	17
37103710126318	Metro Central Region Community	353	37
37103710126318	Metro Central Region Community	5853	549
37103710126318	Metro Central Region Community	291	59
37103710126318	Metro Central Region Community	16830	3306
37103710126318	Metro Central Region Community	2892	667
37103710126326	Metro East Region Community	1906	111
37103710126326	Metro East Region Community	31612	4049
37103710126326	Metro East Region Community	1920	397
37103710126326	Metro East Region Community	124	53
37103710126326	Metro East Region Community	1673	55
37103710126326	Metro East Region Community	13081	2381
37103710126326	Metro East Region Community	212	46
37103710126326	Metro East Region Community	212	32
37103710126326	Metro East Region Community	729	66
37103710126326	Metro East Region Community	11755	908
37103710126326	Metro East Region Community	4487	1530
37103710126326	Metro East Region Community	937	50
37103710126326	Metro East Region Community	16134	1637
37103710126326	Metro East Region Community	1023	174
37103710126326	Metro East Region Community	71	21
37103710126326	Metro East Region Community	819	22
37103710126326	Metro East Region Community	6808	948
37103710126326	Metro East Region Community	101	19
37103710126326	Metro East Region Community	97	15
37103710126326	Metro East Region Community	376	29
37103710126326	Metro East Region Community	5902	359
37103710126326	Metro East Region Community	969	61
37103710126326	Metro East Region Community	15478	2412
37103710126326	Metro East Region Community	897	223
37103710126326	Metro East Region Community	53	32
37103710126326	Metro East Region Community	854	33
37103710126326	Metro East Region Community	6273	1433
37103710126326	Metro East Region Community	111	27
37103710126326	Metro East Region Community	115	17
37103710126326	Metro East Region Community	353	37
37103710126326	Metro East Region Community	5853	549
37103710126326	Metro East Region Community	291	59
37103710126326	Metro East Region Community	16830	3306
37103710126326	Metro East Region Community	2892	667
37103710126359	South Region Community School of National City	1906	111
37103710126359	South Region Community School of National City	31612	4049
37103710126359	South Region Community School of National City	1920	397
37103710126359	South Region Community School of National City	124	53
37103710126359	South Region Community School of National City	1673	55
37103710126359	South Region Community School of National City	13081	2381
37103710126359	South Region Community School of National City	212	46
37103710126359	South Region Community School of National City	212	32
37103710126359	South Region Community School of National City	729	66
37103710126359	South Region Community School of National City	11755	908
37103710126359	South Region Community School of National City	4487	1530
37103710126359	South Region Community School of National City	937	50
37103710126359	South Region Community School of National City	16134	1637
37103710126359	South Region Community School of National City	1023	174
37103710126359	South Region Community School of National City	71	21
37103710126359	South Region Community School of National City	819	22
37103710126359	South Region Community School of National City	6808	948
37103710126359	South Region Community School of National City	101	19
37103710126359	South Region Community School of National City	97	15
37103710126359	South Region Community School of National City	376	29
37103710126359	South Region Community School of National City	5902	359
37103710126359	South Region Community School of National City	969	61
37103710126359	South Region Community School of National City	15478	2412
37103710126359	South Region Community School of National City	897	223
37103710126359	South Region Community School of National City	53	32
37103710126359	South Region Community School of National City	854	33
37103710126359	South Region Community School of National City	6273	1433
37103710126359	South Region Community School of National City	111	27
37103710126359	South Region Community School of National City	115	17
37103710126359	South Region Community School of National City	353	37
37103710126359	South Region Community School of National City	5853	549
37103710126359	South Region Community School of National City	291	59
37103710126359	South Region Community School of National City	16830	3306
37103710126359	South Region Community School of National City	2892	667
37103711996545	North Coastal Consortium Schools	1906	111
37103711996545	North Coastal Consortium Schools	31612	4049
37103711996545	North Coastal Consortium Schools	1920	397
37103711996545	North Coastal Consortium Schools	124	53
37103711996545	North Coastal Consortium Schools	1673	55
37103711996545	North Coastal Consortium Schools	13081	2381
37103711996545	North Coastal Consortium Schools	212	46
37103711996545	North Coastal Consortium Schools	212	32
37103711996545	North Coastal Consortium Schools	729	66
37103711996545	North Coastal Consortium Schools	11755	908
37103711996545	North Coastal Consortium Schools	4487	1530
37103711996545	North Coastal Consortium Schools	937	50
37103711996545	North Coastal Consortium Schools	16134	1637
37103711996545	North Coastal Consortium Schools	1023	174
37103711996545	North Coastal Consortium Schools	71	21
37103711996545	North Coastal Consortium Schools	819	22
37103711996545	North Coastal Consortium Schools	6808	948
37103711996545	North Coastal Consortium Schools	101	19
37103711996545	North Coastal Consortium Schools	97	15
37103711996545	North Coastal Consortium Schools	376	29
37103711996545	North Coastal Consortium Schools	5902	359
37103711996545	North Coastal Consortium Schools	969	61
37103711996545	North Coastal Consortium Schools	15478	2412
37103711996545	North Coastal Consortium Schools	897	223
37103711996545	North Coastal Consortium Schools	53	32
37103711996545	North Coastal Consortium Schools	854	33
37103711996545	North Coastal Consortium Schools	6273	1433
37103711996545	North Coastal Consortium Schools	111	27
37103711996545	North Coastal Consortium Schools	115	17
37103711996545	North Coastal Consortium Schools	353	37
37103711996545	North Coastal Consortium Schools	5853	549
37103711996545	North Coastal Consortium Schools	291	59
37103711996545	North Coastal Consortium Schools	16830	3306
37103711996545	North Coastal Consortium Schools	2892	667
37103716069355	San Diego County Special Education	1906	111
37103716069355	San Diego County Special Education	31612	4049
37103716069355	San Diego County Special Education	1920	397
37103716069355	San Diego County Special Education	124	53
37103716069355	San Diego County Special Education	1673	55
37103716069355	San Diego County Special Education	13081	2381
37103716069355	San Diego County Special Education	212	46
37103716069355	San Diego County Special Education	212	32
37103716069355	San Diego County Special Education	729	66
37103716069355	San Diego County Special Education	11755	908
37103716069355	San Diego County Special Education	4487	1530
37103716069355	San Diego County Special Education	937	50
37103716069355	San Diego County Special Education	16134	1637
37103716069355	San Diego County Special Education	1023	174
37103716069355	San Diego County Special Education	71	21
37103716069355	San Diego County Special Education	819	22
37103716069355	San Diego County Special Education	6808	948
37103716069355	San Diego County Special Education	101	19
37103716069355	San Diego County Special Education	97	15
37103716069355	San Diego County Special Education	376	29
37103716069355	San Diego County Special Education	5902	359
37103716069355	San Diego County Special Education	969	61
37103716069355	San Diego County Special Education	15478	2412
37103716069355	San Diego County Special Education	897	223
37103716069355	San Diego County Special Education	53	32
37103716069355	San Diego County Special Education	854	33
37103716069355	San Diego County Special Education	6273	1433
37103716069355	San Diego County Special Education	111	27
37103716069355	San Diego County Special Education	115	17
37103716069355	San Diego County Special Education	353	37
37103716069355	San Diego County Special Education	5853	549
37103716069355	San Diego County Special Education	291	59
37103716069355	San Diego County Special Education	16830	3306
37103716069355	San Diego County Special Education	2892	667
37680310000000	Coronado Unified	252	13
37680313731122	Palm Academy for Learning	252	13
37680313731478	Coronado High	239	12
37680490119990	Diego Hills Charter	44	156
37680490119990	Diego Hills Charter	22	96
37680490119990	Diego Hills Charter	11	15
37680490119990	Diego Hills Charter	35	79
37680490119990	Diego Hills Charter	17	47
37680490119990	Diego Hills Charter	37	151
37680490119990	Diego Hills Charter	44	156
37680490119990	Diego Hills Charter	22	96
37680490119990	Diego Hills Charter	11	15
37680490119990	Diego Hills Charter	35	79
37680490119990	Diego Hills Charter	17	47
37680490119990	Diego Hills Charter	37	151
37681060000000	Escondido Union High	1503	163
37681060000000	Escondido Union High	884	127
37681060000000	Escondido Union High	463	22
37681060000000	Escondido Union High	209	73
37681060000000	Escondido Union High	783	57
37681060000000	Escondido Union High	481	47
37681060000000	Escondido Union High	720	106
37681060000000	Escondido Union High	403	80
37681060000000	Escondido Union High	236	16
37681060000000	Escondido Union High	985	144
37681060000000	Escondido Union High	120	27
37681063730058	San Pasqual High	521	28
37681063730058	San Pasqual High	220	20
37681063730058	San Pasqual High	50	12
37681063730058	San Pasqual High	268	11
37681063730058	San Pasqual High	253	17
37681063730058	San Pasqual High	99	11
37681063730058	San Pasqual High	262	20
37681063731023	Escondido Charter High	254	16
37681063731023	Escondido Charter High	131	13
37681063731023	Escondido Charter High	76	12
37681063731023	Escondido Charter High	254	16
37681063731023	Escondido Charter High	131	13
37681063731023	Escondido Charter High	76	12
37681063732054	Valley High (Continuation)	1503	163
37681063732054	Valley High (Continuation)	884	127
37681063732054	Valley High (Continuation)	463	22
37681063732054	Valley High (Continuation)	209	73
37681063732054	Valley High (Continuation)	783	57
37681063732054	Valley High (Continuation)	481	47
37681063732054	Valley High (Continuation)	720	106
37681063732054	Valley High (Continuation)	403	80
37681063732054	Valley High (Continuation)	236	16
37681063732054	Valley High (Continuation)	985	144
37681063732054	Valley High (Continuation)	120	27
37681063732062	Escondido High	525	34
37681063732062	Escondido High	321	23
37681063732062	Escondido High	82	14
37681063732062	Escondido High	252	24
37681063732062	Escondido High	150	15
37681063732062	Escondido High	337	31
37681063735313	Orange Glen High	391	24
37681063735313	Orange Glen High	290	19
37681063735313	Orange Glen High	59	12
37681063735313	Orange Glen High	182	18
37681063735313	Orange Glen High	131	15
37681063735313	Orange Glen High	325	22
37681220000000	Fallbrook Union High	622	73
37681220000000	Fallbrook Union High	318	49
37681220000000	Fallbrook Union High	236	14
37681220000000	Fallbrook Union High	141	35
37681220000000	Fallbrook Union High	303	28
37681220000000	Fallbrook Union High	165	18
37681220000000	Fallbrook Union High	319	45
37681220000000	Fallbrook Union High	153	31
37681220000000	Fallbrook Union High	425	50
37681220000000	Fallbrook Union High	65	15
37681223732179	Fallbrook High	554	55
37681223732179	Fallbrook High	277	37
37681223732179	Fallbrook High	218	12
37681223732179	Fallbrook High	115	26
37681223732179	Fallbrook High	265	21
37681223732179	Fallbrook High	144	12
37681223732179	Fallbrook High	289	34
37681223732179	Fallbrook High	133	25
37681223732179	Fallbrook High	375	37
37681223732179	Fallbrook High	59	12
37681223732195	Ivy High (Continuation)	622	73
37681223732195	Ivy High (Continuation)	318	49
37681223732195	Ivy High (Continuation)	236	14
37681223732195	Ivy High (Continuation)	141	35
37681223732195	Ivy High (Continuation)	303	28
37681223732195	Ivy High (Continuation)	165	18
37681223732195	Ivy High (Continuation)	319	45
37681223732195	Ivy High (Continuation)	153	31
37681223732195	Ivy High (Continuation)	425	50
37681223732195	Ivy High (Continuation)	65	15
37681300000000	Grossmont Union High	58	11
37681300000000	Grossmont Union High	3491	562
37681300000000	Grossmont Union High	228	48
37681300000000	Grossmont Union High	84	16
37681300000000	Grossmont Union High	1042	221
37681300000000	Grossmont Union High	1834	247
37681300000000	Grossmont Union High	516	210
37681300000000	Grossmont Union High	1773	248
37681300000000	Grossmont Union High	111	22
37681300000000	Grossmont Union High	530	92
37681300000000	Grossmont Union High	926	109
37681300000000	Grossmont Union High	1718	314
37681300000000	Grossmont Union High	117	26
37681300000000	Grossmont Union High	512	129
37681300000000	Grossmont Union High	908	138
37681300000000	Grossmont Union High	1675	402
37681300000000	Grossmont Union High	318	80
37681303730066	Valhalla High	426	49
37681303730066	Valhalla High	98	18
37681303730066	Valhalla High	265	29
37681303730066	Valhalla High	48	18
37681303730066	Valhalla High	210	21
37681303730066	Valhalla High	147	12
37681303730066	Valhalla High	216	28
37681303730066	Valhalla High	118	17
37681303730066	Valhalla High	133	32
37681303730066	Valhalla High	39	12
37681303730702	West Hills High	395	26
37681303730702	West Hills High	278	17
37681303730702	West Hills High	214	12
37681303730702	West Hills High	181	14
37681303730702	West Hills High	128	11
37681303731270	Gateway Community Day	58	11
37681303731270	Gateway Community Day	3491	562
37681303731270	Gateway Community Day	228	48
37681303731270	Gateway Community Day	84	16
37681303731270	Gateway Community Day	1042	221
37681303731270	Gateway Community Day	1834	247
37681303731270	Gateway Community Day	516	210
37681303731270	Gateway Community Day	1773	248
37681303731270	Gateway Community Day	111	22
37681303731270	Gateway Community Day	530	92
37681303731270	Gateway Community Day	926	109
37681303731270	Gateway Community Day	1718	314
37681303731270	Gateway Community Day	117	26
37681303731270	Gateway Community Day	512	129
37681303731270	Gateway Community Day	908	138
37681303731270	Gateway Community Day	1675	402
37681303731270	Gateway Community Day	318	80
37681303731692	El Cajon Valley High	343	117
37681303731692	El Cajon Valley High	137	38
37681303731692	El Cajon Valley High	152	63
37681303731692	El Cajon Valley High	139	85
37681303731692	El Cajon Valley High	176	60
37681303731692	El Cajon Valley High	68	17
37681303731692	El Cajon Valley High	80	32
37681303731692	El Cajon Valley High	167	57
37681303731692	El Cajon Valley High	69	21
37681303731692	El Cajon Valley High	72	31
37681303731692	El Cajon Valley High	307	110
37681303731809	El Capitan High	307	28
37681303731809	El Capitan High	59	11
37681303731809	El Capitan High	230	12
37681303731809	El Capitan High	137	12
37681303731809	El Capitan High	170	16
37681303731809	El Capitan High	128	17
37681303732336	Granite Hills High	515	58
37681303732336	Granite Hills High	137	26
37681303732336	Granite Hills High	292	22
37681303732336	Granite Hills High	45	15
37681303732336	Granite Hills High	291	23
37681303732336	Granite Hills High	79	11
37681303732336	Granite Hills High	224	35
37681303732336	Granite Hills High	58	15
37681303732336	Granite Hills High	134	14
37681303732336	Granite Hills High	173	34
37681303732336	Granite Hills High	50	13
37681303732559	Chaparral High	58	11
37681303732559	Chaparral High	3491	562
37681303732559	Chaparral High	228	48
37681303732559	Chaparral High	84	16
37681303732559	Chaparral High	1042	221
37681303732559	Chaparral High	1834	247
37681303732559	Chaparral High	516	210
37681303732559	Chaparral High	1773	248
37681303732559	Chaparral High	111	22
37681303732559	Chaparral High	530	92
37681303732559	Chaparral High	926	109
37681303732559	Chaparral High	1718	314
37681303732559	Chaparral High	117	26
37681303732559	Chaparral High	512	129
37681303732559	Chaparral High	908	138
37681303732559	Chaparral High	1675	402
37681303732559	Chaparral High	318	80
37681303732625	Grossmont High	482	59
37681303732625	Grossmont High	120	28
37681303732625	Grossmont High	277	23
37681303732625	Grossmont High	52	27
37681303732625	Grossmont High	241	28
37681303732625	Grossmont High	71	12
37681303732625	Grossmont High	122	13
37681303732625	Grossmont High	241	31
37681303732625	Grossmont High	49	16
37681303732625	Grossmont High	195	43
37681303732732	Helix High	458	23
37681303732732	Helix High	234	13
37681303732732	Helix High	312	15
37681303732732	Helix High	458	23
37681303732732	Helix High	234	13
37681303732732	Helix High	312	15
37681303734548	Monte Vista High	371	49
37681303734548	Monte Vista High	203	23
37681303734548	Monte Vista High	66	11
37681303734548	Monte Vista High	83	17
37681303734548	Monte Vista High	187	26
37681303734548	Monte Vista High	99	13
37681303734548	Monte Vista High	184	23
37681303734548	Monte Vista High	274	34
37681303734761	Mount Miguel High	304	98
37681303734761	Mount Miguel High	72	18
37681303734761	Mount Miguel High	160	50
37681303734761	Mount Miguel High	28	18
37681303734761	Mount Miguel High	83	34
37681303734761	Mount Miguel High	161	33
37681303734761	Mount Miguel High	92	13
37681303734761	Mount Miguel High	143	65
37681303734761	Mount Miguel High	42	11
37681303734761	Mount Miguel High	68	37
37681303734761	Mount Miguel High	12	13
37681303734761	Mount Miguel High	253	80
37681303734761	Mount Miguel High	27	13
37681303737905	Santana High	250	23
37681303737905	Santana High	187	19
37681303737905	Santana High	107	11
37681303737905	Santana High	143	12
37681303739000	Phoenix High	15	30
37681633731239	Julian Charter	178	29
37681633731239	Julian Charter	119	20
37681633731239	Julian Charter	97	17
37681633731239	Julian Charter	69	13
37681633731239	Julian Charter	81	12
37681633731239	Julian Charter	80	22
37681633731239	Julian Charter	178	29
37681633731239	Julian Charter	119	20
37681633731239	Julian Charter	97	17
37681633731239	Julian Charter	69	13
37681633731239	Julian Charter	81	12
37681633731239	Julian Charter	80	22
37681710000000	Julian Union High	34	12
37681713730835	Redding (Ray) High (Continuation)	34	12
37681890118323	National University Academy	54	72
37681890118323	National University Academy	23	40
37681890118323	National University Academy	24	24
37681890118323	National University Academy	28	34
37681890118323	National University Academy	16	21
37681890118323	National University Academy	26	38
37681890118323	National University Academy	15	15
37681890118323	National University Academy	35	63
37681890118323	National University Academy	54	72
37681890118323	National University Academy	23	40
37681890118323	National University Academy	24	24
37681890118323	National University Academy	28	34
37681890118323	National University Academy	16	21
37681890118323	National University Academy	26	38
37681890118323	National University Academy	15	15
37681890118323	National University Academy	35	63
37682130000000	Mountain Empire Unified	77	26
37682130000000	Mountain Empire Unified	32	12
37682130000000	Mountain Empire Unified	34	13
37682130000000	Mountain Empire Unified	43	13
37682130000000	Mountain Empire Unified	53	20
37682130119263	California Pacific Charter School of San Diego	27	60
37682130119263	California Pacific Charter School of San Diego	17	36
37682130119263	California Pacific Charter School of San Diego	15	36
37682130119263	California Pacific Charter School of San Diego	12	24
37682130119263	California Pacific Charter School of San Diego	27	60
37682130119263	California Pacific Charter School of San Diego	17	36
37682130119263	California Pacific Charter School of San Diego	15	36
37682130119263	California Pacific Charter School of San Diego	12	24
37682133730934	Campo High (Continuation)	77	26
37682133730934	Campo High (Continuation)	32	12
37682133730934	Campo High (Continuation)	34	13
37682133730934	Campo High (Continuation)	43	13
37682133730934	Campo High (Continuation)	53	20
37682133731080	Cottonwood Community Day	77	26
37682133731080	Cottonwood Community Day	32	12
37682133731080	Cottonwood Community Day	34	13
37682133731080	Cottonwood Community Day	43	13
37682133731080	Cottonwood Community Day	53	20
37682960000000	Poway Unified	2529	26
37682960000000	Poway Unified	261	12
37682960000000	Poway Unified	1237	12
37682960000000	Poway Unified	1292	14
37682960000000	Poway Unified	393	16
37682963735842	Abraxas Continuation High	2529	26
37682963735842	Abraxas Continuation High	261	12
37682963735842	Abraxas Continuation High	1237	12
37682963735842	Abraxas Continuation High	1292	14
37682963735842	Abraxas Continuation High	393	16
37683040000000	Ramona City Unified	474	27
37683040000000	Ramona City Unified	115	15
37683040000000	Ramona City Unified	242	11
37683040000000	Ramona City Unified	232	16
37683040000000	Ramona City Unified	174	18
37683040102178	Future Bound Independent Study Secondary	24	12
37683043735958	Montecito High (Continuation)	474	27
37683043735958	Montecito High (Continuation)	115	15
37683043735958	Montecito High (Continuation)	242	11
37683043735958	Montecito High (Continuation)	232	16
37683043735958	Montecito High (Continuation)	174	18
37683380000000	San Diego Unified	654	30
37683380000000	San Diego Unified	6444	450
37683380000000	San Diego Unified	750	62
37683380000000	San Diego Unified	580	16
37683380000000	San Diego Unified	2454	294
37683380000000	San Diego Unified	1757	39
37683380000000	San Diego Unified	786	229
37683380000000	San Diego Unified	3308	158
37683380000000	San Diego Unified	408	25
37683380000000	San Diego Unified	1292	103
37683380000000	San Diego Unified	893	15
37683380000000	San Diego Unified	333	21
37683380000000	San Diego Unified	3136	292
37683380000000	San Diego Unified	342	37
37683380000000	San Diego Unified	312	13
37683380000000	San Diego Unified	1162	191
37683380000000	San Diego Unified	864	24
37683380000000	San Diego Unified	4145	418
37683380000000	San Diego Unified	510	114
37683380106799	Learning Choice Academy	32	14
37683380106799	Learning Choice Academy	24	12
37683380106799	Learning Choice Academy	32	14
37683380106799	Learning Choice Academy	24	12
37683380107037	San Diego LEADS	65	18
37683380107037	San Diego LEADS	48	15
37683380107037	San Diego LEADS	29	12
37683380107037	San Diego LEADS	64	18
37683380107045	San Diego Communication	37	17
37683380107045	San Diego Communication	32	16
37683380107045	San Diego Communication	22	15
37683380107045	San Diego Communication	37	17
37683380107052	San Diego Business	70	13
37683380107052	San Diego Business	51	12
37683380107052	San Diego Business	70	12
37683380107060	San Diego MVP Arts	55	17
37683380107060	San Diego MVP Arts	45	13
37683380107060	San Diego MVP Arts	54	17
37683380107193	Crawford Law and Business	33	11
37683380107193	Crawford Law and Business	33	11
37683380107201	Crawford IDEA	43	12
37683380107201	Crawford IDEA	27	11
37683380114025	Lincoln High	308	59
37683380114025	Lincoln High	168	44
37683380114025	Lincoln High	72	35
37683380114025	Lincoln High	162	26
37683380114025	Lincoln High	83	18
37683380114025	Lincoln High	146	33
37683380114025	Lincoln High	85	26
37683380114025	Lincoln High	307	59
37683380114520	Arroyo Paseo Charter High	25	12
37683380114520	Arroyo Paseo Charter High	17	12
37683380114520	Arroyo Paseo Charter High	25	12
37683380114520	Arroyo Paseo Charter High	25	12
37683380114520	Arroyo Paseo Charter High	17	12
37683380114520	Arroyo Paseo Charter High	25	12
37683383730231	Twain High	171	31
37683383730231	Twain High	98	16
37683383730231	Twain High	50	11
37683383730231	Twain High	97	13
37683383730231	Twain High	74	18
37683383730231	Twain High	148	28
37683383730959	Charter School of San Diego	308	64
37683383730959	Charter School of San Diego	132	30
37683383730959	Charter School of San Diego	116	18
37683383730959	Charter School of San Diego	24	11
37683383730959	Charter School of San Diego	173	33
37683383730959	Charter School of San Diego	68	17
37683383730959	Charter School of San Diego	135	31
37683383730959	Charter School of San Diego	64	13
37683383730959	Charter School of San Diego	48	12
37683383730959	Charter School of San Diego	220	57
37683383730959	Charter School of San Diego	308	64
37683383730959	Charter School of San Diego	132	30
37683383730959	Charter School of San Diego	116	18
37683383730959	Charter School of San Diego	24	11
37683383730959	Charter School of San Diego	173	33
37683383730959	Charter School of San Diego	68	17
37683383730959	Charter School of San Diego	135	31
37683383730959	Charter School of San Diego	64	13
37683383730959	Charter School of San Diego	48	12
37683383730959	Charter School of San Diego	220	57
37683383731213	Clairemont High	226	14
37683383731213	Clairemont High	128	13
37683383731395	Audeo Charter	52	11
37683383731395	Audeo Charter	40	11
37683383731395	Audeo Charter	52	11
37683383731395	Audeo Charter	40	11
37683383732997	Hoover High	285	39
37683383732997	Hoover High	198	32
37683383732997	Hoover High	71	24
37683383732997	Hoover High	147	31
37683383732997	Hoover High	101	27
37683383732997	Hoover High	285	39
37683383734431	Mission Bay High	312	12
37683383734431	Mission Bay High	248	11
37683383734654	Morse High	379	20
37683383734654	Morse High	191	15
37683383734654	Morse High	301	17
37683383737962	Garfield High	72	39
37683383737962	Garfield High	61	30
37683383737962	Garfield High	26	14
37683383737962	Garfield High	35	15
37683383737962	Garfield High	27	11
37683383737962	Garfield High	37	24
37683383737962	Garfield High	34	19
37683383737962	Garfield High	68	39
37683460000000	San Dieguito Union High	2022	44
37683460000000	San Dieguito Union High	235	20
37683460000000	San Dieguito Union High	1450	19
37683460000000	San Dieguito Union High	86	12
37683460000000	San Dieguito Union High	995	22
37683460000000	San Dieguito Union High	110	12
37683460000000	San Dieguito Union High	1027	22
37683460000000	San Dieguito Union High	723	12
37683460000000	San Dieguito Union High	210	20
37683460000000	San Dieguito Union High	202	14
37683463730769	North Coast Alternative High	2022	44
37683463730769	North Coast Alternative High	235	20
37683463730769	North Coast Alternative High	1450	19
37683463730769	North Coast Alternative High	86	12
37683463730769	North Coast Alternative High	995	22
37683463730769	North Coast Alternative High	110	12
37683463730769	North Coast Alternative High	1027	22
37683463730769	North Coast Alternative High	723	12
37683463730769	North Coast Alternative High	210	20
37683463730769	North Coast Alternative High	202	14
37683463731007	La Costa Canyon High	540	12
37683463737384	Sunset High (Continuation)	2022	44
37683463737384	Sunset High (Continuation)	235	20
37683463737384	Sunset High (Continuation)	1450	19
37683463737384	Sunset High (Continuation)	86	12
37683463737384	Sunset High (Continuation)	995	22
37683463737384	Sunset High (Continuation)	110	12
37683463737384	Sunset High (Continuation)	1027	22
37683463737384	Sunset High (Continuation)	723	12
37683463737384	Sunset High (Continuation)	210	20
37683463737384	Sunset High (Continuation)	202	14
37684036120893	California Virtual Academy @ San Diego	84	95
37684036120893	California Virtual Academy @ San Diego	61	59
37684036120893	California Virtual Academy @ San Diego	53	54
37684036120893	California Virtual Academy @ San Diego	35	32
37684036120893	California Virtual Academy @ San Diego	31	41
37684036120893	California Virtual Academy @ San Diego	26	27
37684036120893	California Virtual Academy @ San Diego	29	45
37684036120893	California Virtual Academy @ San Diego	84	95
37684036120893	California Virtual Academy @ San Diego	61	59
37684036120893	California Virtual Academy @ San Diego	53	54
37684036120893	California Virtual Academy @ San Diego	35	32
37684036120893	California Virtual Academy @ San Diego	31	41
37684036120893	California Virtual Academy @ San Diego	26	27
37684036120893	California Virtual Academy @ San Diego	29	45
37684110000000	Sweetwater Union High	5749	438
37684110000000	Sweetwater Union High	208	24
37684110000000	Sweetwater Union High	4154	364
37684110000000	Sweetwater Union High	557	34
37684110000000	Sweetwater Union High	1484	232
37684110000000	Sweetwater Union High	2926	180
37684110000000	Sweetwater Union High	110	12
37684110000000	Sweetwater Union High	2116	150
37684110000000	Sweetwater Union High	282	13
37684110000000	Sweetwater Union High	2823	258
37684110000000	Sweetwater Union High	98	12
37684110000000	Sweetwater Union High	2038	214
37684110000000	Sweetwater Union High	275	21
37684110000000	Sweetwater Union High	4147	358
37684110000000	Sweetwater Union High	556	61
37684110116350	Bounce Back Independent Study High	5749	438
37684110116350	Bounce Back Independent Study High	208	24
37684110116350	Bounce Back Independent Study High	4154	364
37684110116350	Bounce Back Independent Study High	557	34
37684110116350	Bounce Back Independent Study High	1484	232
37684110116350	Bounce Back Independent Study High	2926	180
37684110116350	Bounce Back Independent Study High	110	12
37684110116350	Bounce Back Independent Study High	2116	150
37684110116350	Bounce Back Independent Study High	282	13
37684110116350	Bounce Back Independent Study High	2823	258
37684110116350	Bounce Back Independent Study High	98	12
37684110116350	Bounce Back Independent Study High	2038	214
37684110116350	Bounce Back Independent Study High	275	21
37684110116350	Bounce Back Independent Study High	4147	358
37684110116350	Bounce Back Independent Study High	556	61
37684113730124	Southwest Senior High	328	33
37684113730124	Southwest Senior High	290	30
37684113730124	Southwest Senior High	141	27
37684113730124	Southwest Senior High	166	16
37684113730124	Southwest Senior High	150	14
37684113730124	Southwest Senior High	162	17
37684113730124	Southwest Senior High	140	16
37684113730124	Southwest Senior High	302	28
37684113730801	Castle Park Senior High	252	12
37684113730801	Castle Park Senior High	227	11
37684113730801	Castle Park Senior High	232	11
37684113731064	Chula Vista Senior High	527	21
37684113731064	Chula Vista Senior High	448	18
37684113731064	Chula Vista Senior High	251	12
37684113731064	Chula Vista Senior High	485	19
37684113731304	MAAC Community Charter	20	59
37684113731304	MAAC Community Charter	16	56
37684113731304	MAAC Community Charter	13	40
37684113731304	Sweetwater Union High	13	24
37684113731304	MAAC Community Charter	20	54
37684113731304	MAAC Community Charter	20	59
37684113731304	MAAC Community Charter	16	56
37684113731304	MAAC Community Charter	13	40
37684113731304	MAAC Community Charter	13	24
37684113731304	MAAC Community Charter	20	54
37684113731502	San Ysidro High	441	13
37684113731627	Otay Ranch Senior High	584	18
37684113731627	Otay Ranch Senior High	339	17
37684113731627	Otay Ranch Senior High	94	15
37684113731627	Otay Ranch Senior High	297	12
37684113731627	Otay Ranch Senior High	175	11
37684113731627	Otay Ranch Senior High	242	11
37684113732047	Palomar High	5749	438
37684113732047	Palomar High	208	24
37684113732047	Palomar High	4154	364
37684113732047	Palomar High	557	34
37684113732047	Palomar High	1484	232
37684113732047	Palomar High	2926	180
37684113732047	Palomar High	110	12
37684113732047	Palomar High	2116	150
37684113732047	Palomar High	282	13
37684113732047	Palomar High	2823	258
37684113732047	Palomar High	98	12
37684113732047	Palomar High	2038	214
37684113732047	Palomar High	275	21
37684113732047	Palomar High	4147	358
37684113732047	Palomar High	556	61
37684113732849	Hilltop Senior High	481	13
37684113732849	Hilltop Senior High	368	11
37684113732849	Hilltop Senior High	363	11
37684113733953	Mar Vista Senior High	329	30
37684113733953	Mar Vista Senior High	236	26
37684113733953	Mar Vista Senior High	108	18
37684113733953	Mar Vista Senior High	162	15
37684113733953	Mar Vista Senior High	118	13
37684113733953	Mar Vista Senior High	167	15
37684113733953	Mar Vista Senior High	118	13
37684113733953	Mar Vista Senior High	286	24
37684113738226	Sweetwater High	455	20
37684113738226	Sweetwater High	339	19
37684113738226	Sweetwater High	133	14
37684113738226	Sweetwater High	215	11
37684113738226	Sweetwater High	163	11
37684113738226	Sweetwater High	443	19
37684113738234	Montgomery Senior High	295	18
37684113738234	Montgomery Senior High	238	14
37684113738234	Montgomery Senior High	102	12
37684113738234	Montgomery Senior High	148	13
37684113738234	Montgomery Senior High	256	16
37684520000000	Vista Unified	1334	159
37684520000000	Vista Unified	57	11
37684520000000	Vista Unified	681	117
37684520000000	Vista Unified	504	18
37684520000000	Vista Unified	237	67
37684520000000	Vista Unified	665	60
37684520000000	Vista Unified	347	44
37684520000000	Vista Unified	669	99
37684520000000	Vista Unified	334	73
37684520000000	Vista Unified	751	139
37684520000000	Vista Unified	144	23
37684520106120	SIATech	117	297
37684520106120	SIATech	25	66
37684520106120	SIATech	68	153
37684520106120	SIATech	12	37
37684520106120	SIATech	25	78
37684520106120	SIATech	76	140
37684520106120	SIATech	16	29
37684520106120	SIATech	41	78
37684520106120	SIATech	41	157
37684520106120	SIATech	27	75
37684520106120	SIATech	117	279
37684520106120	SIATech	15	37
37684520106120	SIATech	117	297
37684520106120	SIATech	25	66
37684520106120	SIATech	68	153
37684520106120	SIATech	12	37
37684520106120	SIATech	25	78
37684520106120	SIATech	76	140
37684520106120	SIATech	16	29
37684520106120	SIATech	41	78
37684520106120	SIATech	41	157
37684520106120	SIATech	27	75
37684520106120	SIATech	117	279
37684520106120	SIATech	15	37
37684520115451	Major General Raymond Murray High	29	41
37684520115451	Major General Raymond Murray High	24	32
37684520115451	Major General Raymond Murray High	12	13
37684520115451	Major General Raymond Murray High	17	28
37684520115451	Major General Raymond Murray High	15	23
37684520115451	Major General Raymond Murray High	29	39
37684523730728	Rancho Buena Vista High	651	19
37684523730728	Rancho Buena Vista High	306	11
37684523730728	Rancho Buena Vista High	327	15
37684523730728	Rancho Buena Vista High	339	15
37684523730785	Palomar High Independent Study	22	16
37684523732039	Alta Vista High (Continuation)	1334	159
37684523732039	Alta Vista High (Continuation)	57	11
37684523732039	Alta Vista High (Continuation)	681	117
37684523732039	Alta Vista High (Continuation)	504	18
37684523732039	Alta Vista High (Continuation)	237	67
37684523732039	Alta Vista High (Continuation)	665	60
37684523732039	Alta Vista High (Continuation)	347	44
37684523732039	Alta Vista High (Continuation)	669	99
37684523732039	Alta Vista High (Continuation)	334	73
37684523732039	Alta Vista High (Continuation)	751	139
37684523732039	Alta Vista High (Continuation)	144	23
37684523738705	Vista High	602	32
37684523738705	Vista High	324	25
37684523738705	Vista High	117	21
37684523738705	Vista High	300	17
37684523738705	Vista High	169	13
37684523738705	Vista High	302	15
37684523738705	Vista High	155	12
37684523738705	Vista High	351	29
37735510000000	Carlsbad Unified	684	25
37735510000000	Carlsbad Unified	150	13
37735510000000	Carlsbad Unified	323	15
37735510000000	Carlsbad Unified	166	17
37735513730017	Carlsbad Village Academy	684	25
37735513730017	Carlsbad Village Academy	150	13
37735513730017	Carlsbad Village Academy	323	15
37735513730017	Carlsbad Village Academy	166	17
37735513730694	Carlsbad High	636	13
37735690000000	Oceanside Unified	1243	135
37735690000000	Oceanside Unified	118	12
37735690000000	Oceanside Unified	694	93
37735690000000	Oceanside Unified	303	23
37735690000000	Oceanside Unified	210	59
37735690000000	Oceanside Unified	661	41
37735690000000	Oceanside Unified	382	28
37735690000000	Oceanside Unified	582	94
37735690000000	Oceanside Unified	312	65
37735690000000	Oceanside Unified	150	17
37735690000000	Oceanside Unified	877	114
37735690000000	Oceanside Unified	129	22
37735693731221	Pacific View Charter	62	52
37735693731221	Pacific View Charter	23	21
37735693731221	Pacific View Charter	29	27
37735693731221	Pacific View Charter	37	19
37735693731221	Pacific View Charter	25	33
37735693731221	Pacific View Charter	14	17
37735693731221	Pacific View Charter	44	36
37735693731221	Pacific View Charter	62	52
37735693731221	Pacific View Charter	23	21
37735693731221	Pacific View Charter	29	27
37735693731221	Pacific View Charter	37	19
37735693731221	Pacific View Charter	25	33
37735693731221	Pacific View Charter	14	17
37735693731221	Pacific View Charter	44	36
37735693735206	Oceanside High	488	72
37735693735206	Oceanside High	294	51
37735693735206	Oceanside High	112	12
37735693735206	Oceanside High	93	33
37735693735206	Oceanside High	259	19
37735693735206	Oceanside High	164	16
37735693735206	Oceanside High	229	53
37735693735206	Oceanside High	130	35
37735693735206	Oceanside High	58	11
37735693735206	Oceanside High	368	63
37735693735206	Oceanside High	40	11
37735693739018	El Camino High	688	32
37735693739018	El Camino High	346	17
37735693739018	El Camino High	373	11
37735693739018	El Camino High	315	21
37735693739018	El Camino High	154	13
37735693739018	El Camino High	447	24
37735693739026	Ocean Shores High (Continuation)	1243	135
37735693739026	Ocean Shores High (Continuation)	118	12
37735693739026	Ocean Shores High (Continuation)	694	93
37735693739026	Ocean Shores High (Continuation)	303	23
37735693739026	Ocean Shores High (Continuation)	210	59
37735693739026	Ocean Shores High (Continuation)	661	41
37735693739026	Ocean Shores High (Continuation)	382	28
37735693739026	Ocean Shores High (Continuation)	582	94
37735693739026	Ocean Shores High (Continuation)	312	65
37735693739026	Ocean Shores High (Continuation)	150	17
37735693739026	Ocean Shores High (Continuation)	877	114
37735693739026	Ocean Shores High (Continuation)	129	22
37756140000000	Valley Center-Pauma Unified	302	11
37756140000000	Valley Center-Pauma Unified	168	11
37756143731312	Oak Glen High	302	11
37756143731312	Oak Glen High	168	11
38000000000000	San Francisco	2016	224
38000000000000	San Francisco	3746	2467
38000000000000	San Francisco	328	879
38000000000000	San Francisco	74	14
38000000000000	San Francisco	243	62
38000000000000	San Francisco	666	673
38000000000000	San Francisco	12	61
38000000000000	San Francisco	37	42
38000000000000	San Francisco	43	52
38000000000000	San Francisco	327	460
38000000000000	San Francisco	769	240
38000000000000	San Francisco	1026	72
38000000000000	San Francisco	1910	690
38000000000000	San Francisco	184	261
38000000000000	San Francisco	112	15
38000000000000	San Francisco	341	173
38000000000000	San Francisco	20	14
38000000000000	San Francisco	22	17
38000000000000	San Francisco	166	109
38000000000000	San Francisco	990	152
38000000000000	San Francisco	1836	1777
38000000000000	San Francisco	144	618
38000000000000	San Francisco	131	47
38000000000000	San Francisco	325	500
38000000000000	San Francisco	17	28
38000000000000	San Francisco	21	35
38000000000000	San Francisco	161	351
38000000000000	San Francisco	2714	762
38000000000000	San Francisco	297	97
38103890000000	San Francisco County Office of Education	2016	224
38103890000000	San Francisco County Office of Education	3746	2467
38103890000000	San Francisco County Office of Education	328	879
38103890000000	San Francisco County Office of Education	74	14
38103890000000	San Francisco County Office of Education	243	62
38103890000000	San Francisco County Office of Education	666	673
38103890000000	San Francisco County Office of Education	12	61
38103890000000	San Francisco County Office of Education	37	42
38103890000000	San Francisco County Office of Education	43	52
38103890000000	San Francisco County Office of Education	327	460
38103890000000	San Francisco County Office of Education	769	240
38103890000000	San Francisco County Office of Education	1026	72
38103890000000	San Francisco County Office of Education	1910	690
38103890000000	San Francisco County Office of Education	184	261
38103890000000	San Francisco County Office of Education	112	15
38103890000000	San Francisco County Office of Education	341	173
38103890000000	San Francisco County Office of Education	20	14
38103890000000	San Francisco County Office of Education	22	17
38103890000000	San Francisco County Office of Education	166	109
38103890000000	San Francisco County Office of Education	990	152
38103890000000	San Francisco County Office of Education	1836	1777
38103890000000	San Francisco County Office of Education	144	618
38103890000000	San Francisco County Office of Education	131	47
38103890000000	San Francisco County Office of Education	325	500
38103890000000	San Francisco County Office of Education	17	28
38103890000000	San Francisco County Office of Education	21	35
38103890000000	San Francisco County Office of Education	161	351
38103890000000	San Francisco County Office of Education	2714	762
38103890000000	San Francisco County Office of Education	297	97
38103893830361	S.F. County Court Woodside Learning Ctr	2016	224
38103893830361	S.F. County Court Woodside Learning Ctr	3746	2467
38103893830361	S.F. County Court Woodside Learning Ctr	328	879
38103893830361	S.F. County Court Woodside Learning Ctr	74	14
38103893830361	S.F. County Court Woodside Learning Ctr	243	62
38103893830361	S.F. County Court Woodside Learning Ctr	666	673
38103893830361	S.F. County Court Woodside Learning Ctr	12	61
38103893830361	S.F. County Court Woodside Learning Ctr	37	42
38103893830361	S.F. County Court Woodside Learning Ctr	43	52
38103893830361	S.F. County Court Woodside Learning Ctr	327	460
38103893830361	S.F. County Court Woodside Learning Ctr	769	240
38103893830361	S.F. County Court Woodside Learning Ctr	1026	72
38103893830361	S.F. County Court Woodside Learning Ctr	1910	690
38103893830361	S.F. County Court Woodside Learning Ctr	184	261
38103893830361	S.F. County Court Woodside Learning Ctr	112	15
38103893830361	S.F. County Court Woodside Learning Ctr	341	173
38103893830361	S.F. County Court Woodside Learning Ctr	20	14
38103893830361	S.F. County Court Woodside Learning Ctr	22	17
38103893830361	S.F. County Court Woodside Learning Ctr	166	109
38103893830361	S.F. County Court Woodside Learning Ctr	990	152
38103893830361	S.F. County Court Woodside Learning Ctr	1836	1777
38103893830361	S.F. County Court Woodside Learning Ctr	144	618
38103893830361	S.F. County Court Woodside Learning Ctr	131	47
38103893830361	S.F. County Court Woodside Learning Ctr	325	500
38103893830361	S.F. County Court Woodside Learning Ctr	17	28
38103893830361	S.F. County Court Woodside Learning Ctr	21	35
38103893830361	S.F. County Court Woodside Learning Ctr	161	351
38103893830361	S.F. County Court Woodside Learning Ctr	2714	762
38103893830361	S.F. County Court Woodside Learning Ctr	297	97
38103893830395	S.F. County Opportunity (Hilltop)	2016	224
38103893830395	S.F. County Opportunity (Hilltop)	3746	2467
38103893830395	S.F. County Opportunity (Hilltop)	328	879
38103893830395	S.F. County Opportunity (Hilltop)	74	14
38103893830395	S.F. County Opportunity (Hilltop)	243	62
38103893830395	S.F. County Opportunity (Hilltop)	666	673
38103893830395	S.F. County Opportunity (Hilltop)	12	61
38103893830395	S.F. County Opportunity (Hilltop)	37	42
38103893830395	S.F. County Opportunity (Hilltop)	43	52
38103893830395	S.F. County Opportunity (Hilltop)	327	460
38103893830395	S.F. County Opportunity (Hilltop)	769	240
38103893830395	S.F. County Opportunity (Hilltop)	1026	72
38103893830395	S.F. County Opportunity (Hilltop)	1910	690
38103893830395	S.F. County Opportunity (Hilltop)	184	261
38103893830395	S.F. County Opportunity (Hilltop)	112	15
38103893830395	S.F. County Opportunity (Hilltop)	341	173
38103893830395	S.F. County Opportunity (Hilltop)	20	14
38103893830395	S.F. County Opportunity (Hilltop)	22	17
38103893830395	S.F. County Opportunity (Hilltop)	166	109
38103893830395	S.F. County Opportunity (Hilltop)	990	152
38103893830395	S.F. County Opportunity (Hilltop)	1836	1777
38103893830395	S.F. County Opportunity (Hilltop)	144	618
38103893830395	S.F. County Opportunity (Hilltop)	131	47
38103893830395	S.F. County Opportunity (Hilltop)	325	500
38103893830395	S.F. County Opportunity (Hilltop)	17	28
38103893830395	S.F. County Opportunity (Hilltop)	21	35
38103893830395	S.F. County Opportunity (Hilltop)	161	351
38103893830395	S.F. County Opportunity (Hilltop)	2714	762
38103893830395	S.F. County Opportunity (Hilltop)	297	97
38103893830445	S.F. County Civic Center Secondary	2016	224
38103893830445	S.F. County Civic Center Secondary	3746	2467
38103893830445	S.F. County Civic Center Secondary	328	879
38103893830445	S.F. County Civic Center Secondary	74	14
38103893830445	S.F. County Civic Center Secondary	243	62
38103893830445	S.F. County Civic Center Secondary	666	673
38103893830445	S.F. County Civic Center Secondary	12	61
38103893830445	S.F. County Civic Center Secondary	37	42
38103893830445	S.F. County Civic Center Secondary	43	52
38103893830445	S.F. County Civic Center Secondary	327	460
38103893830445	S.F. County Civic Center Secondary	769	240
38103893830445	S.F. County Civic Center Secondary	1026	72
38103893830445	S.F. County Civic Center Secondary	1910	690
38103893830445	S.F. County Civic Center Secondary	184	261
38103893830445	S.F. County Civic Center Secondary	112	15
38103893830445	S.F. County Civic Center Secondary	341	173
38103893830445	S.F. County Civic Center Secondary	20	14
38103893830445	S.F. County Civic Center Secondary	22	17
38103893830445	S.F. County Civic Center Secondary	166	109
38103893830445	S.F. County Civic Center Secondary	990	152
38103893830445	S.F. County Civic Center Secondary	1836	1777
38103893830445	S.F. County Civic Center Secondary	144	618
38103893830445	S.F. County Civic Center Secondary	131	47
38103893830445	S.F. County Civic Center Secondary	325	500
38103893830445	S.F. County Civic Center Secondary	17	28
38103893830445	S.F. County Civic Center Secondary	21	35
38103893830445	S.F. County Civic Center Secondary	161	351
38103893830445	S.F. County Civic Center Secondary	2714	762
38103893830445	S.F. County Civic Center Secondary	297	97
38103896069561	S.F. County Special Education	2016	224
38103896069561	S.F. County Special Education	3746	2467
38103896069561	S.F. County Special Education	328	879
38103896069561	S.F. County Special Education	74	14
38103896069561	S.F. County Special Education	243	62
38103896069561	S.F. County Special Education	666	673
38103896069561	S.F. County Special Education	12	61
38103896069561	S.F. County Special Education	37	42
38103896069561	S.F. County Special Education	43	52
38103896069561	S.F. County Special Education	327	460
38103896069561	S.F. County Special Education	769	240
38103896069561	S.F. County Special Education	1026	72
38103896069561	S.F. County Special Education	1910	690
38103896069561	S.F. County Special Education	184	261
38103896069561	S.F. County Special Education	112	15
38103896069561	S.F. County Special Education	341	173
38103896069561	S.F. County Special Education	20	14
38103896069561	S.F. County Special Education	22	17
38103896069561	S.F. County Special Education	166	109
38103896069561	S.F. County Special Education	990	152
38103896069561	S.F. County Special Education	1836	1777
38103896069561	S.F. County Special Education	144	618
38103896069561	S.F. County Special Education	131	47
38103896069561	S.F. County Special Education	325	500
38103896069561	S.F. County Special Education	17	28
38103896069561	S.F. County Special Education	21	35
38103896069561	S.F. County Special Education	161	351
38103896069561	S.F. County Special Education	2714	762
38103896069561	S.F. County Special Education	297	97
38684780000000	San Francisco Unified	1988	120
38684780000000	San Francisco Unified	3438	422
38684780000000	San Francisco Unified	254	54
38684780000000	San Francisco Unified	225	26
38684780000000	San Francisco Unified	549	156
38684780000000	San Francisco Unified	267	43
38684780000000	San Francisco Unified	725	186
38684780000000	San Francisco Unified	1016	44
38684780000000	San Francisco Unified	1757	181
38684780000000	San Francisco Unified	145	32
38684780000000	San Francisco Unified	277	71
38684780000000	San Francisco Unified	139	16
38684780000000	San Francisco Unified	972	76
38684780000000	San Francisco Unified	1681	241
38684780000000	San Francisco Unified	109	22
38684780000000	San Francisco Unified	120	19
38684780000000	San Francisco Unified	272	85
38684780000000	San Francisco Unified	128	27
38684780000000	San Francisco Unified	2512	328
38684780000000	San Francisco Unified	248	48
38684780118141	Five Keys Independence HS (SF Sheriff's)	19	404
38684780118141	Five Keys Independence HS (SF Sheriff's)	12	279
38684780118141	Five Keys Independence HS (SF Sheriff's)	11	114
38684780118141	Five Keys Independence HS (SF Sheriff's)	19	404
38684780118141	Five Keys Independence HS (SF Sheriff's)	12	279
38684780118141	Five Keys Independence HS (SF Sheriff's)	11	114
38684780119958	Academy of Arts and Sciences	68	12
38684783830031	Wells (Ida B.) High	1988	120
38684783830031	Wells (Ida B.) High	3438	422
38684783830031	Wells (Ida B.) High	254	54
38684783830031	Wells (Ida B.) High	225	26
38684783830031	Wells (Ida B.) High	549	156
38684783830031	Wells (Ida B.) High	267	43
38684783830031	Wells (Ida B.) High	725	186
38684783830031	Wells (Ida B.) High	1016	44
38684783830031	Wells (Ida B.) High	1757	181
38684783830031	Wells (Ida B.) High	145	32
38684783830031	Wells (Ida B.) High	277	71
38684783830031	Wells (Ida B.) High	139	16
38684783830031	Wells (Ida B.) High	972	76
38684783830031	Wells (Ida B.) High	1681	241
38684783830031	Wells (Ida B.) High	109	22
38684783830031	Wells (Ida B.) High	120	19
38684783830031	Wells (Ida B.) High	272	85
38684783830031	Wells (Ida B.) High	128	27
38684783830031	Wells (Ida B.) High	2512	328
38684783830031	Wells (Ida B.) High	248	48
38684783830064	Downtown High	1988	120
38684783830064	Downtown High	3438	422
38684783830064	Downtown High	254	54
38684783830064	Downtown High	225	26
38684783830064	Downtown High	549	156
38684783830064	Downtown High	267	43
38684783830064	Downtown High	725	186
38684783830064	Downtown High	1016	44
38684783830064	Downtown High	1757	181
38684783830064	Downtown High	145	32
38684783830064	Downtown High	277	71
38684783830064	Downtown High	139	16
38684783830064	Downtown High	972	76
38684783830064	Downtown High	1681	241
38684783830064	Downtown High	109	22
38684783830064	Downtown High	120	19
38684783830064	Downtown High	272	85
38684783830064	Downtown High	128	27
38684783830064	Downtown High	2512	328
38684783830064	Downtown High	248	48
38684783830197	Independence High	67	37
38684783830197	Independence High	18	14
38684783830197	Independence High	47	27
38684783830197	Independence High	15	11
38684783830197	Independence High	35	29
38684783830205	Wallenberg (Raoul) Traditional High	123	12
38684783830254	Burton (Phillip and Sala) Academic High	145	15
38684783830288	Balboa High	300	29
38684783830288	Balboa High	51	13
38684783830288	Balboa High	61	13
38684783830288	Balboa High	164	23
38684783830288	Balboa High	233	26
38684783830387	Asawa (Ruth) San Francisco School of the Arts, A Public School.	139	13
38684783830403	Marshall (Thurgood) High	77	14
38684783830403	Marshall (Thurgood) High	150	29
38684783830403	Marshall (Thurgood) High	59	15
38684783830403	Marshall (Thurgood) High	83	21
38684783830403	Marshall (Thurgood) High	145	24
38684783830429	Life Learning Academy Charter	1988	120
38684783830429	Life Learning Academy Charter	3438	422
38684783830429	Life Learning Academy Charter	254	54
38684783830429	Life Learning Academy Charter	225	26
38684783830429	Life Learning Academy Charter	549	156
38684783830429	Life Learning Academy Charter	267	43
38684783830429	Life Learning Academy Charter	725	186
38684783830429	Life Learning Academy Charter	1016	44
38684783830429	Life Learning Academy Charter	1757	181
38684783830429	Life Learning Academy Charter	145	32
38684783830429	Life Learning Academy Charter	277	71
38684783830429	Life Learning Academy Charter	139	16
38684783830429	Life Learning Academy Charter	972	76
38684783830429	Life Learning Academy Charter	1681	241
38684783830429	Life Learning Academy Charter	109	22
38684783830429	Life Learning Academy Charter	120	19
38684783830429	Life Learning Academy Charter	272	85
38684783830429	Life Learning Academy Charter	128	27
38684783830429	Life Learning Academy Charter	2512	328
38684783830429	Life Learning Academy Charter	248	48
38684783831765	Galileo High	310	12
38684783831765	Galileo High	401	34
38684783831765	Galileo High	94	16
38684783831765	Galileo High	191	19
38684783831765	Galileo High	210	15
38684783831765	Galileo High	316	25
38684783833241	Lincoln (Abraham) High	312	18
38684783833241	Lincoln (Abraham) High	474	38
38684783833241	Lincoln (Abraham) High	69	11
38684783833241	Lincoln (Abraham) High	138	24
38684783833241	Lincoln (Abraham) High	244	13
38684783833241	Lincoln (Abraham) High	154	13
38684783833241	Lincoln (Abraham) High	230	25
38684783833241	Lincoln (Abraham) High	351	33
38684783834082	Mission High	164	36
38684783834082	Mission High	67	20
38684783834082	Mission High	89	25
38684783834082	Mission High	84	14
38684783834082	Mission High	80	22
38684783834082	Mission High	35	12
38684783834082	Mission High	154	33
38684783834769	O'Connell (John) High	73	19
38684783834769	O'Connell (John) High	46	17
38684783834769	O'Connell (John) High	27	14
38684783834769	O'Connell (John) High	66	16
38684783839081	Washington (George) High	440	37
38684783839081	Washington (George) High	578	59
38684783839081	Washington (George) High	118	24
38684783839081	Washington (George) High	213	14
38684783839081	Washington (George) High	273	23
38684783839081	Washington (George) High	227	23
38684783839081	Washington (George) High	305	36
38684783839081	Washington (George) High	462	45
39000000000000	San Joaquin	954	149
39000000000000	San Joaquin	7946	1600
39000000000000	San Joaquin	692	242
39000000000000	San Joaquin	498	36
39000000000000	San Joaquin	3194	769
39000000000000	San Joaquin	128	34
39000000000000	San Joaquin	53	17
39000000000000	San Joaquin	2359	334
39000000000000	San Joaquin	1152	457
39000000000000	San Joaquin	481	58
39000000000000	San Joaquin	4125	634
39000000000000	San Joaquin	368	104
39000000000000	San Joaquin	243	15
39000000000000	San Joaquin	1670	317
39000000000000	San Joaquin	79	15
39000000000000	San Joaquin	1216	113
39000000000000	San Joaquin	473	91
39000000000000	San Joaquin	3821	966
39000000000000	San Joaquin	324	138
39000000000000	San Joaquin	255	21
39000000000000	San Joaquin	1524	452
39000000000000	San Joaquin	49	19
39000000000000	San Joaquin	24	12
39000000000000	San Joaquin	1143	221
39000000000000	San Joaquin	338	70
39000000000000	San Joaquin	5006	1331
39000000000000	San Joaquin	517	197
39103970000000	San Joaquin County Office of Education	954	149
39103970000000	San Joaquin County Office of Education	7946	1600
39103970000000	San Joaquin County Office of Education	692	242
39103970000000	San Joaquin County Office of Education	498	36
39103970000000	San Joaquin County Office of Education	3194	769
39103970000000	San Joaquin County Office of Education	128	34
39103970000000	San Joaquin County Office of Education	53	17
39103970000000	San Joaquin County Office of Education	2359	334
39103970000000	San Joaquin County Office of Education	1152	457
39103970000000	San Joaquin County Office of Education	481	58
39103970000000	San Joaquin County Office of Education	4125	634
39103970000000	San Joaquin County Office of Education	368	104
39103970000000	San Joaquin County Office of Education	243	15
39103970000000	San Joaquin County Office of Education	1670	317
39103970000000	San Joaquin County Office of Education	79	15
39103970000000	San Joaquin County Office of Education	1216	113
39103970000000	San Joaquin County Office of Education	473	91
39103970000000	San Joaquin County Office of Education	3821	966
39103970000000	San Joaquin County Office of Education	324	138
39103970000000	San Joaquin County Office of Education	255	21
39103970000000	San Joaquin County Office of Education	1524	452
39103970000000	San Joaquin County Office of Education	49	19
39103970000000	San Joaquin County Office of Education	24	12
39103970000000	San Joaquin County Office of Education	1143	221
39103970000000	San Joaquin County Office of Education	338	70
39103970000000	San Joaquin County Office of Education	5006	1331
39103970000000	San Joaquin County Office of Education	517	197
39103973930195	John F. Cruikshank, Jr.	954	149
39103973930195	John F. Cruikshank, Jr.	7946	1600
39103973930195	John F. Cruikshank, Jr.	692	242
39103973930195	John F. Cruikshank, Jr.	498	36
39103973930195	John F. Cruikshank, Jr.	3194	769
39103973930195	John F. Cruikshank, Jr.	128	34
39103973930195	John F. Cruikshank, Jr.	53	17
39103973930195	John F. Cruikshank, Jr.	2359	334
39103973930195	John F. Cruikshank, Jr.	1152	457
39103973930195	John F. Cruikshank, Jr.	481	58
39103973930195	John F. Cruikshank, Jr.	4125	634
39103973930195	John F. Cruikshank, Jr.	368	104
39103973930195	John F. Cruikshank, Jr.	243	15
39103973930195	John F. Cruikshank, Jr.	1670	317
39103973930195	John F. Cruikshank, Jr.	79	15
39103973930195	John F. Cruikshank, Jr.	1216	113
39103973930195	John F. Cruikshank, Jr.	473	91
39103973930195	John F. Cruikshank, Jr.	3821	966
39103973930195	John F. Cruikshank, Jr.	324	138
39103973930195	John F. Cruikshank, Jr.	255	21
39103973930195	John F. Cruikshank, Jr.	1524	452
39103973930195	John F. Cruikshank, Jr.	49	19
39103973930195	John F. Cruikshank, Jr.	24	12
39103973930195	John F. Cruikshank, Jr.	1143	221
39103973930195	John F. Cruikshank, Jr.	338	70
39103973930195	John F. Cruikshank, Jr.	5006	1331
39103973930195	John F. Cruikshank, Jr.	517	197
39103973930468	San Joaquin County Community	954	149
39103973930468	San Joaquin County Community	7946	1600
39103973930468	San Joaquin County Community	692	242
39103973930468	San Joaquin County Community	498	36
39103973930468	San Joaquin County Community	3194	769
39103973930468	San Joaquin County Community	128	34
39103973930468	San Joaquin County Community	53	17
39103973930468	San Joaquin County Community	2359	334
39103973930468	San Joaquin County Community	1152	457
39103973930468	San Joaquin County Community	481	58
39103973930468	San Joaquin County Community	4125	634
39103973930468	San Joaquin County Community	368	104
39103973930468	San Joaquin County Community	243	15
39103973930468	San Joaquin County Community	1670	317
39103973930468	San Joaquin County Community	79	15
39103973930468	San Joaquin County Community	1216	113
39103973930468	San Joaquin County Community	473	91
39103973930468	San Joaquin County Community	3821	966
39103973930468	San Joaquin County Community	324	138
39103973930468	San Joaquin County Community	255	21
39103973930468	San Joaquin County Community	1524	452
39103973930468	San Joaquin County Community	49	19
39103973930468	San Joaquin County Community	24	12
39103973930468	San Joaquin County Community	1143	221
39103973930468	San Joaquin County Community	338	70
39103973930468	San Joaquin County Community	5006	1331
39103973930468	San Joaquin County Community	517	197
39103973930476	Venture Academy	125	25
39103973930476	Venture Academy	58	14
39103973930476	San Joaquin County Office of Education	72	19
39103973930476	Venture Academy	99	24
39103973930476	Venture Academy	125	25
39103973930476	Venture Academy	58	14
39103973930476	Venture Academy	72	19
39103973930476	Venture Academy	37	12
39103973930476	Venture Academy	99	24
39103976069215	San Joaquin County Special Education	954	149
39103976069215	San Joaquin County Special Education	7946	1600
39103976069215	San Joaquin County Special Education	692	242
39103976069215	San Joaquin County Special Education	498	36
39103976069215	San Joaquin County Special Education	3194	769
39103976069215	San Joaquin County Special Education	128	34
39103976069215	San Joaquin County Special Education	53	17
39103976069215	San Joaquin County Special Education	2359	334
39103976069215	San Joaquin County Special Education	1152	457
39103976069215	San Joaquin County Special Education	481	58
39103976069215	San Joaquin County Special Education	4125	634
39103976069215	San Joaquin County Special Education	368	104
39103976069215	San Joaquin County Special Education	243	15
39103976069215	San Joaquin County Special Education	1670	317
39103976069215	San Joaquin County Special Education	79	15
39103976069215	San Joaquin County Special Education	1216	113
39103976069215	San Joaquin County Special Education	473	91
39103976069215	San Joaquin County Special Education	3821	966
39103976069215	San Joaquin County Special Education	324	138
39103976069215	San Joaquin County Special Education	255	21
39103976069215	San Joaquin County Special Education	1524	452
39103976069215	San Joaquin County Special Education	49	19
39103976069215	San Joaquin County Special Education	24	12
39103976069215	San Joaquin County Special Education	1143	221
39103976069215	San Joaquin County Special Education	338	70
39103976069215	San Joaquin County Special Education	5006	1331
39103976069215	San Joaquin County Special Education	517	197
39685020000000	Escalon Unified	227	16
39685020000000	Escalon Unified	131	11
39685020000000	Escalon Unified	125	11
39685020000000	Escalon Unified	92	12
39685023930054	Vista High (Continuation)	227	16
39685023930054	Vista High (Continuation)	131	11
39685023930054	Vista High (Continuation)	125	11
39685023930054	Vista High (Continuation)	92	12
39685690000000	Lincoln Unified	585	39
39685690000000	Lincoln Unified	203	20
39685690000000	Lincoln Unified	86	12
39685690000000	Lincoln Unified	293	17
39685690000000	Lincoln Unified	292	22
39685690000000	Lincoln Unified	107	11
39685690000000	Lincoln Unified	310	32
39685690000000	Lincoln Unified	39	11
39685693933793	Larsson (Sture) High (Continuation)	585	39
39685693933793	Larsson (Sture) High (Continuation)	203	20
39685693933793	Larsson (Sture) High (Continuation)	86	12
39685693933793	Larsson (Sture) High (Continuation)	293	17
39685693933793	Larsson (Sture) High (Continuation)	292	22
39685693933793	Larsson (Sture) High (Continuation)	107	11
39685693933793	Larsson (Sture) High (Continuation)	310	32
39685693933793	Larsson (Sture) High (Continuation)	39	11
39685693933801	Lincoln High	543	28
39685693933801	Lincoln High	181	11
39685693933801	Lincoln High	281	13
39685693933801	Lincoln High	262	15
39685693933801	Lincoln High	276	24
39685770000000	Linden Unified	155	12
39685770000000	Linden Unified	82	12
39685773930351	Linden Unified Community Day	155	12
39685773930351	Linden Unified Community Day	82	12
39685850000000	Lodi Unified	362	51
39685850000000	Lodi Unified	1673	239
39685850000000	Lodi Unified	114	20
39685850000000	Lodi Unified	528	87
39685850000000	Lodi Unified	534	65
39685850000000	Lodi Unified	330	86
39685850000000	Lodi Unified	181	18
39685850000000	Lodi Unified	891	89
39685850000000	Lodi Unified	300	35
39685850000000	Lodi Unified	283	22
39685850000000	Lodi Unified	181	33
39685850000000	Lodi Unified	782	150
39685850000000	Lodi Unified	49	11
39685850000000	Lodi Unified	228	52
39685850000000	Lodi Unified	251	43
39685850000000	Lodi Unified	68	11
39685850000000	Lodi Unified	1082	196
39685850000000	Lodi Unified	98	23
39685850108225	Ronald E. McNair High	178	31
39685850108225	Ronald E. McNair High	394	67
39685850108225	Ronald E. McNair High	110	22
39685850108225	Ronald E. McNair High	116	32
39685850108225	Ronald E. McNair High	194	22
39685850108225	Ronald E. McNair High	97	21
39685850108225	Ronald E. McNair High	200	45
39685850108225	Ronald E. McNair High	47	14
39685850108225	Ronald E. McNair High	340	58
39685850122580	Rio Valley Charter	19	23
39685850122580	Rio Valley Charter	13	21
39685850122580	Rio Valley Charter	19	23
39685850122580	Rio Valley Charter	13	21
39685853930237	Bear Creek High	90	11
39685853930237	Bear Creek High	350	45
39685853930237	Bear Creek High	99	14
39685853930237	Bear Creek High	56	14
39685853930237	Bear Creek High	201	17
39685853930237	Bear Creek High	149	28
39685853930237	Bear Creek High	222	36
39685853930278	Plaza Robles Continuation High	362	51
39685853930278	Plaza Robles Continuation High	1673	239
39685853930278	Plaza Robles Continuation High	114	20
39685853930278	Plaza Robles Continuation High	528	87
39685853930278	Plaza Robles Continuation High	534	65
39685853930278	Plaza Robles Continuation High	330	86
39685853930278	Plaza Robles Continuation High	181	18
39685853930278	Plaza Robles Continuation High	891	89
39685853930278	Plaza Robles Continuation High	300	35
39685853930278	Plaza Robles Continuation High	283	22
39685853930278	Plaza Robles Continuation High	181	33
39685853930278	Plaza Robles Continuation High	782	150
39685853930278	Plaza Robles Continuation High	49	11
39685853930278	Plaza Robles Continuation High	228	52
39685853930278	Plaza Robles Continuation High	251	43
39685853930278	Plaza Robles Continuation High	68	11
39685853930278	Plaza Robles Continuation High	1082	196
39685853930278	Plaza Robles Continuation High	98	23
39685853930344	Independence	362	51
39685853930344	Independence	1673	239
39685853930344	Independence	114	20
39685853930344	Independence	528	87
39685853930344	Independence	534	65
39685853930344	Independence	330	86
39685853930344	Independence	181	18
39685853930344	Independence	891	89
39685853930344	Independence	300	35
39685853930344	Independence	283	22
39685853930344	Independence	181	33
39685853930344	Independence	782	150
39685853930344	Independence	49	11
39685853930344	Independence	228	52
39685853930344	Independence	251	43
39685853930344	Independence	68	11
39685853930344	Independence	1082	196
39685853930344	Independence	98	23
39685853934759	Tokay High	357	36
39685853934759	Tokay High	147	15
39685853934759	Tokay High	145	15
39685853934759	Tokay High	73	14
39685853934759	Tokay High	186	16
39685853934759	Tokay High	171	20
39685853934759	Tokay High	211	27
39685853934767	Liberty High	362	51
39685853934767	Liberty High	1673	239
39685853934767	Liberty High	114	20
39685853934767	Liberty High	528	87
39685853934767	Liberty High	534	65
39685853934767	Liberty High	330	86
39685853934767	Liberty High	181	18
39685853934767	Liberty High	891	89
39685853934767	Liberty High	300	35
39685853934767	Liberty High	283	22
39685853934767	Liberty High	181	33
39685853934767	Liberty High	782	150
39685853934767	Liberty High	49	11
39685853934767	Liberty High	228	52
39685853934767	Liberty High	251	43
39685853934767	Liberty High	68	11
39685853934767	Liberty High	1082	196
39685853934767	Liberty High	98	23
39685853934783	Lodi High	368	27
39685853934783	Lodi High	105	12
39685853934783	Lodi High	237	13
39685853934783	Lodi High	163	17
39685853934783	Lodi High	168	19
39685930000000	Manteca Unified	1570	118
39685930000000	Manteca Unified	143	16
39685930000000	Manteca Unified	655	57
39685930000000	Manteca Unified	518	33
39685930000000	Manteca Unified	156	37
39685930000000	Manteca Unified	766	52
39685930000000	Manteca Unified	325	27
39685930000000	Manteca Unified	251	15
39685930000000	Manteca Unified	804	66
39685930000000	Manteca Unified	76	11
39685930000000	Manteca Unified	330	30
39685930000000	Manteca Unified	267	18
39685930000000	Manteca Unified	948	100
39685930000000	Manteca Unified	115	16
39685930101576	Weston Ranch High	231	14
39685930101576	Weston Ranch High	157	12
39685930112565	New Vision High	1570	118
39685930112565	New Vision High	143	16
39685930112565	New Vision High	655	57
39685930112565	New Vision High	518	33
39685930112565	New Vision High	156	37
39685930112565	New Vision High	766	52
39685930112565	New Vision High	325	27
39685930112565	New Vision High	251	15
39685930112565	New Vision High	804	66
39685930112565	New Vision High	76	11
39685930112565	New Vision High	330	30
39685930112565	New Vision High	267	18
39685930112565	New Vision High	948	100
39685930112565	New Vision High	115	16
39685933930328	Manteca Community Day (7-12)	1570	118
39685933930328	Manteca Community Day (7-12)	143	16
39685933930328	Manteca Community Day (7-12)	655	57
39685933930328	Manteca Community Day (7-12)	518	33
39685933930328	Manteca Community Day (7-12)	156	37
39685933930328	Manteca Community Day (7-12)	766	52
39685933930328	Manteca Community Day (7-12)	325	27
39685933930328	Manteca Community Day (7-12)	251	15
39685933930328	Manteca Community Day (7-12)	804	66
39685933930328	Manteca Community Day (7-12)	76	11
39685933930328	Manteca Community Day (7-12)	330	30
39685933930328	Manteca Community Day (7-12)	267	18
39685933930328	Manteca Community Day (7-12)	948	100
39685933930328	Manteca Community Day (7-12)	115	16
39685933932001	East Union High	309	14
39685933935103	Manteca High	315	17
39685933935103	Manteca High	164	12
39685933935103	Manteca High	186	15
39685933935111	Calla High	1570	118
39685933935111	Calla High	143	16
39685933935111	Calla High	655	57
39685933935111	Calla High	518	33
39685933935111	Calla High	156	37
39685933935111	Calla High	766	52
39685933935111	Calla High	325	27
39685933935111	Calla High	251	15
39685933935111	Calla High	804	66
39685933935111	Calla High	76	11
39685933935111	Calla High	330	30
39685933935111	Calla High	267	18
39685933935111	Calla High	948	100
39685933935111	Calla High	115	16
39686276119309	Delta Charter	130	39
39686276119309	Delta Charter	44	16
39686276119309	Delta Charter	65	17
39686276119309	New Jerusalem Elementary	70	19
39686276119309	New Jerusalem Elementary	60	20
39686276119309	Delta Charter	91	26
39686276119309	Delta Charter	130	39
39686276119309	Delta Charter	44	16
39686276119309	Delta Charter	65	17
39686276119309	Delta Charter	70	19
39686276119309	Delta Charter	27	11
39686276119309	Delta Charter	60	20
39686276119309	Delta Charter	36	13
39686276119309	Delta Charter	91	26
39686500000000	Ripon Unified	191	16
39686500000000	Ripon Unified	100	14
39686503935756	Ripon High	191	16
39686503935756	Ripon High	100	14
39686760000000	Stockton Unified	238	52
39686760000000	Stockton Unified	1699	463
39686760000000	Stockton Unified	202	78
39686760000000	Stockton Unified	930	240
39686760000000	Stockton Unified	83	26
39686760000000	Stockton Unified	119	54
39686760000000	Stockton Unified	219	153
39686760000000	Stockton Unified	136	20
39686760000000	Stockton Unified	905	216
39686760000000	Stockton Unified	99	42
39686760000000	Stockton Unified	490	117
39686760000000	Stockton Unified	48	13
39686760000000	Stockton Unified	68	19
39686760000000	Stockton Unified	102	32
39686760000000	Stockton Unified	794	247
39686760000000	Stockton Unified	103	36
39686760000000	Stockton Unified	440	123
39686760000000	Stockton Unified	35	13
39686760000000	Stockton Unified	51	35
39686760000000	Stockton Unified	138	35
39686760000000	Stockton Unified	1473	381
39686760000000	Stockton Unified	105	61
39686760108159	Cesar Chavez High	116	13
39686760108159	Cesar Chavez High	482	50
39686760108159	Cesar Chavez High	207	22
39686760108159	Cesar Chavez High	58	20
39686760108159	Cesar Chavez High	259	28
39686760108159	Cesar Chavez High	110	11
39686760108159	Cesar Chavez High	223	22
39686760108159	Cesar Chavez High	97	11
39686760108159	Cesar Chavez High	411	44
39686760114926	California Virtual Academy @ San Joaquin	16	19
39686760114926	California Virtual Academy @ San Joaquin	16	19
39686763930211	Jane Frederick High	238	52
39686763930211	Jane Frederick High	1699	463
39686763930211	Jane Frederick High	202	78
39686763930211	Jane Frederick High	930	240
39686763930211	Jane Frederick High	83	26
39686763930211	Jane Frederick High	119	54
39686763930211	Jane Frederick High	219	153
39686763930211	Jane Frederick High	136	20
39686763930211	Jane Frederick High	905	216
39686763930211	Jane Frederick High	99	42
39686763930211	Jane Frederick High	490	117
39686763930211	Jane Frederick High	48	13
39686763930211	Jane Frederick High	68	19
39686763930211	Jane Frederick High	102	32
39686763930211	Jane Frederick High	794	247
39686763930211	Jane Frederick High	103	36
39686763930211	Jane Frederick High	440	123
39686763930211	Jane Frederick High	35	13
39686763930211	Jane Frederick High	51	35
39686763930211	Jane Frederick High	138	35
39686763930211	Jane Frederick High	1473	381
39686763930211	Jane Frederick High	105	61
39686763932100	Edison High	51	11
39686763932100	Edison High	388	78
39686763932100	Edison High	51	12
39686763932100	Edison High	201	43
39686763932100	Edison High	62	36
39686763932100	Edison High	188	35
39686763932100	Edison High	99	21
39686763932100	Edison High	200	43
39686763932100	Edison High	102	22
39686763932100	Edison High	344	66
39686763932654	Franklin High	397	84
39686763932654	Franklin High	30	12
39686763932654	Franklin High	272	47
39686763932654	Franklin High	39	34
39686763932654	Franklin High	218	39
39686763932654	Franklin High	149	21
39686763932654	Franklin High	179	45
39686763932654	Franklin High	123	26
39686763932654	Franklin High	53	13
39686763932654	Franklin High	349	74
39686763932654	Franklin High	26	11
39686763937406	Stagg Senior High	230	94
39686763937406	Stagg Senior High	39	15
39686763937406	Stagg Senior High	108	42
39686763937406	Stagg Senior High	39	23
39686763937406	Stagg Senior High	35	23
39686763937406	Stagg Senior High	137	43
39686763937406	Stagg Senior High	59	22
39686763937406	Stagg Senior High	93	51
39686763937406	Stagg Senior High	49	20
39686763937406	Stagg Senior High	186	66
39686763937406	Stagg Senior High	20	12
39754990000000	Tracy Joint Unified	156	12
39754990000000	Tracy Joint Unified	1322	152
39754990000000	Tracy Joint Unified	110	18
39754990000000	Tracy Joint Unified	124	11
39754990000000	Tracy Joint Unified	460	70
39754990000000	Tracy Joint Unified	445	34
39754990000000	Tracy Joint Unified	232	59
39754990000000	Tracy Joint Unified	698	66
39754990000000	Tracy Joint Unified	230	29
39754990000000	Tracy Joint Unified	239	13
39754990000000	Tracy Joint Unified	624	86
39754990000000	Tracy Joint Unified	230	41
39754990000000	Tracy Joint Unified	206	21
39754990000000	Tracy Joint Unified	591	100
39754990000000	Tracy Joint Unified	84	19
39754990114140	George and Evelyn Stein Continuation	156	12
39754990114140	George and Evelyn Stein Continuation	1322	152
39754990114140	George and Evelyn Stein Continuation	110	18
39754990114140	George and Evelyn Stein Continuation	124	11
39754990114140	George and Evelyn Stein Continuation	460	70
39754990114140	George and Evelyn Stein Continuation	445	34
39754990114140	George and Evelyn Stein Continuation	232	59
39754990114140	George and Evelyn Stein Continuation	698	66
39754990114140	George and Evelyn Stein Continuation	230	29
39754990114140	George and Evelyn Stein Continuation	239	13
39754990114140	George and Evelyn Stein Continuation	624	86
39754990114140	George and Evelyn Stein Continuation	230	41
39754990114140	George and Evelyn Stein Continuation	206	21
39754990114140	George and Evelyn Stein Continuation	591	100
39754990114140	George and Evelyn Stein Continuation	84	19
39754990119040	John C. Kimball High	319	15
39754990120519	California Pacific Charter School North Central California	12	33
39754990120519	California Pacific Charter School North Central California	11	12
39754990120519	California Pacific Charter School North Central California	12	33
39754990120519	California Pacific Charter School North Central California	11	12
39754993930302	Merrill F. West High	469	64
39754993930302	Merrill F. West High	185	32
39754993930302	Merrill F. West High	114	12
39754993930302	Merrill F. West High	86	24
39754993930302	Merrill F. West High	237	35
39754993930302	Merrill F. West High	87	17
39754993930302	Merrill F. West High	232	29
39754993930302	Merrill F. West High	98	15
39754993930302	Merrill F. West High	257	38
39754993930393	Willow Community Day	156	12
39754993930393	Willow Community Day	1322	152
39754993930393	Willow Community Day	110	18
39754993930393	Willow Community Day	124	11
39754993930393	Willow Community Day	460	70
39754993930393	Willow Community Day	445	34
39754993930393	Willow Community Day	232	59
39754993930393	Willow Community Day	698	66
39754993930393	Willow Community Day	230	29
39754993930393	Willow Community Day	239	13
39754993930393	Willow Community Day	624	86
39754993930393	Willow Community Day	230	41
39754993930393	Willow Community Day	206	21
39754993930393	Willow Community Day	591	100
39754993930393	Willow Community Day	84	19
39754993937976	Duncan-Russell Continuation	156	12
39754993937976	Duncan-Russell Continuation	1322	152
39754993937976	Duncan-Russell Continuation	110	18
39754993937976	Duncan-Russell Continuation	124	11
39754993937976	Duncan-Russell Continuation	460	70
39754993937976	Duncan-Russell Continuation	445	34
39754993937976	Duncan-Russell Continuation	232	59
39754993937976	Duncan-Russell Continuation	698	66
39754993937976	Duncan-Russell Continuation	230	29
39754993937976	Duncan-Russell Continuation	239	13
39754993937976	Duncan-Russell Continuation	624	86
39754993937976	Duncan-Russell Continuation	230	41
39754993937976	Duncan-Russell Continuation	206	21
39754993937976	Duncan-Russell Continuation	591	100
39754993937976	Duncan-Russell Continuation	84	19
39754993938008	Tracy High	423	41
39754993938008	Tracy High	118	17
39754993938008	Tracy High	199	16
39754993938008	Tracy High	68	15
39754993938008	Tracy High	235	15
39754993938008	Tracy High	188	26
39754993938008	Tracy High	53	12
39754993938008	Tracy High	132	29
40000000000000	San Luis Obispo	2676	234
40000000000000	San Luis Obispo	784	121
40000000000000	San Luis Obispo	1691	98
40000000000000	San Luis Obispo	259	70
40000000000000	San Luis Obispo	1329	80
40000000000000	San Luis Obispo	404	45
40000000000000	San Luis Obispo	830	30
40000000000000	San Luis Obispo	1347	154
40000000000000	San Luis Obispo	380	76
40000000000000	San Luis Obispo	861	68
40000000000000	San Luis Obispo	1113	182
40000000000000	San Luis Obispo	231	34
40104050000000	San Luis Obispo County Office of Education	2676	234
40104050000000	San Luis Obispo County Office of Education	784	121
40104050000000	San Luis Obispo County Office of Education	1691	98
40104050000000	San Luis Obispo County Office of Education	259	70
40104050000000	San Luis Obispo County Office of Education	1329	80
40104050000000	San Luis Obispo County Office of Education	404	45
40104050000000	San Luis Obispo County Office of Education	830	30
40104050000000	San Luis Obispo County Office of Education	1347	154
40104050000000	San Luis Obispo County Office of Education	380	76
40104050000000	San Luis Obispo County Office of Education	861	68
40104050000000	San Luis Obispo County Office of Education	1113	182
40104050000000	San Luis Obispo County Office of Education	231	34
40104050101725	Grizzly ChalleNGe Charter	2676	234
40104050101725	Grizzly ChalleNGe Charter	784	121
40104050101725	Grizzly ChalleNGe Charter	1691	98
40104050101725	Grizzly ChalleNGe Charter	259	70
40104050101725	Grizzly ChalleNGe Charter	1329	80
40104050101725	Grizzly ChalleNGe Charter	404	45
40104050101725	Grizzly ChalleNGe Charter	830	30
40104050101725	Grizzly ChalleNGe Charter	1347	154
40104050101725	Grizzly ChalleNGe Charter	380	76
40104050101725	Grizzly ChalleNGe Charter	861	68
40104050101725	Grizzly ChalleNGe Charter	1113	182
40104050101725	Grizzly ChalleNGe Charter	231	34
40104054030078	San Luis Obispo County Juvenile Court	2676	234
40104054030078	San Luis Obispo County Juvenile Court	784	121
40104054030078	San Luis Obispo County Juvenile Court	1691	98
40104054030078	San Luis Obispo County Juvenile Court	259	70
40104054030078	San Luis Obispo County Juvenile Court	1329	80
40104054030078	San Luis Obispo County Juvenile Court	404	45
40104054030078	San Luis Obispo County Juvenile Court	830	30
40104054030078	San Luis Obispo County Juvenile Court	1347	154
40104054030078	San Luis Obispo County Juvenile Court	380	76
40104054030078	San Luis Obispo County Juvenile Court	861	68
40104054030078	San Luis Obispo County Juvenile Court	1113	182
40104054030078	San Luis Obispo County Juvenile Court	231	34
40104054030250	San Luis Obispo County Community	2676	234
40104054030250	San Luis Obispo County Community	784	121
40104054030250	San Luis Obispo County Community	1691	98
40104054030250	San Luis Obispo County Community	259	70
40104054030250	San Luis Obispo County Community	1329	80
40104054030250	San Luis Obispo County Community	404	45
40104054030250	San Luis Obispo County Community	830	30
40104054030250	San Luis Obispo County Community	1347	154
40104054030250	San Luis Obispo County Community	380	76
40104054030250	San Luis Obispo County Community	861	68
40104054030250	San Luis Obispo County Community	1113	182
40104054030250	San Luis Obispo County Community	231	34
40104056106769	San Luis County Special Education	2676	234
40104056106769	San Luis County Special Education	784	121
40104056106769	San Luis County Special Education	1691	98
40104056106769	San Luis County Special Education	259	70
40104056106769	San Luis County Special Education	1329	80
40104056106769	San Luis County Special Education	404	45
40104056106769	San Luis County Special Education	830	30
40104056106769	San Luis County Special Education	1347	154
40104056106769	San Luis County Special Education	380	76
40104056106769	San Luis County Special Education	861	68
40104056106769	San Luis County Special Education	1113	182
40104056106769	San Luis County Special Education	231	34
40687000000000	Atascadero Unified	409	19
40687000000000	Atascadero Unified	300	11
40687000000000	Atascadero Unified	146	14
40687004030151	Del Rio Continuation High	409	19
40687004030151	Del Rio Continuation High	300	11
40687004030151	Del Rio Continuation High	146	14
40687590000000	Lucia Mar Unified	783	49
40687590000000	Lucia Mar Unified	274	18
40687590000000	Lucia Mar Unified	456	30
40687590000000	Lucia Mar Unified	407	16
40687590000000	Lucia Mar Unified	244	11
40687590000000	Lucia Mar Unified	376	33
40687590000000	Lucia Mar Unified	139	13
40687590000000	Lucia Mar Unified	212	19
40687590000000	Lucia Mar Unified	368	33
40687590000000	Lucia Mar Unified	67	11
40687594030557	Arroyo Grande High	482	18
40687594030557	Arroyo Grande High	235	12
40687594030557	Arroyo Grande High	199	11
40687594033205	Lopez Continuation High	783	49
40687594033205	Lopez Continuation High	274	18
40687594033205	Lopez Continuation High	456	30
40687594033205	Lopez Continuation High	407	16
40687594033205	Lopez Continuation High	244	11
40687594033205	Lopez Continuation High	376	33
40687594033205	Lopez Continuation High	139	13
40687594033205	Lopez Continuation High	212	19
40687594033205	Lopez Continuation High	368	33
40687594033205	Lopez Continuation High	67	11
40688090000000	San Luis Coastal Unified	533	12
40688094030045	Pacific Beach High	533	12
40754570000000	Paso Robles Joint Unified	483	57
40754570000000	Paso Robles Joint Unified	172	38
40754570000000	Paso Robles Joint Unified	279	17
40754570000000	Paso Robles Joint Unified	61	25
40754570000000	Paso Robles Joint Unified	245	26
40754570000000	Paso Robles Joint Unified	96	19
40754570000000	Paso Robles Joint Unified	238	31
40754570000000	Paso Robles Joint Unified	76	19
40754570000000	Paso Robles Joint Unified	147	12
40754570000000	Paso Robles Joint Unified	211	44
40754570119354	Independence High	59	11
40754574035754	Paso Robles High	362	19
40754574035754	Paso Robles High	129	12
40754574035754	Paso Robles High	142	14
40754574035762	Liberty High (Continuation)	483	57
40754574035762	Liberty High (Continuation)	172	38
40754574035762	Liberty High (Continuation)	279	17
40754574035762	Liberty High (Continuation)	61	25
40754574035762	Liberty High (Continuation)	245	26
40754574035762	Liberty High (Continuation)	96	19
40754574035762	Liberty High (Continuation)	238	31
40754574035762	Liberty High (Continuation)	76	19
40754574035762	Liberty High (Continuation)	147	12
40754574035762	Liberty High (Continuation)	211	44
41000000000000	San Mateo	801	25
41000000000000	San Mateo	5644	688
41000000000000	San Mateo	200	54
41000000000000	San Mateo	25	11
41000000000000	San Mateo	569	27
41000000000000	San Mateo	1789	394
41000000000000	San Mateo	150	28
41000000000000	San Mateo	1762	134
41000000000000	San Mateo	852	292
41000000000000	San Mateo	397	12
41000000000000	San Mateo	2950	281
41000000000000	San Mateo	115	27
41000000000000	San Mateo	946	155
41000000000000	San Mateo	920	60
41000000000000	San Mateo	404	13
41000000000000	San Mateo	2694	407
41000000000000	San Mateo	85	27
41000000000000	San Mateo	300	18
41000000000000	San Mateo	843	239
41000000000000	San Mateo	50	20
41000000000000	San Mateo	842	74
41000000000000	San Mateo	71	21
41000000000000	San Mateo	2455	460
41000000000000	San Mateo	490	99
41104130000000	San Mateo County Office of Education	801	25
41104130000000	San Mateo County Office of Education	5644	688
41104130000000	San Mateo County Office of Education	200	54
41104130000000	San Mateo County Office of Education	25	11
41104130000000	San Mateo County Office of Education	569	27
41104130000000	San Mateo County Office of Education	1789	394
41104130000000	San Mateo County Office of Education	150	28
41104130000000	San Mateo County Office of Education	1762	134
41104130000000	San Mateo County Office of Education	852	292
41104130000000	San Mateo County Office of Education	397	12
41104130000000	San Mateo County Office of Education	2950	281
41104130000000	San Mateo County Office of Education	115	27
41104130000000	San Mateo County Office of Education	946	155
41104130000000	San Mateo County Office of Education	920	60
41104130000000	San Mateo County Office of Education	404	13
41104130000000	San Mateo County Office of Education	2694	407
41104130000000	San Mateo County Office of Education	85	27
41104130000000	San Mateo County Office of Education	300	18
41104130000000	San Mateo County Office of Education	843	239
41104130000000	San Mateo County Office of Education	50	20
41104130000000	San Mateo County Office of Education	842	74
41104130000000	San Mateo County Office of Education	71	21
41104130000000	San Mateo County Office of Education	2455	460
41104130000000	San Mateo County Office of Education	490	99
41104130113266	Camp Glenwood	801	25
41104130113266	Camp Glenwood	5644	688
41104130113266	Camp Glenwood	200	54
41104130113266	Camp Glenwood	25	11
41104130113266	Camp Glenwood	569	27
41104130113266	Camp Glenwood	1789	394
41104130113266	Camp Glenwood	150	28
41104130113266	Camp Glenwood	1762	134
41104130113266	Camp Glenwood	852	292
41104130113266	Camp Glenwood	397	12
41104130113266	Camp Glenwood	2950	281
41104130113266	Camp Glenwood	115	27
41104130113266	Camp Glenwood	946	155
41104130113266	Camp Glenwood	920	60
41104130113266	Camp Glenwood	404	13
41104130113266	Camp Glenwood	2694	407
41104130113266	Camp Glenwood	85	27
41104130113266	Camp Glenwood	300	18
41104130113266	Camp Glenwood	843	239
41104130113266	Camp Glenwood	50	20
41104130113266	Camp Glenwood	842	74
41104130113266	Camp Glenwood	71	21
41104130113266	Camp Glenwood	2455	460
41104130113266	Camp Glenwood	490	99
41104130113282	North Community	801	25
41104130113282	North Community	5644	688
41104130113282	North Community	200	54
41104130113282	North Community	25	11
41104130113282	North Community	569	27
41104130113282	North Community	1789	394
41104130113282	North Community	150	28
41104130113282	North Community	1762	134
41104130113282	North Community	852	292
41104130113282	North Community	397	12
41104130113282	North Community	2950	281
41104130113282	North Community	115	27
41104130113282	North Community	946	155
41104130113282	North Community	920	60
41104130113282	North Community	404	13
41104130113282	North Community	2694	407
41104130113282	North Community	85	27
41104130113282	North Community	300	18
41104130113282	North Community	843	239
41104130113282	North Community	50	20
41104130113282	North Community	842	74
41104130113282	North Community	71	21
41104130113282	North Community	2455	460
41104130113282	North Community	490	99
41104130113316	Central Community	801	25
41104130113316	Central Community	5644	688
41104130113316	Central Community	200	54
41104130113316	Central Community	25	11
41104130113316	Central Community	569	27
41104130113316	Central Community	1789	394
41104130113316	Central Community	150	28
41104130113316	Central Community	1762	134
41104130113316	Central Community	852	292
41104130113316	Central Community	397	12
41104130113316	Central Community	2950	281
41104130113316	Central Community	115	27
41104130113316	Central Community	946	155
41104130113316	Central Community	920	60
41104130113316	Central Community	404	13
41104130113316	Central Community	2694	407
41104130113316	Central Community	85	27
41104130113316	Central Community	300	18
41104130113316	Central Community	843	239
41104130113316	Central Community	50	20
41104130113316	Central Community	842	74
41104130113316	Central Community	71	21
41104130113316	Central Community	2455	460
41104130113316	Central Community	490	99
41104130113324	South Community	801	25
41104130113324	South Community	5644	688
41104130113324	South Community	200	54
41104130113324	South Community	25	11
41104130113324	South Community	569	27
41104130113324	South Community	1789	394
41104130113324	South Community	150	28
41104130113324	South Community	1762	134
41104130113324	South Community	852	292
41104130113324	South Community	397	12
41104130113324	South Community	2950	281
41104130113324	South Community	115	27
41104130113324	South Community	946	155
41104130113324	South Community	920	60
41104130113324	South Community	404	13
41104130113324	South Community	2694	407
41104130113324	South Community	85	27
41104130113324	South Community	300	18
41104130113324	South Community	843	239
41104130113324	South Community	50	20
41104130113324	South Community	842	74
41104130113324	South Community	71	21
41104130113324	South Community	2455	460
41104130113324	South Community	490	99
41104130113332	Gateway Center	801	25
41104130113332	Gateway Center	5644	688
41104130113332	Gateway Center	200	54
41104130113332	Gateway Center	25	11
41104130113332	Gateway Center	569	27
41104130113332	Gateway Center	1789	394
41104130113332	Gateway Center	150	28
41104130113332	Gateway Center	1762	134
41104130113332	Gateway Center	852	292
41104130113332	Gateway Center	397	12
41104130113332	Gateway Center	2950	281
41104130113332	Gateway Center	115	27
41104130113332	Gateway Center	946	155
41104130113332	Gateway Center	920	60
41104130113332	Gateway Center	404	13
41104130113332	Gateway Center	2694	407
41104130113332	Gateway Center	85	27
41104130113332	Gateway Center	300	18
41104130113332	Gateway Center	843	239
41104130113332	Gateway Center	50	20
41104130113332	Gateway Center	842	74
41104130113332	Gateway Center	71	21
41104130113332	Gateway Center	2455	460
41104130113332	Gateway Center	490	99
41104130117143	Canyon Oaks Youth Center	801	25
41104130117143	Canyon Oaks Youth Center	5644	688
41104130117143	Canyon Oaks Youth Center	200	54
41104130117143	Canyon Oaks Youth Center	25	11
41104130117143	Canyon Oaks Youth Center	569	27
41104130117143	Canyon Oaks Youth Center	1789	394
41104130117143	Canyon Oaks Youth Center	150	28
41104130117143	Canyon Oaks Youth Center	1762	134
41104130117143	Canyon Oaks Youth Center	852	292
41104130117143	Canyon Oaks Youth Center	397	12
41104130117143	Canyon Oaks Youth Center	2950	281
41104130117143	Canyon Oaks Youth Center	115	27
41104130117143	Canyon Oaks Youth Center	946	155
41104130117143	Canyon Oaks Youth Center	920	60
41104130117143	Canyon Oaks Youth Center	404	13
41104130117143	Canyon Oaks Youth Center	2694	407
41104130117143	Canyon Oaks Youth Center	85	27
41104130117143	Canyon Oaks Youth Center	300	18
41104130117143	Canyon Oaks Youth Center	843	239
41104130117143	Canyon Oaks Youth Center	50	20
41104130117143	Canyon Oaks Youth Center	842	74
41104130117143	Canyon Oaks Youth Center	71	21
41104130117143	Canyon Oaks Youth Center	2455	460
41104130117143	Canyon Oaks Youth Center	490	99
41104134130076	Hillcrest at Youth Services Center	801	25
41104134130076	Hillcrest at Youth Services Center	5644	688
41104134130076	Hillcrest at Youth Services Center	200	54
41104134130076	Hillcrest at Youth Services Center	25	11
41104134130076	Hillcrest at Youth Services Center	569	27
41104134130076	Hillcrest at Youth Services Center	1789	394
41104134130076	Hillcrest at Youth Services Center	150	28
41104134130076	Hillcrest at Youth Services Center	1762	134
41104134130076	Hillcrest at Youth Services Center	852	292
41104134130076	Hillcrest at Youth Services Center	397	12
41104134130076	Hillcrest at Youth Services Center	2950	281
41104134130076	Hillcrest at Youth Services Center	115	27
41104134130076	Hillcrest at Youth Services Center	946	155
41104134130076	Hillcrest at Youth Services Center	920	60
41104134130076	Hillcrest at Youth Services Center	404	13
41104134130076	Hillcrest at Youth Services Center	2694	407
41104134130076	Hillcrest at Youth Services Center	85	27
41104134130076	Hillcrest at Youth Services Center	300	18
41104134130076	Hillcrest at Youth Services Center	843	239
41104134130076	Hillcrest at Youth Services Center	50	20
41104134130076	Hillcrest at Youth Services Center	842	74
41104134130076	Hillcrest at Youth Services Center	71	21
41104134130076	Hillcrest at Youth Services Center	2455	460
41104134130076	Hillcrest at Youth Services Center	490	99
41104136069363	San Mateo County Special Education	801	25
41104136069363	San Mateo County Special Education	5644	688
41104136069363	San Mateo County Special Education	200	54
41104136069363	San Mateo County Special Education	25	11
41104136069363	San Mateo County Special Education	569	27
41104136069363	San Mateo County Special Education	1789	394
41104136069363	San Mateo County Special Education	150	28
41104136069363	San Mateo County Special Education	1762	134
41104136069363	San Mateo County Special Education	852	292
41104136069363	San Mateo County Special Education	397	12
41104136069363	San Mateo County Special Education	2950	281
41104136069363	San Mateo County Special Education	115	27
41104136069363	San Mateo County Special Education	946	155
41104136069363	San Mateo County Special Education	920	60
41104136069363	San Mateo County Special Education	404	13
41104136069363	San Mateo County Special Education	2694	407
41104136069363	San Mateo County Special Education	85	27
41104136069363	San Mateo County Special Education	300	18
41104136069363	San Mateo County Special Education	843	239
41104136069363	San Mateo County Special Education	50	20
41104136069363	San Mateo County Special Education	842	74
41104136069363	San Mateo County Special Education	71	21
41104136069363	San Mateo County Special Education	2455	460
41104136069363	San Mateo County Special Education	490	99
41688900000000	Cabrillo Unified	207	22
41688900000000	Cabrillo Unified	80	13
41688900000000	Cabrillo Unified	39	13
41688900000000	Cabrillo Unified	101	12
41688900000000	Cabrillo Unified	81	15
41688904130027	Pilarcitos Alternative High (Continuation)	207	22
41688904130027	Pilarcitos Alternative High (Continuation)	80	13
41688904130027	Pilarcitos Alternative High (Continuation)	39	13
41688904130027	Pilarcitos Alternative High (Continuation)	101	12
41688904130027	Pilarcitos Alternative High (Continuation)	81	15
41688904132817	Half Moon Bay High	202	15
41689160112284	California Virtual Academy @ San Mateo	52	54
41689160112284	California Virtual Academy @ San Mateo	32	23
41689160112284	California Virtual Academy @ San Mateo	30	30
41689160112284	California Virtual Academy @ San Mateo	19	11
41689160112284	California Virtual Academy @ San Mateo	22	24
41689160112284	California Virtual Academy @ San Mateo	13	12
41689160112284	California Virtual Academy @ San Mateo	15	22
41689160112284	California Virtual Academy @ San Mateo	52	54
41689160112284	California Virtual Academy @ San Mateo	32	23
41689160112284	California Virtual Academy @ San Mateo	30	30
41689160112284	California Virtual Academy @ San Mateo	19	11
41689160112284	California Virtual Academy @ San Mateo	22	24
41689160112284	California Virtual Academy @ San Mateo	13	12
41689160112284	California Virtual Academy @ San Mateo	15	22
41689240000000	Jefferson Union High	1055	94
41689240000000	Jefferson Union High	308	16
41689240000000	Jefferson Union High	269	36
41689240000000	Jefferson Union High	201	17
41689240000000	Jefferson Union High	129	35
41689240000000	Jefferson Union High	528	47
41689240000000	Jefferson Union High	138	23
41689240000000	Jefferson Union High	527	47
41689240000000	Jefferson Union High	162	11
41689240000000	Jefferson Union High	131	13
41689240000000	Jefferson Union High	452	49
41689244133393	Jefferson High	208	29
41689244133393	Jefferson High	86	14
41689244133393	Jefferson High	51	15
41689244133393	Jefferson High	110	15
41689244133393	Jefferson High	98	14
41689244133393	Jefferson High	146	19
41689244137592	Thornton High	1055	94
41689244137592	Thornton High	308	16
41689244137592	Thornton High	269	36
41689244137592	Thornton High	201	17
41689244137592	Thornton High	129	35
41689244137592	Thornton High	528	47
41689244137592	Thornton High	138	23
41689244137592	Thornton High	527	47
41689244137592	Thornton High	162	11
41689244137592	Thornton High	131	13
41689244137592	Thornton High	452	49
41689244137790	Westmoor High	400	24
41689244137790	Westmoor High	193	14
41690470000000	San Mateo Union High	1847	111
41690470000000	San Mateo Union High	484	50
41690470000000	San Mateo Union High	602	30
41690470000000	San Mateo Union High	201	39
41690470000000	San Mateo Union High	983	50
41690470000000	San Mateo Union High	254	22
41690470000000	San Mateo Union High	315	14
41690470000000	San Mateo Union High	864	61
41690470000000	San Mateo Union High	230	28
41690470000000	San Mateo Union High	287	16
41690470000000	San Mateo Union High	549	51
41690470000000	San Mateo Union High	166	15
41690474130738	Capuchino High	235	29
41690474130738	Capuchino High	98	12
41690474130738	Capuchino High	125	14
41690474130738	Capuchino High	110	15
41690474133070	Hillsdale High	262	17
41690474135265	Peninsula High (Continuation)	1847	111
41690474135265	Peninsula High (Continuation)	484	50
41690474135265	Peninsula High (Continuation)	602	30
41690474135265	Peninsula High (Continuation)	201	39
41690474135265	Peninsula High (Continuation)	983	50
41690474135265	Peninsula High (Continuation)	254	22
41690474135265	Peninsula High (Continuation)	315	14
41690474135265	Peninsula High (Continuation)	864	61
41690474135265	Peninsula High (Continuation)	230	28
41690474135265	Peninsula High (Continuation)	287	16
41690474135265	Peninsula High (Continuation)	549	51
41690474135265	Peninsula High (Continuation)	166	15
41690474136370	San Mateo High	265	18
41690474136370	San Mateo High	80	11
41690474136370	San Mateo High	114	13
41690620000000	Sequoia Union High	1601	218
41690620000000	Sequoia Union High	81	18
41690620000000	Sequoia Union High	579	149
41690620000000	Sequoia Union High	54	13
41690620000000	Sequoia Union High	704	26
41690620000000	Sequoia Union High	324	122
41690620000000	Sequoia Union High	867	81
41690620000000	Sequoia Union High	328	52
41690620000000	Sequoia Union High	380	12
41690620000000	Sequoia Union High	734	137
41690620000000	Sequoia Union High	251	97
41690620000000	Sequoia Union High	324	14
41690620000000	Sequoia Union High	687	171
41690620000000	Sequoia Union High	131	23
41690624130993	Carlmont High	411	22
41690624130993	Carlmont High	72	11
41690624130993	Carlmont High	192	14
41690624130993	Carlmont High	95	16
41690624133716	Menlo-Atherton High	397	38
41690624133716	Menlo-Atherton High	115	20
41690624133716	Menlo-Atherton High	84	22
41690624133716	Menlo-Atherton High	218	12
41690624133716	Menlo-Atherton High	179	26
41690624133716	Menlo-Atherton High	53	14
41690624133716	Menlo-Atherton High	142	28
41690624135687	Redwood High	1601	218
41690624135687	Redwood High	81	18
41690624135687	Redwood High	579	149
41690624135687	Redwood High	54	13
41690624135687	Redwood High	704	26
41690624135687	Redwood High	324	122
41690624135687	Redwood High	867	81
41690624135687	Redwood High	328	52
41690624135687	Redwood High	380	12
41690624135687	Redwood High	734	137
41690624135687	Redwood High	251	97
41690624135687	Redwood High	324	14
41690624135687	Redwood High	687	171
41690624135687	Redwood High	131	23
41690624136693	Sequoia High	354	39
41690624136693	Sequoia High	184	28
41690624136693	Sequoia High	73	21
41690624136693	Sequoia High	199	19
41690624136693	Sequoia High	107	12
41690624136693	Sequoia High	155	20
41690624136693	Sequoia High	77	16
41690624136693	Sequoia High	197	27
41690624138053	Woodside High	336	14
41690624138053	Woodside High	149	11
41690700000000	South San Francisco Unified	658	22
41690700000000	South San Francisco Unified	243	17
41690700000000	South San Francisco Unified	340	12
41690700000000	South San Francisco Unified	504	20
41690704130324	Baden High (Continuation)	658	22
41690704130324	Baden High (Continuation)	243	17
41690704130324	Baden High (Continuation)	340	12
41690704130324	Baden High (Continuation)	504	20
42000000000000	Santa Barbara	4439	525
42000000000000	Santa Barbara	2513	406
42000000000000	Santa Barbara	1505	94
42000000000000	Santa Barbara	850	265
42000000000000	Santa Barbara	2213	196
42000000000000	Santa Barbara	1259	151
42000000000000	Santa Barbara	746	38
42000000000000	Santa Barbara	2226	329
42000000000000	Santa Barbara	1254	255
42000000000000	Santa Barbara	759	56
42000000000000	Santa Barbara	283	59
42000000000000	Santa Barbara	2632	438
42000000000000	Santa Barbara	377	71
42104210000000	Santa Barbara County Office of Education	4439	525
42104210000000	Santa Barbara County Office of Education	2513	406
42104210000000	Santa Barbara County Office of Education	1505	94
42104210000000	Santa Barbara County Office of Education	850	265
42104210000000	Santa Barbara County Office of Education	2213	196
42104210000000	Santa Barbara County Office of Education	1259	151
42104210000000	Santa Barbara County Office of Education	746	38
42104210000000	Santa Barbara County Office of Education	2226	329
42104210000000	Santa Barbara County Office of Education	1254	255
42104210000000	Santa Barbara County Office of Education	759	56
42104210000000	Santa Barbara County Office of Education	283	59
42104210000000	Santa Barbara County Office of Education	2632	438
42104210000000	Santa Barbara County Office of Education	377	71
42104214230157	Santa Barbara County Juvenile Court	4439	525
42104214230157	Santa Barbara County Juvenile Court	2513	406
42104214230157	Santa Barbara County Juvenile Court	1505	94
42104214230157	Santa Barbara County Juvenile Court	850	265
42104214230157	Santa Barbara County Juvenile Court	2213	196
42104214230157	Santa Barbara County Juvenile Court	1259	151
42104214230157	Santa Barbara County Juvenile Court	746	38
42104214230157	Santa Barbara County Juvenile Court	2226	329
42104214230157	Santa Barbara County Juvenile Court	1254	255
42104214230157	Santa Barbara County Juvenile Court	759	56
42104214230157	Santa Barbara County Juvenile Court	283	59
42104214230157	Santa Barbara County Juvenile Court	2632	438
42104214230157	Santa Barbara County Juvenile Court	377	71
42104214230207	Santa Barbara County Community	4439	525
42104214230207	Santa Barbara County Community	2513	406
42104214230207	Santa Barbara County Community	1505	94
42104214230207	Santa Barbara County Community	850	265
42104214230207	Santa Barbara County Community	2213	196
42104214230207	Santa Barbara County Community	1259	151
42104214230207	Santa Barbara County Community	746	38
42104214230207	Santa Barbara County Community	2226	329
42104214230207	Santa Barbara County Community	1254	255
42104214230207	Santa Barbara County Community	759	56
42104214230207	Santa Barbara County Community	283	59
42104214230207	Santa Barbara County Community	2632	438
42104214230207	Santa Barbara County Community	377	71
42104216069223	Santa Barbara County Special Education	4439	525
42104216069223	Santa Barbara County Special Education	2513	406
42104216069223	Santa Barbara County Special Education	1505	94
42104216069223	Santa Barbara County Special Education	850	265
42104216069223	Santa Barbara County Special Education	2213	196
42104216069223	Santa Barbara County Special Education	1259	151
42104216069223	Santa Barbara County Special Education	746	38
42104216069223	Santa Barbara County Special Education	2226	329
42104216069223	Santa Barbara County Special Education	1254	255
42104216069223	Santa Barbara County Special Education	759	56
42104216069223	Santa Barbara County Special Education	283	59
42104216069223	Santa Barbara County Special Education	2632	438
42104216069223	Santa Barbara County Special Education	377	71
42691460000000	Carpinteria Unified	174	12
42691460000000	Carpinteria Unified	119	11
42691464230181	Foothill Alternative High	174	12
42691464230181	Foothill Alternative High	119	11
42691464230595	Rincon High (Continuation)	174	12
42691464230595	Rincon High (Continuation)	119	11
42692290000000	Lompoc Unified	579	48
42692290000000	Lompoc Unified	303	32
42692290000000	Lompoc Unified	187	12
42692290000000	Lompoc Unified	96	17
42692290000000	Lompoc Unified	300	12
42692290000000	Lompoc Unified	279	36
42692290000000	Lompoc Unified	141	22
42692290000000	Lompoc Unified	332	41
42692294230454	Cabrillo High	289	11
42692294233029	Maple High	579	48
42692294233029	Maple High	303	32
42692294233029	Maple High	187	12
42692294233029	Maple High	96	17
42692294233029	Maple High	300	12
42692294233029	Maple High	279	36
42692294233029	Maple High	141	22
42692294233029	Maple High	332	41
42692294233060	Lompoc High	284	16
42692294233060	Lompoc High	128	14
42692294233060	Lompoc High	221	13
42692450000000	Los Olivos Elementary	93	13
42692454230199	Olive Grove	93	13
42692860000000	Santa Barbara Elementary	1455	109
42692860000000	Santa Barbara Elementary	644	64
42692860000000	Santa Barbara Elementary	677	35
42692860000000	Santa Barbara Elementary	257	48
42692860000000	Santa Barbara Elementary	730	43
42692860000000	Santa Barbara Elementary	333	25
42692860000000	Santa Barbara Elementary	344	15
42692860000000	Santa Barbara Elementary	725	66
42692860000000	Santa Barbara Elementary	311	39
42692860000000	Santa Barbara Elementary	333	20
42692860000000	Santa Barbara Elementary	615	67
42692860000000	Santa Barbara Elementary	156	23
42692860120402	Alta Vista Alternative High	38	14
42692864231726	Dos Pueblos Senior High	554	28
42692864231726	Dos Pueblos Senior High	194	17
42692864231726	Dos Pueblos Senior High	75	15
42692864231726	Dos Pueblos Senior High	270	11
42692864231726	Dos Pueblos Senior High	284	17
42692864231726	Dos Pueblos Senior High	186	16
42692864235230	San Marcos Senior High	398	19
42692864235230	San Marcos Senior High	195	16
42692864235230	San Marcos Senior High	91	15
42692864235230	San Marcos Senior High	190	11
42692864235230	San Marcos Senior High	189	18
42692864235727	Santa Barbara Senior High	436	38
42692864235727	Santa Barbara Senior High	225	19
42692864235727	Santa Barbara Senior High	188	15
42692864235727	Santa Barbara Senior High	84	12
42692864235727	Santa Barbara Senior High	217	16
42692864235727	Santa Barbara Senior High	219	22
42692864235727	Santa Barbara Senior High	107	14
42692864235727	Santa Barbara Senior High	207	20
42693100000000	Santa Maria Joint Union High	1667	199
42693100000000	Santa Maria Joint Union High	1225	180
42693100000000	Santa Maria Joint Union High	294	15
42693100000000	Santa Maria Joint Union High	346	118
42693100000000	Santa Maria Joint Union High	818	84
42693100000000	Santa Maria Joint Union High	600	76
42693100000000	Santa Maria Joint Union High	849	115
42693100000000	Santa Maria Joint Union High	625	104
42693100000000	Santa Maria Joint Union High	261	51
42693100000000	Santa Maria Joint Union High	1321	191
42693100000000	Santa Maria Joint Union High	120	15
42693100102285	Pioneer Valley High	585	35
42693100102285	Pioneer Valley High	481	31
42693100102285	Pioneer Valley High	106	19
42693100102285	Pioneer Valley High	295	14
42693100102285	Pioneer Valley High	240	12
42693100102285	Pioneer Valley High	290	21
42693100102285	Pioneer Valley High	241	19
42693100102285	Pioneer Valley High	526	35
42693104231452	Delta High	1667	199
42693104231452	Delta High	1225	180
42693104231452	Delta High	294	15
42693104231452	Delta High	346	118
42693104231452	Delta High	818	84
42693104231452	Delta High	600	76
42693104231452	Delta High	849	115
42693104231452	Delta High	625	104
42693104231452	Delta High	261	51
42693104231452	Delta High	1321	191
42693104231452	Delta High	120	15
42693104234613	Ernest Righetti High	485	13
42693104234613	Ernest Righetti High	226	11
42693104236030	Santa Maria High	438	65
42693104236030	Santa Maria High	393	62
42693104236030	Santa Maria High	176	51
42693104236030	Santa Maria High	218	29
42693104236030	Santa Maria High	194	29
42693104236030	Santa Maria High	220	36
42693104236030	Santa Maria High	199	33
42693104236030	Santa Maria High	132	25
42693104236030	Santa Maria High	419	65
43000000000000	Santa Clara	4807	178
43000000000000	Santa Clara	16483	2433
43000000000000	Santa Clara	488	91
43000000000000	Santa Clara	948	75
43000000000000	Santa Clara	5089	1712
43000000000000	Santa Clara	103	23
43000000000000	Santa Clara	346	46
43000000000000	Santa Clara	4617	291
43000000000000	Santa Clara	2715	1227
43000000000000	Santa Clara	2383	64
43000000000000	Santa Clara	8280	953
43000000000000	Santa Clara	249	38
43000000000000	Santa Clara	453	24
43000000000000	Santa Clara	2689	702
43000000000000	Santa Clara	177	13
43000000000000	Santa Clara	2237	96
43000000000000	Santa Clara	2424	114
43000000000000	Santa Clara	8203	1480
43000000000000	Santa Clara	239	53
43000000000000	Santa Clara	495	51
43000000000000	Santa Clara	2400	1010
43000000000000	Santa Clara	58	14
43000000000000	Santa Clara	169	33
43000000000000	Santa Clara	2380	195
43000000000000	Santa Clara	280	72
43000000000000	Santa Clara	6601	1950
43000000000000	Santa Clara	1346	352
43104390000000	Santa Clara County Office of Education	4807	178
43104390000000	Santa Clara County Office of Education	16483	2433
43104390000000	Santa Clara County Office of Education	488	91
43104390000000	Santa Clara County Office of Education	948	75
43104390000000	Santa Clara County Office of Education	5089	1712
43104390000000	Santa Clara County Office of Education	103	23
43104390000000	Santa Clara County Office of Education	346	46
43104390000000	Santa Clara County Office of Education	4617	291
43104390000000	Santa Clara County Office of Education	2715	1227
43104390000000	Santa Clara County Office of Education	2383	64
43104390000000	Santa Clara County Office of Education	8280	953
43104390000000	Santa Clara County Office of Education	249	38
43104390000000	Santa Clara County Office of Education	453	24
43104390000000	Santa Clara County Office of Education	2689	702
43104390000000	Santa Clara County Office of Education	177	13
43104390000000	Santa Clara County Office of Education	2237	96
43104390000000	Santa Clara County Office of Education	2424	114
43104390000000	Santa Clara County Office of Education	8203	1480
43104390000000	Santa Clara County Office of Education	239	53
43104390000000	Santa Clara County Office of Education	495	51
43104390000000	Santa Clara County Office of Education	2400	1010
43104390000000	Santa Clara County Office of Education	58	14
43104390000000	Santa Clara County Office of Education	169	33
43104390000000	Santa Clara County Office of Education	2380	195
43104390000000	Santa Clara County Office of Education	280	72
43104390000000	Santa Clara County Office of Education	6601	1950
43104390000000	Santa Clara County Office of Education	1346	352
43104390100339	EDGE	4807	178
43104390100339	EDGE	16483	2433
43104390100339	EDGE	488	91
43104390100339	EDGE	948	75
43104390100339	EDGE	5089	1712
43104390100339	EDGE	103	23
43104390100339	EDGE	346	46
43104390100339	EDGE	4617	291
43104390100339	EDGE	2715	1227
43104390100339	EDGE	2383	64
43104390100339	EDGE	8280	953
43104390100339	EDGE	249	38
43104390100339	EDGE	453	24
43104390100339	EDGE	2689	702
43104390100339	EDGE	177	13
43104390100339	EDGE	2237	96
43104390100339	EDGE	2424	114
43104390100339	EDGE	8203	1480
43104390100339	EDGE	239	53
43104390100339	EDGE	495	51
43104390100339	EDGE	2400	1010
43104390100339	EDGE	58	14
43104390100339	EDGE	169	33
43104390100339	EDGE	2380	195
43104390100339	EDGE	280	72
43104390100339	EDGE	6601	1950
43104390100339	EDGE	1346	352
43104390102905	Leadership Public Schools - San Jose	34	15
43104390102905	Leadership Public Schools - San Jose	30	11
43104390102905	Leadership Public Schools - San Jose	34	15
43104390102905	Leadership Public Schools - San Jose	30	11
43104394330254	Santa Clara County Juvenile Hall	4807	178
43104394330254	Santa Clara County Juvenile Hall	16483	2433
43104394330254	Santa Clara County Juvenile Hall	488	91
43104394330254	Santa Clara County Juvenile Hall	948	75
43104394330254	Santa Clara County Juvenile Hall	5089	1712
43104394330254	Santa Clara County Juvenile Hall	103	23
43104394330254	Santa Clara County Juvenile Hall	346	46
43104394330254	Santa Clara County Juvenile Hall	4617	291
43104394330254	Santa Clara County Juvenile Hall	2715	1227
43104394330254	Santa Clara County Juvenile Hall	2383	64
43104394330254	Santa Clara County Juvenile Hall	8280	953
43104394330254	Santa Clara County Juvenile Hall	249	38
43104394330254	Santa Clara County Juvenile Hall	453	24
43104394330254	Santa Clara County Juvenile Hall	2689	702
43104394330254	Santa Clara County Juvenile Hall	177	13
43104394330254	Santa Clara County Juvenile Hall	2237	96
43104394330254	Santa Clara County Juvenile Hall	2424	114
43104394330254	Santa Clara County Juvenile Hall	8203	1480
43104394330254	Santa Clara County Juvenile Hall	239	53
43104394330254	Santa Clara County Juvenile Hall	495	51
43104394330254	Santa Clara County Juvenile Hall	2400	1010
43104394330254	Santa Clara County Juvenile Hall	58	14
43104394330254	Santa Clara County Juvenile Hall	169	33
43104394330254	Santa Clara County Juvenile Hall	2380	195
43104394330254	Santa Clara County Juvenile Hall	280	72
43104394330254	Santa Clara County Juvenile Hall	6601	1950
43104394330254	Santa Clara County Juvenile Hall	1346	352
43104394330320	County Community	4807	178
43104394330320	County Community	16483	2433
43104394330320	County Community	488	91
43104394330320	County Community	948	75
43104394330320	County Community	5089	1712
43104394330320	County Community	103	23
43104394330320	County Community	346	46
43104394330320	County Community	4617	291
43104394330320	County Community	2715	1227
43104394330320	County Community	2383	64
43104394330320	County Community	8280	953
43104394330320	County Community	249	38
43104394330320	County Community	453	24
43104394330320	County Community	2689	702
43104394330320	County Community	177	13
43104394330320	County Community	2237	96
43104394330320	County Community	2424	114
43104394330320	County Community	8203	1480
43104394330320	County Community	239	53
43104394330320	County Community	495	51
43104394330320	County Community	2400	1010
43104394330320	County Community	58	14
43104394330320	County Community	169	33
43104394330320	County Community	2380	195
43104394330320	County Community	280	72
43104394330320	County Community	6601	1950
43104394330320	County Community	1346	352
43104396069371	Santa Clara County Special Education	4807	178
43104396069371	Santa Clara County Special Education	16483	2433
43104396069371	Santa Clara County Special Education	488	91
43104396069371	Santa Clara County Special Education	948	75
43104396069371	Santa Clara County Special Education	5089	1712
43104396069371	Santa Clara County Special Education	103	23
43104396069371	Santa Clara County Special Education	346	46
43104396069371	Santa Clara County Special Education	4617	291
43104396069371	Santa Clara County Special Education	2715	1227
43104396069371	Santa Clara County Special Education	2383	64
43104396069371	Santa Clara County Special Education	8280	953
43104396069371	Santa Clara County Special Education	249	38
43104396069371	Santa Clara County Special Education	453	24
43104396069371	Santa Clara County Special Education	2689	702
43104396069371	Santa Clara County Special Education	177	13
43104396069371	Santa Clara County Special Education	2237	96
43104396069371	Santa Clara County Special Education	2424	114
43104396069371	Santa Clara County Special Education	8203	1480
43104396069371	Santa Clara County Special Education	239	53
43104396069371	Santa Clara County Special Education	495	51
43104396069371	Santa Clara County Special Education	2400	1010
43104396069371	Santa Clara County Special Education	58	14
43104396069371	Santa Clara County Special Education	169	33
43104396069371	Santa Clara County Special Education	2380	195
43104396069371	Santa Clara County Special Education	280	72
43104396069371	Santa Clara County Special Education	6601	1950
43104396069371	Santa Clara County Special Education	1346	352
43694010000000	Campbell Union High	1523	117
43694010000000	Campbell Union High	414	66
43694010000000	Campbell Union High	712	27
43694010000000	Campbell Union High	159	52
43694010000000	Campbell Union High	744	46
43694010000000	Campbell Union High	201	27
43694010000000	Campbell Union High	339	14
43694010000000	Campbell Union High	779	71
43694010000000	Campbell Union High	213	39
43694010000000	Campbell Union High	373	13
43694010000000	Campbell Union High	459	70
43694010000000	Campbell Union High	144	13
43694014330718	Camden Community Day	1523	117
43694014330718	Camden Community Day	414	66
43694014330718	Camden Community Day	712	27
43694014330718	Camden Community Day	159	52
43694014330718	Camden Community Day	744	46
43694014330718	Camden Community Day	201	27
43694014330718	Camden Community Day	339	14
43694014330718	Camden Community Day	779	71
43694014330718	Camden Community Day	213	39
43694014330718	Camden Community Day	373	13
43694014330718	Camden Community Day	459	70
43694014330718	Camden Community Day	144	13
43694014330759	Boynton High	1523	117
43694014330759	Boynton High	414	66
43694014330759	Boynton High	712	27
43694014330759	Boynton High	159	52
43694014330759	Boynton High	744	46
43694014330759	Boynton High	201	27
43694014330759	Boynton High	339	14
43694014330759	Boynton High	779	71
43694014330759	Boynton High	213	39
43694014330759	Boynton High	373	13
43694014330759	Boynton High	459	70
43694014330759	Boynton High	144	13
43694014330866	Branham High	255	12
43694014331955	Del Mar High	222	37
43694014331955	Del Mar High	110	25
43694014331955	Del Mar High	53	19
43694014331955	Del Mar High	98	13
43694014331955	Del Mar High	52	11
43694014331955	Del Mar High	124	24
43694014331955	Del Mar High	58	14
43694014331955	Del Mar High	125	26
43694014336137	Prospect High	233	21
43694014336137	Prospect High	61	16
43694014336137	Prospect High	28	13
43694014336137	Prospect High	113	12
43694014336137	Prospect High	93	15
43694014338505	Westmont High	353	27
43694014338505	Westmont High	73	13
43694014338505	Westmont High	45	11
43694014338505	Westmont High	174	17
43694014338505	Westmont High	100	11
43694270000000	East Side Union High	1706	103
43694270000000	East Side Union High	4716	870
43694270000000	East Side Union High	170	42
43694270000000	East Side Union High	500	40
43694270000000	East Side Union High	1800	588
43694270000000	East Side Union High	47	14
43694270000000	East Side Union High	438	67
43694270000000	East Side Union High	1131	431
43694270000000	East Side Union High	863	43
43694270000000	East Side Union High	2433	344
43694270000000	East Side Union High	85	20
43694270000000	East Side Union High	994	241
43694270000000	East Side Union High	199	18
43694270000000	East Side Union High	843	60
43694270000000	East Side Union High	2283	526
43694270000000	East Side Union High	85	22
43694270000000	East Side Union High	255	30
43694270000000	East Side Union High	806	347
43694270000000	East Side Union High	22	11
43694270000000	East Side Union High	239	49
43694270000000	East Side Union High	70	30
43694270000000	East Side Union High	2716	688
43694270000000	East Side Union High	280	129
43694274330015	Yerba Buena High	219	79
43694274330015	Yerba Buena High	95	63
43694274330015	Yerba Buena High	89	60
43694274330015	Yerba Buena High	98	35
43694274330015	Yerba Buena High	54	29
43694274330015	Yerba Buena High	121	44
43694274330015	Yerba Buena High	41	34
43694274330015	Yerba Buena High	198	71
43694274330015	Yerba Buena High	13	12
43694274330023	Santa Teresa High	467	47
43694274330023	Santa Teresa High	139	16
43694274330023	Santa Teresa High	184	16
43694274330023	Santa Teresa High	244	22
43694274330023	Santa Teresa High	223	25
43694274330023	Santa Teresa High	118	23
43694274330031	Independence High	291	22
43694274330031	Independence High	636	104
43694274330031	Independence High	157	12
43694274330031	Independence High	152	63
43694274330031	Independence High	199	70
43694274330031	Independence High	324	41
43694274330031	Independence High	79	27
43694274330031	Independence High	139	14
43694274330031	Independence High	312	63
43694274330031	Independence High	73	36
43694274330031	Independence High	382	75
43694274330031	Independence High	33	19
43694274330312	Phoenix High	1706	103
43694274330312	Phoenix High	4716	870
43694274330312	Phoenix High	170	42
43694274330312	Phoenix High	500	40
43694274330312	Phoenix High	1800	588
43694274330312	Phoenix High	47	14
43694274330312	Phoenix High	438	67
43694274330312	Phoenix High	1131	431
43694274330312	Phoenix High	863	43
43694274330312	Phoenix High	2433	344
43694274330312	Phoenix High	85	20
43694274330312	Phoenix High	994	241
43694274330312	Phoenix High	199	18
43694274330312	Phoenix High	843	60
43694274330312	Phoenix High	2283	526
43694274330312	Phoenix High	85	22
43694274330312	Phoenix High	255	30
43694274330312	Phoenix High	806	347
43694274330312	Phoenix High	22	11
43694274330312	Phoenix High	239	49
43694274330312	Phoenix High	70	30
43694274330312	Phoenix High	2716	688
43694274330312	Phoenix High	280	129
43694274330353	Pegasus High	1706	103
43694274330353	Pegasus High	4716	870
43694274330353	Pegasus High	170	42
43694274330353	Pegasus High	500	40
43694274330353	Pegasus High	1800	588
43694274330353	Pegasus High	47	14
43694274330353	Pegasus High	438	67
43694274330353	Pegasus High	1131	431
43694274330353	Pegasus High	863	43
43694274330353	Pegasus High	2433	344
43694274330353	Pegasus High	85	20
43694274330353	Pegasus High	994	241
43694274330353	Pegasus High	199	18
43694274330353	Pegasus High	843	60
43694274330353	Pegasus High	2283	526
43694274330353	Pegasus High	85	22
43694274330353	Pegasus High	255	30
43694274330353	Pegasus High	806	347
43694274330353	Pegasus High	22	11
43694274330353	Pegasus High	239	49
43694274330353	Pegasus High	70	30
43694274330353	Pegasus High	2716	688
43694274330353	Pegasus High	280	129
43694274330361	Apollo High	1706	103
43694274330361	Apollo High	4716	870
43694274330361	Apollo High	170	42
43694274330361	Apollo High	500	40
43694274330361	Apollo High	1800	588
43694274330361	Apollo High	47	14
43694274330361	Apollo High	438	67
43694274330361	Apollo High	1131	431
43694274330361	Apollo High	863	43
43694274330361	Apollo High	2433	344
43694274330361	Apollo High	85	20
43694274330361	Apollo High	994	241
43694274330361	Apollo High	199	18
43694274330361	Apollo High	843	60
43694274330361	Apollo High	2283	526
43694274330361	Apollo High	85	22
43694274330361	Apollo High	255	30
43694274330361	Apollo High	806	347
43694274330361	Apollo High	22	11
43694274330361	Apollo High	239	49
43694274330361	Apollo High	70	30
43694274330361	Apollo High	2716	688
43694274330361	Apollo High	280	129
43694274330668	Latino College Preparatory Academy	78	13
43694274330668	Latino College Preparatory Academy	78	13
43694274330668	Latino College Preparatory Academy	76	13
43694274330668	Latino College Preparatory Academy	78	13
43694274330668	Latino College Preparatory Academy	78	13
43694274330668	Latino College Preparatory Academy	78	13
43694274330668	Latino College Preparatory Academy	76	13
43694274330668	Latino College Preparatory Academy	78	13
43694274330676	San Jose Conservation Corps Charter	11	13
43694274330676	San Jose Conservation Corps Charter	143	223
43694274330676	San Jose Conservation Corps Charter	117	187
43694274330676	San Jose Conservation Corps Charter	66	94
43694274330676	San Jose Conservation Corps Charter	72	90
43694274330676	San Jose Conservation Corps Charter	63	79
43694274330676	San Jose Conservation Corps Charter	71	133
43694274330676	San Jose Conservation Corps Charter	54	108
43694274330676	San Jose Conservation Corps Charter	126	187
43694274330676	San Jose Conservation Corps Charter	14	31
43694274330676	San Jose Conservation Corps Charter	11	13
43694274330676	San Jose Conservation Corps Charter	143	223
43694274330676	San Jose Conservation Corps Charter	117	187
43694274330676	San Jose Conservation Corps Charter	66	94
43694274330676	San Jose Conservation Corps Charter	72	90
43694274330676	San Jose Conservation Corps Charter	63	79
43694274330676	San Jose Conservation Corps Charter	71	133
43694274330676	San Jose Conservation Corps Charter	54	108
43694274330676	San Jose Conservation Corps Charter	126	187
43694274330676	San Jose Conservation Corps Charter	14	31
43694274330692	Evergreen Valley High	571	33
43694274330692	Evergreen Valley High	102	15
43694274330692	Evergreen Valley High	275	11
43694274330692	Evergreen Valley High	296	22
43694274330692	Evergreen Valley High	45	13
43694274330692	Evergreen Valley High	138	16
43694274332318	Foothill High	1706	103
43694274332318	Foothill High	4716	870
43694274332318	Foothill High	170	42
43694274332318	Foothill High	500	40
43694274332318	Foothill High	1800	588
43694274332318	Foothill High	47	14
43694274332318	Foothill High	438	67
43694274332318	Foothill High	1131	431
43694274332318	Foothill High	863	43
43694274332318	Foothill High	2433	344
43694274332318	Foothill High	85	20
43694274332318	Foothill High	994	241
43694274332318	Foothill High	199	18
43694274332318	Foothill High	843	60
43694274332318	Foothill High	2283	526
43694274332318	Foothill High	85	22
43694274332318	Foothill High	255	30
43694274332318	Foothill High	806	347
43694274332318	Foothill High	22	11
43694274332318	Foothill High	239	49
43694274332318	Foothill High	70	30
43694274332318	Foothill High	2716	688
43694274332318	Foothill High	280	129
43694274332995	Andrew P. Hill High	186	19
43694274332995	Andrew P. Hill High	426	94
43694274332995	Andrew P. Hill High	184	68
43694274332995	Andrew P. Hill High	133	51
43694274332995	Andrew P. Hill High	225	45
43694274332995	Andrew P. Hill High	101	31
43694274332995	Andrew P. Hill High	201	49
43694274332995	Andrew P. Hill High	83	37
43694274332995	Andrew P. Hill High	344	83
43694274332995	Andrew P. Hill High	30	13
43694274333639	James Lick High	237	59
43694274333639	James Lick High	170	47
43694274333639	James Lick High	93	36
43694274333639	James Lick High	128	27
43694274333639	James Lick High	85	21
43694274333639	James Lick High	109	32
43694274333639	James Lick High	85	26
43694274333639	James Lick High	194	50
43694274334900	Mount Pleasant High	323	54
43694274334900	Mount Pleasant High	221	41
43694274334900	Mount Pleasant High	107	30
43694274334900	Mount Pleasant High	190	16
43694274334900	Mount Pleasant High	143	15
43694274334900	Mount Pleasant High	133	38
43694274334900	Mount Pleasant High	78	26
43694274334900	Mount Pleasant High	258	45
43694274335204	Oak Grove High	431	104
43694274335204	Oak Grove High	37	13
43694274335204	Oak Grove High	176	63
43694274335204	Oak Grove High	54	18
43694274335204	Oak Grove High	76	39
43694274335204	Oak Grove High	227	29
43694274335204	Oak Grove High	97	22
43694274335204	Oak Grove High	204	75
43694274335204	Oak Grove High	23	12
43694274335204	Oak Grove High	79	41
43694274335204	Oak Grove High	25	14
43694274335204	Oak Grove High	259	83
43694274335204	Oak Grove High	28	24
43694274335428	William C. Overfelt High	223	92
43694274335428	William C. Overfelt High	170	78
43694274335428	William C. Overfelt High	105	57
43694274335428	William C. Overfelt High	114	33
43694274335428	William C. Overfelt High	89	27
43694274335428	William C. Overfelt High	109	59
43694274335428	William C. Overfelt High	81	51
43694274335428	William C. Overfelt High	213	87
43694274335428	William C. Overfelt High	20	11
43694274335907	Piedmont Hills High	474	33
43694274335907	Piedmont Hills High	72	11
43694274335907	Piedmont Hills High	237	23
43694274335907	Piedmont Hills High	129	14
43694274337903	Silver Creek High	489	38
43694274337903	Silver Creek High	142	21
43694274337903	Silver Creek High	92	12
43694274337903	Silver Creek High	246	16
43694274337903	Silver Creek High	243	22
43694274337903	Silver Creek High	75	13
43694274337903	Silver Creek High	311	28
43694680000000	Fremont Union High	2344	93
43694680000000	Fremont Union High	270	56
43694680000000	Fremont Union High	596	19
43694680000000	Fremont Union High	239	45
43694680000000	Fremont Union High	1158	37
43694680000000	Fremont Union High	153	26
43694680000000	Fremont Union High	1186	56
43694680000000	Fremont Union High	117	30
43694680000000	Fremont Union High	316	11
43694680000000	Fremont Union High	387	71
43694680000000	Fremont Union High	158	14
43694684330569	Community Day	2344	93
43694684330569	Community Day	270	56
43694684330569	Community Day	596	19
43694684330569	Community Day	239	45
43694684330569	Community Day	1158	37
43694684330569	Community Day	153	26
43694684330569	Community Day	1186	56
43694684330569	Community Day	117	30
43694684330569	Community Day	316	11
43694684330569	Community Day	387	71
43694684330569	Community Day	158	14
43694684332474	Fremont High	365	50
43694684332474	Fremont High	133	31
43694684332474	Fremont High	82	25
43694684332474	Fremont High	196	24
43694684332474	Fremont High	78	17
43694684332474	Fremont High	169	26
43694684332474	Fremont High	55	14
43694684332474	Fremont High	195	43
43694684333316	Homestead High	514	20
43694684333316	Homestead High	74	14
43694684333316	Homestead High	58	13
43694684333316	Homestead High	263	13
43694684333316	Homestead High	91	15
43694840000000	Gilroy Unified	704	79
43694840000000	Gilroy Unified	461	63
43694840000000	Gilroy Unified	176	13
43694840000000	Gilroy Unified	115	32
43694840000000	Gilroy Unified	343	42
43694840000000	Gilroy Unified	237	35
43694840000000	Gilroy Unified	361	37
43694840000000	Gilroy Unified	224	28
43694840000000	Gilroy Unified	425	70
43694840118380	Christopher High	244	12
43694844332839	Gilroy High	302	19
43694844332839	Gilroy High	205	11
43694844332839	Gilroy High	148	12
43694844332839	Gilroy High	189	14
43694844334850	Mt. Madonna High	704	79
43694844334850	Mt. Madonna High	461	63
43694844334850	Mt. Madonna High	176	13
43694844334850	Mt. Madonna High	115	32
43694844334850	Mt. Madonna High	343	42
43694844334850	Mt. Madonna High	237	35
43694844334850	Mt. Madonna High	361	37
43694844334850	Mt. Madonna High	224	28
43694844334850	Mt. Madonna High	425	70
43695830000000	Morgan Hill Unified	563	51
43695830000000	Morgan Hill Unified	222	32
43695830000000	Morgan Hill Unified	272	16
43695830000000	Morgan Hill Unified	67	17
43695830000000	Morgan Hill Unified	302	19
43695830000000	Morgan Hill Unified	119	15
43695830000000	Morgan Hill Unified	261	32
43695830000000	Morgan Hill Unified	103	17
43695830000000	Morgan Hill Unified	124	13
43695830000000	Morgan Hill Unified	185	36
43695830102368	Ann Sobrato High	275	12
43695834333951	Live Oak High	241	19
43695834333951	Live Oak High	95	16
43695834333951	Live Oak High	29	11
43695834333951	Live Oak High	109	11
43695834333951	Live Oak High	79	11
43695834334488	Central High (Continuation)	563	51
43695834334488	Central High (Continuation)	222	32
43695834334488	Central High (Continuation)	272	16
43695834334488	Central High (Continuation)	67	17
43695834334488	Central High (Continuation)	302	19
43695834334488	Central High (Continuation)	119	15
43695834334488	Central High (Continuation)	261	32
43695834334488	Central High (Continuation)	103	17
43695834334488	Central High (Continuation)	124	13
43695834334488	Central High (Continuation)	185	36
43696090000000	Mountain View-Los Altos Union High	854	28
43696090000000	Mountain View-Los Altos Union High	453	11
43696090000000	Mountain View-Los Altos Union High	95	11
43696090000000	Mountain View-Los Altos Union High	421	15
43696090000000	Mountain View-Los Altos Union High	433	13
43696090000000	Mountain View-Los Altos Union High	182	12
43696094334728	Mountain View High	414	12
43696094334736	Alta Vista High	854	28
43696094334736	Alta Vista High	453	11
43696094334736	Alta Vista High	95	11
43696094334736	Alta Vista High	421	15
43696094334736	Alta Vista High	433	13
43696094334736	Alta Vista High	182	12
43696410000000	Palo Alto Unified	914	44
43696410000000	Palo Alto Unified	492	22
43696410000000	Palo Alto Unified	453	12
43696410000000	Palo Alto Unified	461	32
43696410000000	Palo Alto Unified	244	16
43696410000000	Palo Alto Unified	85	17
43696410000000	Palo Alto Unified	135	16
43696414332904	Henry M. Gunn High	473	21
43696414332904	Henry M. Gunn High	240	18
43696414335782	Palo Alto High	439	21
43696414335782	Palo Alto High	260	11
43696414335782	Palo Alto High	219	12
43696660000000	San Jose Unified	2008	210
43696660000000	San Jose Unified	861	148
43696660000000	San Jose Unified	674	48
43696660000000	San Jose Unified	319	81
43696660000000	San Jose Unified	1038	76
43696660000000	San Jose Unified	457	55
43696660000000	San Jose Unified	324	14
43696660000000	San Jose Unified	970	134
43696660000000	San Jose Unified	404	93
43696660000000	San Jose Unified	350	34
43696660000000	San Jose Unified	85	12
43696660000000	San Jose Unified	917	166
43696660000000	San Jose Unified	157	37
43696660106823	Lincoln Plus High	2008	210
43696660106823	Lincoln Plus High	861	148
43696660106823	Lincoln Plus High	674	48
43696660106823	Lincoln Plus High	319	81
43696660106823	Lincoln Plus High	1038	76
43696660106823	Lincoln Plus High	457	55
43696660106823	Lincoln Plus High	324	14
43696660106823	Lincoln Plus High	970	134
43696660106823	Lincoln Plus High	404	93
43696660106823	Lincoln Plus High	350	34
43696660106823	Lincoln Plus High	85	12
43696660106823	Lincoln Plus High	917	166
43696660106823	Lincoln Plus High	157	37
43696664330080	Gunderson High	187	27
43696664330080	Gunderson High	88	20
43696664330080	Gunderson High	33	12
43696664330080	Gunderson High	87	19
43696664330080	Gunderson High	39	15
43696664330080	Gunderson High	114	23
43696664330411	Community Career Academy (Continuation)	2008	210
43696664330411	Community Career Academy (Continuation)	861	148
43696664330411	Community Career Academy (Continuation)	674	48
43696664330411	Community Career Academy (Continuation)	319	81
43696664330411	Community Career Academy (Continuation)	1038	76
43696664330411	Community Career Academy (Continuation)	457	55
43696664330411	Community Career Academy (Continuation)	324	14
43696664330411	Community Career Academy (Continuation)	970	134
43696664330411	Community Career Academy (Continuation)	404	93
43696664330411	Community Career Academy (Continuation)	350	34
43696664330411	Community Career Academy (Continuation)	85	12
43696664330411	Community Career Academy (Continuation)	917	166
43696664330411	Community Career Academy (Continuation)	157	37
43696664330429	Gunderson Plus (Continuation)	2008	210
43696664330429	Gunderson Plus (Continuation)	861	148
43696664330429	Gunderson Plus (Continuation)	674	48
43696664330429	Gunderson Plus (Continuation)	319	81
43696664330429	Gunderson Plus (Continuation)	1038	76
43696664330429	Gunderson Plus (Continuation)	457	55
43696664330429	Gunderson Plus (Continuation)	324	14
43696664330429	Gunderson Plus (Continuation)	970	134
43696664330429	Gunderson Plus (Continuation)	404	93
43696664330429	Gunderson Plus (Continuation)	350	34
43696664330429	Gunderson Plus (Continuation)	85	12
43696664330429	Gunderson Plus (Continuation)	917	166
43696664330429	Gunderson Plus (Continuation)	157	37
43696664330445	Willow Glen Plus (Continuation)	2008	210
43696664330445	Willow Glen Plus (Continuation)	861	148
43696664330445	Willow Glen Plus (Continuation)	674	48
43696664330445	Willow Glen Plus (Continuation)	319	81
43696664330445	Willow Glen Plus (Continuation)	1038	76
43696664330445	Willow Glen Plus (Continuation)	457	55
43696664330445	Willow Glen Plus (Continuation)	324	14
43696664330445	Willow Glen Plus (Continuation)	970	134
43696664330445	Willow Glen Plus (Continuation)	404	93
43696664330445	Willow Glen Plus (Continuation)	350	34
43696664330445	Willow Glen Plus (Continuation)	85	12
43696664330445	Willow Glen Plus (Continuation)	917	166
43696664330445	Willow Glen Plus (Continuation)	157	37
43696664330452	Pioneer Plus (Continuation)	2008	210
43696664330452	Pioneer Plus (Continuation)	861	148
43696664330452	Pioneer Plus (Continuation)	674	48
43696664330452	Pioneer Plus (Continuation)	319	81
43696664330452	Pioneer Plus (Continuation)	1038	76
43696664330452	Pioneer Plus (Continuation)	457	55
43696664330452	Pioneer Plus (Continuation)	324	14
43696664330452	Pioneer Plus (Continuation)	970	134
43696664330452	Pioneer Plus (Continuation)	404	93
43696664330452	Pioneer Plus (Continuation)	350	34
43696664330452	Pioneer Plus (Continuation)	85	12
43696664330452	Pioneer Plus (Continuation)	917	166
43696664330452	Pioneer Plus (Continuation)	157	37
43696664330460	Leland Plus (Continuation)	2008	210
43696664330460	Leland Plus (Continuation)	861	148
43696664330460	Leland Plus (Continuation)	674	48
43696664330460	Leland Plus (Continuation)	319	81
43696664330460	Leland Plus (Continuation)	1038	76
43696664330460	Leland Plus (Continuation)	457	55
43696664330460	Leland Plus (Continuation)	324	14
43696664330460	Leland Plus (Continuation)	970	134
43696664330460	Leland Plus (Continuation)	404	93
43696664330460	Leland Plus (Continuation)	350	34
43696664330460	Leland Plus (Continuation)	85	12
43696664330460	Leland Plus (Continuation)	917	166
43696664330460	Leland Plus (Continuation)	157	37
43696664330478	San Jose High Academy Plus	2008	210
43696664330478	San Jose High Academy Plus	861	148
43696664330478	San Jose High Academy Plus	674	48
43696664330478	San Jose High Academy Plus	319	81
43696664330478	San Jose High Academy Plus	1038	76
43696664330478	San Jose High Academy Plus	457	55
43696664330478	San Jose High Academy Plus	324	14
43696664330478	San Jose High Academy Plus	970	134
43696664330478	San Jose High Academy Plus	404	93
43696664330478	San Jose High Academy Plus	350	34
43696664330478	San Jose High Academy Plus	85	12
43696664330478	San Jose High Academy Plus	917	166
43696664330478	San Jose High Academy Plus	157	37
43696664330502	Liberty High (Alternative)	2008	210
43696664330502	Liberty High (Alternative)	861	148
43696664330502	Liberty High (Alternative)	674	48
43696664330502	Liberty High (Alternative)	319	81
43696664330502	Liberty High (Alternative)	1038	76
43696664330502	Liberty High (Alternative)	457	55
43696664330502	Liberty High (Alternative)	324	14
43696664330502	Liberty High (Alternative)	970	134
43696664330502	Liberty High (Alternative)	404	93
43696664330502	Liberty High (Alternative)	350	34
43696664330502	Liberty High (Alternative)	85	12
43696664330502	Liberty High (Alternative)	917	166
43696664330502	Liberty High (Alternative)	157	37
43696664330734	San Jose Community High	2008	210
43696664330734	San Jose Community High	861	148
43696664330734	San Jose Community High	674	48
43696664330734	San Jose Community High	319	81
43696664330734	San Jose Community High	1038	76
43696664330734	San Jose Community High	457	55
43696664330734	San Jose Community High	324	14
43696664330734	San Jose Community High	970	134
43696664330734	San Jose Community High	404	93
43696664330734	San Jose Community High	350	34
43696664330734	San Jose Community High	85	12
43696664330734	San Jose Community High	917	166
43696664330734	San Jose Community High	157	37
43696664332110	Broadway High	2008	210
43696664332110	Broadway High	861	148
43696664332110	Broadway High	674	48
43696664332110	Broadway High	319	81
43696664332110	Broadway High	1038	76
43696664332110	Broadway High	457	55
43696664332110	Broadway High	324	14
43696664332110	Broadway High	970	134
43696664332110	Broadway High	404	93
43696664332110	Broadway High	350	34
43696664332110	Broadway High	85	12
43696664332110	Broadway High	917	166
43696664332110	Broadway High	157	37
43696664333522	Leland High	412	18
43696664333522	Leland High	185	13
43696664333522	Leland High	207	12
43696664333795	Abraham Lincoln High	316	24
43696664333795	Abraham Lincoln High	203	20
43696664333795	Abraham Lincoln High	61	12
43696664333795	Abraham Lincoln High	178	11
43696664333795	Abraham Lincoln High	138	13
43696664333795	Abraham Lincoln High	93	11
43696664333795	Abraham Lincoln High	207	20
43696664337200	San José High	199	28
43696664337200	San José High	145	22
43696664337200	San José High	71	15
43696664337200	San José High	106	14
43696664337200	San José High	76	11
43696664337200	San José High	93	14
43696664337200	San José High	69	11
43696664337200	San José High	160	27
43696740000000	Santa Clara Unified	186	16
43696740000000	Santa Clara Unified	905	118
43696740000000	Santa Clara Unified	283	58
43696740000000	Santa Clara Unified	255	26
43696740000000	Santa Clara Unified	179	55
43696740000000	Santa Clara Unified	459	41
43696740000000	Santa Clara Unified	149	23
43696740000000	Santa Clara Unified	101	12
43696740000000	Santa Clara Unified	446	77
43696740000000	Santa Clara Unified	134	35
43696740000000	Santa Clara Unified	125	19
43696740000000	Santa Clara Unified	493	101
43696740000000	Santa Clara Unified	120	18
43696744330122	Santa Clara High	406	29
43696744330122	Santa Clara High	105	12
43696744330122	Santa Clara High	77	19
43696744330122	Santa Clara High	211	11
43696744330122	Santa Clara High	195	18
43696744330122	Santa Clara High	213	25
43696744330247	Wilson Alternative	32	39
43696744330247	Wilson Alternative	14	17
43696744330247	Wilson Alternative	16	11
43696744330247	Wilson Alternative	14	15
43696744330247	Wilson Alternative	21	13
43696744330247	Wilson Alternative	11	26
43696744330247	Wilson Alternative	21	33
43696744338406	New Valley Continuation High	186	16
43696744338406	New Valley Continuation High	905	118
43696744338406	New Valley Continuation High	283	58
43696744338406	New Valley Continuation High	255	26
43696744338406	New Valley Continuation High	179	55
43696744338406	New Valley Continuation High	459	41
43696744338406	New Valley Continuation High	149	23
43696744338406	New Valley Continuation High	101	12
43696744338406	New Valley Continuation High	446	77
43696744338406	New Valley Continuation High	134	35
43696744338406	New Valley Continuation High	125	19
43696744338406	New Valley Continuation High	493	101
43696744338406	New Valley Continuation High	120	18
43696744338802	Adrian Wilcox High	415	19
43696744338802	Adrian Wilcox High	210	14
43696744338802	Adrian Wilcox High	214	13
43733870000000	Milpitas Unified	725	56
43733870000000	Milpitas Unified	159	11
43733870000000	Milpitas Unified	149	25
43733870000000	Milpitas Unified	111	18
43733870000000	Milpitas Unified	342	27
43733870000000	Milpitas Unified	71	12
43733870000000	Milpitas Unified	383	29
43733870000000	Milpitas Unified	78	13
43733870000000	Milpitas Unified	338	39
43733874331039	Calaveras Hills	725	56
43733874331039	Calaveras Hills	159	11
43733874331039	Calaveras Hills	149	25
43733874331039	Calaveras Hills	111	18
43733874331039	Calaveras Hills	342	27
43733874331039	Calaveras Hills	71	12
43733874331039	Calaveras Hills	383	29
43733874331039	Calaveras Hills	78	13
43733874331039	Calaveras Hills	338	39
43733874334470	Milpitas High	655	35
43733874334470	Milpitas High	110	15
43733874334470	Milpitas High	98	13
43733874334470	Milpitas High	310	18
43733874334470	Milpitas High	345	17
43733874334470	Milpitas High	290	23
44000000000000	Santa Cruz	2416	338
44000000000000	Santa Cruz	1075	222
44000000000000	Santa Cruz	1179	98
44000000000000	Santa Cruz	349	137
44000000000000	Santa Cruz	1210	133
44000000000000	Santa Cruz	554	75
44000000000000	Santa Cruz	567	46
44000000000000	Santa Cruz	1206	205
44000000000000	Santa Cruz	521	147
44000000000000	Santa Cruz	612	52
44000000000000	Santa Cruz	211	41
44000000000000	Santa Cruz	670	170
44000000000000	Santa Cruz	219	43
44104470000000	Santa Cruz County Office of Education	2416	338
44104470000000	Santa Cruz County Office of Education	1075	222
44104470000000	Santa Cruz County Office of Education	1179	98
44104470000000	Santa Cruz County Office of Education	349	137
44104470000000	Santa Cruz County Office of Education	1210	133
44104470000000	Santa Cruz County Office of Education	554	75
44104470000000	Santa Cruz County Office of Education	567	46
44104470000000	Santa Cruz County Office of Education	1206	205
44104470000000	Santa Cruz County Office of Education	521	147
44104470000000	Santa Cruz County Office of Education	612	52
44104470000000	Santa Cruz County Office of Education	211	41
44104470000000	Santa Cruz County Office of Education	670	170
44104470000000	Santa Cruz County Office of Education	219	43
44104474430146	Santa Cruz County Court	2416	338
44104474430146	Santa Cruz County Court	1075	222
44104474430146	Santa Cruz County Court	1179	98
44104474430146	Santa Cruz County Court	349	137
44104474430146	Santa Cruz County Court	1210	133
44104474430146	Santa Cruz County Court	554	75
44104474430146	Santa Cruz County Court	567	46
44104474430146	Santa Cruz County Court	1206	205
44104474430146	Santa Cruz County Court	521	147
44104474430146	Santa Cruz County Court	612	52
44104474430146	Santa Cruz County Court	211	41
44104474430146	Santa Cruz County Court	670	170
44104474430146	Santa Cruz County Court	219	43
44104474430278	Santa Cruz County Community	2416	338
44104474430278	Santa Cruz County Community	1075	222
44104474430278	Santa Cruz County Community	1179	98
44104474430278	Santa Cruz County Community	349	137
44104474430278	Santa Cruz County Community	1210	133
44104474430278	Santa Cruz County Community	554	75
44104474430278	Santa Cruz County Community	567	46
44104474430278	Santa Cruz County Community	1206	205
44104474430278	Santa Cruz County Community	521	147
44104474430278	Santa Cruz County Community	612	52
44104474430278	Santa Cruz County Community	211	41
44104474430278	Santa Cruz County Community	670	170
44104474430278	Santa Cruz County Community	219	43
44104476069397	Santa Cruz County Special Education	2416	338
44104476069397	Santa Cruz County Special Education	1075	222
44104476069397	Santa Cruz County Special Education	1179	98
44104476069397	Santa Cruz County Special Education	349	137
44104476069397	Santa Cruz County Special Education	1210	133
44104476069397	Santa Cruz County Special Education	554	75
44104476069397	Santa Cruz County Special Education	567	46
44104476069397	Santa Cruz County Special Education	1206	205
44104476069397	Santa Cruz County Special Education	521	147
44104476069397	Santa Cruz County Special Education	612	52
44104476069397	Santa Cruz County Special Education	211	41
44104476069397	Santa Cruz County Special Education	670	170
44104476069397	Santa Cruz County Special Education	219	43
44697990000000	Pajaro Valley Unified	1021	90
44697990000000	Pajaro Valley Unified	749	86
44697990000000	Pajaro Valley Unified	255	59
44697990000000	Pajaro Valley Unified	523	29
44697990000000	Pajaro Valley Unified	388	28
44697990000000	Pajaro Valley Unified	498	61
44697990000000	Pajaro Valley Unified	361	58
44697990000000	Pajaro Valley Unified	174	26
44697990000000	Pajaro Valley Unified	231	28
44697990105858	Pajaro Valley High	306	18
44697990105858	Pajaro Valley High	291	16
44697990105858	Pajaro Valley High	100	12
44697990105858	Pajaro Valley High	153	13
44697990105858	Pajaro Valley High	144	11
44697994430203	New School Community Day	1021	90
44697994430203	New School Community Day	749	86
44697994430203	New School Community Day	255	59
44697994430203	New School Community Day	523	29
44697994430203	New School Community Day	388	28
44697994430203	New School Community Day	498	61
44697994430203	New School Community Day	361	58
44697994430203	New School Community Day	174	26
44697994430203	New School Community Day	231	28
44697994430245	Academic/Vocational Charter Institute	1021	90
44697994430245	Academic/Vocational Charter Institute	749	86
44697994430245	Academic/Vocational Charter Institute	255	59
44697994430245	Academic/Vocational Charter Institute	523	29
44697994430245	Academic/Vocational Charter Institute	388	28
44697994430245	Academic/Vocational Charter Institute	498	61
44697994430245	Academic/Vocational Charter Institute	361	58
44697994430245	Academic/Vocational Charter Institute	174	26
44697994430245	Academic/Vocational Charter Institute	231	28
44697994437794	Renaissance High Continuation	1021	90
44697994437794	Renaissance High Continuation	749	86
44697994437794	Renaissance High Continuation	255	59
44697994437794	Renaissance High Continuation	523	29
44697994437794	Renaissance High Continuation	388	28
44697994437794	Renaissance High Continuation	498	61
44697994437794	Renaissance High Continuation	361	58
44697994437794	Renaissance High Continuation	174	26
44697994437794	Renaissance High Continuation	231	28
44697994437901	Watsonville High	334	29
44697994437901	Watsonville High	307	28
44697994437901	Watsonville High	107	16
44697994437901	Watsonville High	182	12
44697994437901	Watsonville High	168	11
44697994437901	Watsonville High	152	17
44697994437901	Watsonville High	139	17
44697994437901	Watsonville High	62	11
44698230000000	Santa Cruz City High	793	31
44698230000000	Santa Cruz City High	228	15
44698230000000	Santa Cruz City High	503	12
44698230000000	Santa Cruz City High	410	13
44698230000000	Santa Cruz City High	383	18
44698230000000	Santa Cruz City High	279	17
44698234430187	Delta Charter	793	31
44698234430187	Delta Charter	228	15
44698234430187	Delta Charter	503	12
44698234430187	Delta Charter	410	13
44698234430187	Delta Charter	383	18
44698234430187	Delta Charter	279	17
44698234436960	Costanoa Continuation High	793	31
44698234436960	Costanoa Continuation High	228	15
44698234436960	Costanoa Continuation High	503	12
44698234436960	Costanoa Continuation High	410	13
44698234436960	Costanoa Continuation High	383	18
44698234436960	Costanoa Continuation High	279	17
45000000000000	Shasta	1990	240
45000000000000	Shasta	223	29
45000000000000	Shasta	85	21
45000000000000	Shasta	1529	170
45000000000000	Shasta	1019	103
45000000000000	Shasta	128	16
45000000000000	Shasta	778	68
45000000000000	Shasta	971	137
45000000000000	Shasta	95	13
45000000000000	Shasta	45	11
45000000000000	Shasta	751	102
45000000000000	Shasta	1108	195
45000000000000	Shasta	154	30
45104540000000	Shasta County Office of Education	1990	240
45104540000000	Shasta County Office of Education	223	29
45104540000000	Shasta County Office of Education	85	21
45104540000000	Shasta County Office of Education	1529	170
45104540000000	Shasta County Office of Education	1019	103
45104540000000	Shasta County Office of Education	128	16
45104540000000	Shasta County Office of Education	778	68
45104540000000	Shasta County Office of Education	971	137
45104540000000	Shasta County Office of Education	95	13
45104540000000	Shasta County Office of Education	45	11
45104540000000	Shasta County Office of Education	751	102
45104540000000	Shasta County Office of Education	1108	195
45104540000000	Shasta County Office of Education	154	30
45104540118992	Magnolia Independent Learning Center	1990	240
45104540118992	Magnolia Independent Learning Center	223	29
45104540118992	Magnolia Independent Learning Center	85	21
45104540118992	Magnolia Independent Learning Center	1529	170
45104540118992	Magnolia Independent Learning Center	1019	103
45104540118992	Magnolia Independent Learning Center	128	16
45104540118992	Magnolia Independent Learning Center	778	68
45104540118992	Magnolia Independent Learning Center	971	137
45104540118992	Magnolia Independent Learning Center	95	13
45104540118992	Magnolia Independent Learning Center	45	11
45104540118992	Magnolia Independent Learning Center	751	102
45104540118992	Magnolia Independent Learning Center	1108	195
45104540118992	Magnolia Independent Learning Center	154	30
45104540119008	Shasta Independent Learning Center	1990	240
45104540119008	Shasta Independent Learning Center	223	29
45104540119008	Shasta Independent Learning Center	85	21
45104540119008	Shasta Independent Learning Center	1529	170
45104540119008	Shasta Independent Learning Center	1019	103
45104540119008	Shasta Independent Learning Center	128	16
45104540119008	Shasta Independent Learning Center	778	68
45104540119008	Shasta Independent Learning Center	971	137
45104540119008	Shasta Independent Learning Center	95	13
45104540119008	Shasta Independent Learning Center	45	11
45104540119008	Shasta Independent Learning Center	751	102
45104540119008	Shasta Independent Learning Center	1108	195
45104540119008	Shasta Independent Learning Center	154	30
45104544530150	Shasta County Juvenile Court	1990	240
45104544530150	Shasta County Juvenile Court	223	29
45104544530150	Shasta County Juvenile Court	85	21
45104544530150	Shasta County Juvenile Court	1529	170
45104544530150	Shasta County Juvenile Court	1019	103
45104544530150	Shasta County Juvenile Court	128	16
45104544530150	Shasta County Juvenile Court	778	68
45104544530150	Shasta County Juvenile Court	971	137
45104544530150	Shasta County Juvenile Court	95	13
45104544530150	Shasta County Juvenile Court	45	11
45104544530150	Shasta County Juvenile Court	751	102
45104544530150	Shasta County Juvenile Court	1108	195
45104544530150	Shasta County Juvenile Court	154	30
45104544530317	Oasis Community	1990	240
45104544530317	Oasis Community	223	29
45104544530317	Oasis Community	85	21
45104544530317	Oasis Community	1529	170
45104544530317	Oasis Community	1019	103
45104544530317	Oasis Community	128	16
45104544530317	Oasis Community	778	68
45104544530317	Oasis Community	971	137
45104544530317	Oasis Community	95	13
45104544530317	Oasis Community	45	11
45104544530317	Oasis Community	751	102
45104544530317	Oasis Community	1108	195
45104544530317	Oasis Community	154	30
45698560000000	Anderson Union High	449	99
45698560000000	Anderson Union High	341	79
45698560000000	Anderson Union High	235	52
45698560000000	Anderson Union High	178	41
45698560000000	Anderson Union High	214	47
45698560000000	Anderson Union High	163	38
45698560000000	Anderson Union High	299	77
45698564530028	West Valley High	206	12
45698564530051	Oakview High (Alternative)	30	31
45698564530051	Oakview High (Alternative)	22	23
45698564530051	Oakview High (Alternative)	16	17
45698564530051	Oakview High (Alternative)	11	12
45698564530051	Oakview High (Alternative)	14	14
45698564530051	Oakview High (Alternative)	11	11
45698564530051	Oakview High (Alternative)	26	26
45698564530762	North Valley High	449	99
45698564530762	North Valley High	341	79
45698564530762	North Valley High	235	52
45698564530762	North Valley High	178	41
45698564530762	North Valley High	214	47
45698564530762	North Valley High	163	38
45698564530762	North Valley High	299	77
45701360000000	Shasta Union High	1113	39
45701360000000	Shasta Union High	854	27
45701360000000	Shasta Union High	566	15
45701360000000	Shasta Union High	547	24
45701360000000	Shasta Union High	420	18
45701360000000	Shasta Union High	518	33
45701364530200	Pioneer Continuation High	1113	39
45701364530200	Pioneer Continuation High	854	27
45701364530200	Pioneer Continuation High	566	15
45701364530200	Pioneer Continuation High	547	24
45701364530200	Pioneer Continuation High	420	18
45701364530200	Pioneer Continuation High	518	33
45752670000000	Gateway Unified	207	16
45752670000000	Gateway Unified	164	11
45752670000000	Gateway Unified	160	13
45752670120170	Academy of Personalized Learning	42	15
45752670120170	Academy of Personalized Learning	28	13
45752670120170	Academy of Personalized Learning	42	15
45752670120170	Academy of Personalized Learning	28	13
45752674530077	Mountain Lakes High	207	16
45752674530077	Mountain Lakes High	164	11
45752674530077	Mountain Lakes High	160	13
47000000000000	Siskiyou	358	34
47000000000000	Siskiyou	264	16
47000000000000	Siskiyou	192	25
47000000000000	Siskiyou	155	13
47000000000000	Siskiyou	178	24
47104700000000	Siskiyou County Office of Education	358	34
47104700000000	Siskiyou County Office of Education	264	16
47104700000000	Siskiyou County Office of Education	192	25
47104700000000	Siskiyou County Office of Education	155	13
47104700000000	Siskiyou County Office of Education	178	24
47104704730032	J. Everett Barr Court	358	34
47104704730032	J. Everett Barr Court	264	16
47104704730032	J. Everett Barr Court	192	25
47104704730032	J. Everett Barr Court	155	13
47104704730032	J. Everett Barr Court	178	24
47104706069405	Siskiyou County Special Education	358	34
47104706069405	Siskiyou County Special Education	264	16
47104706069405	Siskiyou County Special Education	192	25
47104706069405	Siskiyou County Special Education	155	13
47104706069405	Siskiyou County Special Education	178	24
47704660000000	Siskiyou Union High	133	16
47704664730057	Jefferson High (Continuation)	133	16
48000000000000	Solano	208	22
48000000000000	Solano	4076	851
48000000000000	Solano	671	248
48000000000000	Solano	470	51
48000000000000	Solano	1044	312
48000000000000	Solano	45	19
48000000000000	Solano	259	24
48000000000000	Solano	1343	151
48000000000000	Solano	297	174
48000000000000	Solano	2088	329
48000000000000	Solano	343	96
48000000000000	Solano	219	19
48000000000000	Solano	550	130
48000000000000	Solano	680	50
48000000000000	Solano	103	15
48000000000000	Solano	1988	522
48000000000000	Solano	328	152
48000000000000	Solano	251	32
48000000000000	Solano	494	182
48000000000000	Solano	107	16
48000000000000	Solano	663	101
48000000000000	Solano	36	13
48000000000000	Solano	1717	616
48000000000000	Solano	354	138
48104880000000	Solano County Office of Education	208	22
48104880000000	Solano County Office of Education	4076	851
48104880000000	Solano County Office of Education	671	248
48104880000000	Solano County Office of Education	470	51
48104880000000	Solano County Office of Education	1044	312
48104880000000	Solano County Office of Education	45	19
48104880000000	Solano County Office of Education	259	24
48104880000000	Solano County Office of Education	1343	151
48104880000000	Solano County Office of Education	297	174
48104880000000	Solano County Office of Education	2088	329
48104880000000	Solano County Office of Education	343	96
48104880000000	Solano County Office of Education	219	19
48104880000000	Solano County Office of Education	550	130
48104880000000	Solano County Office of Education	680	50
48104880000000	Solano County Office of Education	103	15
48104880000000	Solano County Office of Education	1988	522
48104880000000	Solano County Office of Education	328	152
48104880000000	Solano County Office of Education	251	32
48104880000000	Solano County Office of Education	494	182
48104880000000	Solano County Office of Education	107	16
48104880000000	Solano County Office of Education	663	101
48104880000000	Solano County Office of Education	36	13
48104880000000	Solano County Office of Education	1717	616
48104880000000	Solano County Office of Education	354	138
48104880123331	Division of Unaccompanied Children's Services (DUCS)	208	22
48104880123331	Division of Unaccompanied Children's Services (DUCS)	4076	851
48104880123331	Division of Unaccompanied Children's Services (DUCS)	671	248
48104880123331	Division of Unaccompanied Children's Services (DUCS)	470	51
48104880123331	Division of Unaccompanied Children's Services (DUCS)	1044	312
48104880123331	Division of Unaccompanied Children's Services (DUCS)	45	19
48104880123331	Division of Unaccompanied Children's Services (DUCS)	259	24
48104880123331	Division of Unaccompanied Children's Services (DUCS)	1343	151
48104880123331	Division of Unaccompanied Children's Services (DUCS)	297	174
48104880123331	Division of Unaccompanied Children's Services (DUCS)	2088	329
48104880123331	Division of Unaccompanied Children's Services (DUCS)	343	96
48104880123331	Division of Unaccompanied Children's Services (DUCS)	219	19
48104880123331	Division of Unaccompanied Children's Services (DUCS)	550	130
48104880123331	Division of Unaccompanied Children's Services (DUCS)	680	50
48104880123331	Division of Unaccompanied Children's Services (DUCS)	103	15
48104880123331	Division of Unaccompanied Children's Services (DUCS)	1988	522
48104880123331	Division of Unaccompanied Children's Services (DUCS)	328	152
48104880123331	Division of Unaccompanied Children's Services (DUCS)	251	32
48104880123331	Division of Unaccompanied Children's Services (DUCS)	494	182
48104880123331	Division of Unaccompanied Children's Services (DUCS)	107	16
48104880123331	Division of Unaccompanied Children's Services (DUCS)	663	101
48104880123331	Division of Unaccompanied Children's Services (DUCS)	36	13
48104880123331	Division of Unaccompanied Children's Services (DUCS)	1717	616
48104880123331	Division of Unaccompanied Children's Services (DUCS)	354	138
48104884830071	Solano Juvenile Detention Facility	208	22
48104884830071	Solano Juvenile Detention Facility	4076	851
48104884830071	Solano Juvenile Detention Facility	671	248
48104884830071	Solano Juvenile Detention Facility	470	51
48104884830071	Solano Juvenile Detention Facility	1044	312
48104884830071	Solano Juvenile Detention Facility	45	19
48104884830071	Solano Juvenile Detention Facility	259	24
48104884830071	Solano Juvenile Detention Facility	1343	151
48104884830071	Solano Juvenile Detention Facility	297	174
48104884830071	Solano Juvenile Detention Facility	2088	329
48104884830071	Solano Juvenile Detention Facility	343	96
48104884830071	Solano Juvenile Detention Facility	219	19
48104884830071	Solano Juvenile Detention Facility	550	130
48104884830071	Solano Juvenile Detention Facility	680	50
48104884830071	Solano Juvenile Detention Facility	103	15
48104884830071	Solano Juvenile Detention Facility	1988	522
48104884830071	Solano Juvenile Detention Facility	328	152
48104884830071	Solano Juvenile Detention Facility	251	32
48104884830071	Solano Juvenile Detention Facility	494	182
48104884830071	Solano Juvenile Detention Facility	107	16
48104884830071	Solano Juvenile Detention Facility	663	101
48104884830071	Solano Juvenile Detention Facility	36	13
48104884830071	Solano Juvenile Detention Facility	1717	616
48104884830071	Solano Juvenile Detention Facility	354	138
48104886069538	Solano County Special Education	208	22
48104886069538	Solano County Special Education	4076	851
48104886069538	Solano County Special Education	671	248
48104886069538	Solano County Special Education	470	51
48104886069538	Solano County Special Education	1044	312
48104886069538	Solano County Special Education	45	19
48104886069538	Solano County Special Education	259	24
48104886069538	Solano County Special Education	1343	151
48104886069538	Solano County Special Education	297	174
48104886069538	Solano County Special Education	2088	329
48104886069538	Solano County Special Education	343	96
48104886069538	Solano County Special Education	219	19
48104886069538	Solano County Special Education	550	130
48104886069538	Solano County Special Education	680	50
48104886069538	Solano County Special Education	103	15
48104886069538	Solano County Special Education	1988	522
48104886069538	Solano County Special Education	328	152
48104886069538	Solano County Special Education	251	32
48104886069538	Solano County Special Education	494	182
48104886069538	Solano County Special Education	107	16
48104886069538	Solano County Special Education	663	101
48104886069538	Solano County Special Education	36	13
48104886069538	Solano County Special Education	1717	616
48104886069538	Solano County Special Education	354	138
48104886089668	Solano County Community	208	22
48104886089668	Solano County Community	4076	851
48104886089668	Solano County Community	671	248
48104886089668	Solano County Community	470	51
48104886089668	Solano County Community	1044	312
48104886089668	Solano County Community	45	19
48104886089668	Solano County Community	259	24
48104886089668	Solano County Community	1343	151
48104886089668	Solano County Community	297	174
48104886089668	Solano County Community	2088	329
48104886089668	Solano County Community	343	96
48104886089668	Solano County Community	219	19
48104886089668	Solano County Community	550	130
48104886089668	Solano County Community	680	50
48104886089668	Solano County Community	103	15
48104886089668	Solano County Community	1988	522
48104886089668	Solano County Community	328	152
48104886089668	Solano County Community	251	32
48104886089668	Solano County Community	494	182
48104886089668	Solano County Community	107	16
48104886089668	Solano County Community	663	101
48104886089668	Solano County Community	36	13
48104886089668	Solano County Community	1717	616
48104886089668	Solano County Community	354	138
48705240000000	Benicia Unified	411	14
48705244830048	Liberty High	411	14
48705244831004	Benicia High	372	14
48705320000000	Dixon Unified	264	44
48705320000000	Dixon Unified	118	23
48705320000000	Dixon Unified	120	16
48705320000000	Dixon Unified	26	14
48705320000000	Dixon Unified	135	16
48705320000000	Dixon Unified	129	28
48705320000000	Dixon Unified	61	15
48705320000000	Dixon Unified	57	11
48705320000000	Dixon Unified	126	32
48705320000000	Dixon Unified	17	11
48705324830055	Maine Prairie High (Continuation)	264	44
48705324830055	Maine Prairie High (Continuation)	118	23
48705324830055	Maine Prairie High (Continuation)	120	16
48705324830055	Maine Prairie High (Continuation)	26	14
48705324830055	Maine Prairie High (Continuation)	135	16
48705324830055	Maine Prairie High (Continuation)	129	28
48705324830055	Maine Prairie High (Continuation)	61	15
48705324830055	Maine Prairie High (Continuation)	57	11
48705324830055	Maine Prairie High (Continuation)	126	32
48705324830055	Maine Prairie High (Continuation)	17	11
48705324832259	Dixon High	248	18
48705400000000	Fairfield-Suisun Unified	1306	127
48705400000000	Fairfield-Suisun Unified	234	24
48705400000000	Fairfield-Suisun Unified	368	58
48705400000000	Fairfield-Suisun Unified	243	28
48705400000000	Fairfield-Suisun Unified	115	28
48705400000000	Fairfield-Suisun Unified	688	49
48705400000000	Fairfield-Suisun Unified	202	30
48705400000000	Fairfield-Suisun Unified	618	78
48705400000000	Fairfield-Suisun Unified	120	18
48705400000000	Fairfield-Suisun Unified	166	28
48705400000000	Fairfield-Suisun Unified	110	21
48705400000000	Fairfield-Suisun Unified	638	94
48705400000000	Fairfield-Suisun Unified	102	18
48705404830170	Angelo Rodriguez High	470	17
48705404830170	Angelo Rodriguez High	221	14
48705404830451	Armijo High	414	39
48705404830451	Armijo High	127	17
48705404830451	Armijo High	51	11
48705404830451	Armijo High	214	15
48705404830451	Armijo High	200	24
48705404830451	Armijo High	219	28
48705404833000	Fairfield High	310	22
48705404833000	Fairfield High	100	12
48705404833000	Fairfield High	130	12
48705404833000	Fairfield High	188	15
48705404836003	Sem Yeto Continuation High	1306	127
48705404836003	Sem Yeto Continuation High	234	24
48705404836003	Sem Yeto Continuation High	368	58
48705404836003	Sem Yeto Continuation High	243	28
48705404836003	Sem Yeto Continuation High	115	28
48705404836003	Sem Yeto Continuation High	688	49
48705404836003	Sem Yeto Continuation High	202	30
48705404836003	Sem Yeto Continuation High	618	78
48705404836003	Sem Yeto Continuation High	120	18
48705404836003	Sem Yeto Continuation High	166	28
48705404836003	Sem Yeto Continuation High	110	21
48705404836003	Sem Yeto Continuation High	638	94
48705404836003	Sem Yeto Continuation High	102	18
48705730000000	Vacaville Unified	909	99
48705730000000	Vacaville Unified	215	35
48705730000000	Vacaville Unified	513	40
48705730000000	Vacaville Unified	64	16
48705730000000	Vacaville Unified	476	40
48705730000000	Vacaville Unified	129	19
48705730000000	Vacaville Unified	259	16
48705730000000	Vacaville Unified	433	59
48705730000000	Vacaville Unified	86	16
48705730000000	Vacaville Unified	254	24
48705730000000	Vacaville Unified	317	68
48705730000000	Vacaville Unified	92	19
48705734830089	Will C. Wood High	343	28
48705734830089	Will C. Wood High	181	12
48705734830089	Will C. Wood High	157	18
48705734830089	Will C. Wood High	147	20
48705734833869	Country High	909	99
48705734833869	Country High	215	35
48705734833869	Country High	513	40
48705734833869	Country High	64	16
48705734833869	Country High	476	40
48705734833869	Country High	129	19
48705734833869	Country High	259	16
48705734833869	Country High	433	59
48705734833869	Country High	86	16
48705734833869	Country High	254	24
48705734833869	Country High	317	68
48705734833869	Country High	92	19
48705734837803	Vacaville High	438	38
48705734837803	Vacaville High	111	16
48705734837803	Vacaville High	247	11
48705734837803	Vacaville High	32	11
48705734837803	Vacaville High	223	21
48705734837803	Vacaville High	68	11
48705734837803	Vacaville High	215	17
48705734837803	Vacaville High	130	23
48705810000000	Vallejo City Unified	31	13
48705810000000	Vallejo City Unified	747	446
48705810000000	Vallejo City Unified	224	184
48705810000000	Vallejo City Unified	201	36
48705810000000	Vallejo City Unified	201	141
48705810000000	Vallejo City Unified	67	46
48705810000000	Vallejo City Unified	75	86
48705810000000	Vallejo City Unified	365	182
48705810000000	Vallejo City Unified	114	80
48705810000000	Vallejo City Unified	98	11
48705810000000	Vallejo City Unified	95	56
48705810000000	Vallejo City Unified	28	15
48705810000000	Vallejo City Unified	382	264
48705810000000	Vallejo City Unified	110	104
48705810000000	Vallejo City Unified	103	25
48705810000000	Vallejo City Unified	106	85
48705810000000	Vallejo City Unified	39	31
48705810000000	Vallejo City Unified	427	334
48705810000000	Vallejo City Unified	63	75
48705810101980	Vallejo Education Academy	31	13
48705810101980	Vallejo Education Academy	747	446
48705810101980	Vallejo Education Academy	224	184
48705810101980	Vallejo Education Academy	201	36
48705810101980	Vallejo Education Academy	201	141
48705810101980	Vallejo Education Academy	67	46
48705810101980	Vallejo Education Academy	75	86
48705810101980	Vallejo Education Academy	365	182
48705810101980	Vallejo Education Academy	114	80
48705810101980	Vallejo Education Academy	98	11
48705810101980	Vallejo Education Academy	95	56
48705810101980	Vallejo Education Academy	28	15
48705810101980	Vallejo Education Academy	382	264
48705810101980	Vallejo Education Academy	110	104
48705810101980	Vallejo Education Academy	103	25
48705810101980	Vallejo Education Academy	106	85
48705810101980	Vallejo Education Academy	39	31
48705810101980	Vallejo Education Academy	427	334
48705810101980	Vallejo Education Academy	63	75
48705814830147	Jesse M. Bethel High	411	118
48705814830147	Jesse M. Bethel High	110	43
48705814830147	Jesse M. Bethel High	134	18
48705814830147	Jesse M. Bethel High	89	34
48705814830147	Jesse M. Bethel High	27	18
48705814830147	Jesse M. Bethel High	210	40
48705814830147	Jesse M. Bethel High	63	15
48705814830147	Jesse M. Bethel High	39	13
48705814830147	Jesse M. Bethel High	201	78
48705814830147	Jesse M. Bethel High	47	28
48705814830147	Jesse M. Bethel High	66	15
48705814830147	Jesse M. Bethel High	50	21
48705814830147	Jesse M. Bethel High	191	78
48705814830147	Jesse M. Bethel High	25	21
48705814830196	MIT Academy	38	19
48705814830196	MIT Academy	18	11
48705814830196	MIT Academy	38	19
48705814830196	MIT Academy	18	11
48705814838058	John Finney High (Continuation)	31	13
48705814838058	John Finney High (Continuation)	747	446
48705814838058	John Finney High (Continuation)	224	184
48705814838058	John Finney High (Continuation)	201	36
48705814838058	John Finney High (Continuation)	201	141
48705814838058	John Finney High (Continuation)	67	46
48705814838058	John Finney High (Continuation)	75	86
48705814838058	John Finney High (Continuation)	365	182
48705814838058	John Finney High (Continuation)	114	80
48705814838058	John Finney High (Continuation)	98	11
48705814838058	John Finney High (Continuation)	95	56
48705814838058	John Finney High (Continuation)	28	15
48705814838058	John Finney High (Continuation)	382	264
48705814838058	John Finney High (Continuation)	110	104
48705814838058	John Finney High (Continuation)	103	25
48705814838058	John Finney High (Continuation)	106	85
48705814838058	John Finney High (Continuation)	39	31
48705814838058	John Finney High (Continuation)	427	334
48705814838058	John Finney High (Continuation)	63	75
48705814838504	Vallejo High	309	180
48705814838504	Vallejo High	100	62
48705814838504	Vallejo High	104	72
48705814838504	Vallejo High	27	21
48705814838504	Vallejo High	46	47
48705814838504	Vallejo High	145	79
48705814838504	Vallejo High	46	30
48705814838504	Vallejo High	51	29
48705814838504	Vallejo High	164	101
48705814838504	Vallejo High	54	32
48705814838504	Vallejo High	53	43
48705814838504	Vallejo High	15	12
48705814838504	Vallejo High	217	136
48705814838504	Vallejo High	27	34
49000000000000	Sonoma	180	17
49000000000000	Sonoma	4445	696
49000000000000	Sonoma	117	38
49000000000000	Sonoma	1410	308
49000000000000	Sonoma	51	21
49000000000000	Sonoma	80	20
49000000000000	Sonoma	2534	275
49000000000000	Sonoma	695	209
49000000000000	Sonoma	2320	266
49000000000000	Sonoma	56	21
49000000000000	Sonoma	735	124
49000000000000	Sonoma	1325	91
49000000000000	Sonoma	2125	430
49000000000000	Sonoma	61	17
49000000000000	Sonoma	675	184
49000000000000	Sonoma	22	14
49000000000000	Sonoma	36	11
49000000000000	Sonoma	1209	184
49000000000000	Sonoma	142	37
49000000000000	Sonoma	1873	478
49000000000000	Sonoma	493	132
49104960000000	Sonoma County Office of Education	180	17
49104960000000	Sonoma County Office of Education	4445	696
49104960000000	Sonoma County Office of Education	117	38
49104960000000	Sonoma County Office of Education	1410	308
49104960000000	Sonoma County Office of Education	51	21
49104960000000	Sonoma County Office of Education	80	20
49104960000000	Sonoma County Office of Education	2534	275
49104960000000	Sonoma County Office of Education	695	209
49104960000000	Sonoma County Office of Education	2320	266
49104960000000	Sonoma County Office of Education	56	21
49104960000000	Sonoma County Office of Education	735	124
49104960000000	Sonoma County Office of Education	1325	91
49104960000000	Sonoma County Office of Education	2125	430
49104960000000	Sonoma County Office of Education	61	17
49104960000000	Sonoma County Office of Education	675	184
49104960000000	Sonoma County Office of Education	22	14
49104960000000	Sonoma County Office of Education	36	11
49104960000000	Sonoma County Office of Education	1209	184
49104960000000	Sonoma County Office of Education	142	37
49104960000000	Sonoma County Office of Education	1873	478
49104960000000	Sonoma County Office of Education	493	132
49104964930079	Sonoma County Court	180	17
49104964930079	Sonoma County Court	4445	696
49104964930079	Sonoma County Court	117	38
49104964930079	Sonoma County Court	1410	308
49104964930079	Sonoma County Court	51	21
49104964930079	Sonoma County Court	80	20
49104964930079	Sonoma County Court	2534	275
49104964930079	Sonoma County Court	695	209
49104964930079	Sonoma County Court	2320	266
49104964930079	Sonoma County Court	56	21
49104964930079	Sonoma County Court	735	124
49104964930079	Sonoma County Court	1325	91
49104964930079	Sonoma County Court	2125	430
49104964930079	Sonoma County Court	61	17
49104964930079	Sonoma County Court	675	184
49104964930079	Sonoma County Court	22	14
49104964930079	Sonoma County Court	36	11
49104964930079	Sonoma County Court	1209	184
49104964930079	Sonoma County Court	142	37
49104964930079	Sonoma County Court	1873	478
49104964930079	Sonoma County Court	493	132
49104964930343	Sonoma County Alternative Education Programs	180	17
49104964930343	Sonoma County Alternative Education Programs	4445	696
49104964930343	Sonoma County Alternative Education Programs	117	38
49104964930343	Sonoma County Alternative Education Programs	1410	308
49104964930343	Sonoma County Alternative Education Programs	51	21
49104964930343	Sonoma County Alternative Education Programs	80	20
49104964930343	Sonoma County Alternative Education Programs	2534	275
49104964930343	Sonoma County Alternative Education Programs	695	209
49104964930343	Sonoma County Alternative Education Programs	2320	266
49104964930343	Sonoma County Alternative Education Programs	56	21
49104964930343	Sonoma County Alternative Education Programs	735	124
49104964930343	Sonoma County Alternative Education Programs	1325	91
49104964930343	Sonoma County Alternative Education Programs	2125	430
49104964930343	Sonoma County Alternative Education Programs	61	17
49104964930343	Sonoma County Alternative Education Programs	675	184
49104964930343	Sonoma County Alternative Education Programs	22	14
49104964930343	Sonoma County Alternative Education Programs	36	11
49104964930343	Sonoma County Alternative Education Programs	1209	184
49104964930343	Sonoma County Alternative Education Programs	142	37
49104964930343	Sonoma County Alternative Education Programs	1873	478
49104964930343	Sonoma County Alternative Education Programs	493	132
49104966069413	Sonoma County Special Education	180	17
49104966069413	Sonoma County Special Education	4445	696
49104966069413	Sonoma County Special Education	117	38
49104966069413	Sonoma County Special Education	1410	308
49104966069413	Sonoma County Special Education	51	21
49104966069413	Sonoma County Special Education	80	20
49104966069413	Sonoma County Special Education	2534	275
49104966069413	Sonoma County Special Education	695	209
49104966069413	Sonoma County Special Education	2320	266
49104966069413	Sonoma County Special Education	56	21
49104966069413	Sonoma County Special Education	735	124
49104966069413	Sonoma County Special Education	1325	91
49104966069413	Sonoma County Special Education	2125	430
49104966069413	Sonoma County Special Education	61	17
49104966069413	Sonoma County Special Education	675	184
49104966069413	Sonoma County Special Education	22	14
49104966069413	Sonoma County Special Education	36	11
49104966069413	Sonoma County Special Education	1209	184
49104966069413	Sonoma County Special Education	142	37
49104966069413	Sonoma County Special Education	1873	478
49104966069413	Sonoma County Special Education	493	132
49706070000000	West Sonoma County Union High	532	24
49706070000000	West Sonoma County Union High	398	16
49706070000000	West Sonoma County Union High	278	11
49706070000000	West Sonoma County Union High	254	13
49706070000000	West Sonoma County Union High	154	15
49706070116293	WSCUHSD Community Day	532	24
49706070116293	WSCUHSD Community Day	398	16
49706070116293	WSCUHSD Community Day	278	11
49706070116293	WSCUHSD Community Day	254	13
49706070116293	WSCUHSD Community Day	154	15
49706074930327	Laguna High	532	24
49706074930327	Laguna High	398	16
49706074930327	Laguna High	278	11
49706074930327	Laguna High	254	13
49706074930327	Laguna High	154	15
49706074931507	El Molino High	196	14
49706560000000	Cloverdale Unified	79	21
49706560000000	Cloverdale Unified	37	11
49706560000000	Cloverdale Unified	41	18
49706560000000	Cloverdale Unified	17	11
49706560000000	Cloverdale Unified	49	11
49706564930848	Johanna Echols-Hansen High (Continuation)	79	21
49706564930848	Johanna Echols-Hansen High (Continuation)	37	11
49706564930848	Johanna Echols-Hansen High (Continuation)	41	18
49706564930848	Johanna Echols-Hansen High (Continuation)	17	11
49706564930848	Johanna Echols-Hansen High (Continuation)	49	11
49706564930855	Cloverdale High	76	12
49707970107284	California Virtual Academy @ Sonoma	37	40
49707970107284	California Virtual Academy @ Sonoma	26	22
49707970107284	California Virtual Academy @ Sonoma	17	16
49707970107284	California Virtual Academy @ Sonoma	20	24
49707970107284	California Virtual Academy @ Sonoma	14	17
49707970107284	California Virtual Academy @ Sonoma	37	40
49707970107284	California Virtual Academy @ Sonoma	26	22
49707970107284	California Virtual Academy @ Sonoma	17	16
49707970107284	California Virtual Academy @ Sonoma	20	24
49707970107284	California Virtual Academy @ Sonoma	14	17
49708620000000	Petaluma Joint Union High	719	32
49708620000000	Petaluma Joint Union High	187	18
49708620000000	Petaluma Joint Union High	116	17
49708620000000	Petaluma Joint Union High	384	12
49708620000000	Petaluma Joint Union High	335	20
49708620000000	Petaluma Joint Union High	87	11
49708620000000	Petaluma Joint Union High	257	24
49708624930012	Casa Grande High	345	12
49708624930103	Carpe Diem High (Continuation)	719	32
49708624930103	Carpe Diem High (Continuation)	187	18
49708624930103	Carpe Diem High (Continuation)	116	17
49708624930103	Carpe Diem High (Continuation)	384	12
49708624930103	Carpe Diem High (Continuation)	335	20
49708624930103	Carpe Diem High (Continuation)	87	11
49708624930103	Carpe Diem High (Continuation)	257	24
49708624930111	Sonoma Mountain High (Continuation)	719	32
49708624930111	Sonoma Mountain High (Continuation)	187	18
49708624930111	Sonoma Mountain High (Continuation)	116	17
49708624930111	Sonoma Mountain High (Continuation)	384	12
49708624930111	Sonoma Mountain High (Continuation)	335	20
49708624930111	Sonoma Mountain High (Continuation)	87	11
49708624930111	Sonoma Mountain High (Continuation)	257	24
49708624935862	San Antonio High (Continuation)	719	32
49708624935862	San Antonio High (Continuation)	187	18
49708624935862	San Antonio High (Continuation)	116	17
49708624935862	San Antonio High (Continuation)	384	12
49708624935862	San Antonio High (Continuation)	335	20
49708624935862	San Antonio High (Continuation)	87	11
49708624935862	San Antonio High (Continuation)	257	24
49709200000000	Santa Rosa High	1662	228
49709200000000	Santa Rosa High	550	121
49709200000000	Santa Rosa High	40	13
49709200000000	Santa Rosa High	859	64
49709200000000	Santa Rosa High	280	100
49709200000000	Santa Rosa High	878	97
49709200000000	Santa Rosa High	303	52
49709200000000	Santa Rosa High	443	27
49709200000000	Santa Rosa High	784	131
49709200000000	Santa Rosa High	247	69
49709200000000	Santa Rosa High	416	37
49709200000000	Santa Rosa High	45	23
49709200000000	Santa Rosa High	720	170
49709200000000	Santa Rosa High	155	49
49709204930137	Nueva Vista High	1662	228
49709204930137	Nueva Vista High	550	121
49709204930137	Nueva Vista High	40	13
49709204930137	Nueva Vista High	859	64
49709204930137	Nueva Vista High	280	100
49709204930137	Nueva Vista High	878	97
49709204930137	Nueva Vista High	303	52
49709204930137	Nueva Vista High	443	27
49709204930137	Nueva Vista High	784	131
49709204930137	Nueva Vista High	247	69
49709204930137	Nueva Vista High	416	37
49709204930137	Nueva Vista High	45	23
49709204930137	Nueva Vista High	720	170
49709204930137	Nueva Vista High	155	49
49709204930145	Mesa High	1662	228
49709204930145	Mesa High	550	121
49709204930145	Mesa High	40	13
49709204930145	Mesa High	859	64
49709204930145	Mesa High	280	100
49709204930145	Mesa High	878	97
49709204930145	Mesa High	303	52
49709204930145	Mesa High	443	27
49709204930145	Mesa High	784	131
49709204930145	Mesa High	247	69
49709204930145	Mesa High	416	37
49709204930145	Mesa High	45	23
49709204930145	Mesa High	720	170
49709204930145	Mesa High	155	49
49709204930160	Elsie Allen High	187	50
49709204930160	Elsie Allen High	122	38
49709204930160	Elsie Allen High	85	36
49709204930160	Elsie Allen High	100	19
49709204930160	Elsie Allen High	60	12
49709204930160	Elsie Allen High	87	31
49709204930160	Elsie Allen High	62	26
49709204930160	Elsie Allen High	157	48
49709204930202	Grace High	1662	228
49709204930202	Grace High	550	121
49709204930202	Grace High	40	13
49709204930202	Grace High	859	64
49709204930202	Grace High	280	100
49709204930202	Grace High	878	97
49709204930202	Grace High	303	52
49709204930202	Grace High	443	27
49709204930202	Grace High	784	131
49709204930202	Grace High	247	69
49709204930202	Grace High	416	37
49709204930202	Grace High	45	23
49709204930202	Grace High	720	170
49709204930202	Grace High	155	49
49709204930210	Midrose High	1662	228
49709204930210	Midrose High	550	121
49709204930210	Midrose High	40	13
49709204930210	Midrose High	859	64
49709204930210	Midrose High	280	100
49709204930210	Midrose High	878	97
49709204930210	Midrose High	303	52
49709204930210	Midrose High	443	27
49709204930210	Midrose High	784	131
49709204930210	Midrose High	247	69
49709204930210	Midrose High	416	37
49709204930210	Midrose High	45	23
49709204930210	Midrose High	720	170
49709204930210	Midrose High	155	49
49709204930244	Maria Carrillo High	331	17
49709204930244	Maria Carrillo High	166	11
49709204934154	Montgomery High	318	19
49709204934154	Montgomery High	155	12
49709204935292	Piner High	202	34
49709204935292	Piner High	88	19
49709204935292	Piner High	58	19
49709204935292	Piner High	103	16
49709204935292	Piner High	46	11
49709204935292	Piner High	99	18
49709204935292	Piner High	130	22
49709204935607	Ridgway High (Continuation)	1662	228
49709204935607	Ridgway High (Continuation)	550	121
49709204935607	Ridgway High (Continuation)	40	13
49709204935607	Ridgway High (Continuation)	859	64
49709204935607	Ridgway High (Continuation)	280	100
49709204935607	Ridgway High (Continuation)	878	97
49709204935607	Ridgway High (Continuation)	303	52
49709204935607	Ridgway High (Continuation)	443	27
49709204935607	Ridgway High (Continuation)	784	131
49709204935607	Ridgway High (Continuation)	247	69
49709204935607	Ridgway High (Continuation)	416	37
49709204935607	Ridgway High (Continuation)	45	23
49709204935607	Ridgway High (Continuation)	720	170
49709204935607	Ridgway High (Continuation)	155	49
49709204936803	Santa Rosa High	452	22
49709204936803	Santa Rosa High	290	12
49709204936803	Santa Rosa High	187	13
49709204936803	Santa Rosa High	141	13
49709530000000	Sonoma Valley Unified	278	20
49709530000000	Sonoma Valley Unified	130	11
49709530000000	Sonoma Valley Unified	135	13
49709530000000	Sonoma Valley Unified	159	12
49709534930152	Creekside High	278	20
49709534930152	Creekside High	130	11
49709534930152	Creekside High	135	13
49709534930152	Creekside High	159	12
49709534937256	Sonoma Valley High	267	12
49738820000000	Cotati-Rohnert Park Unified	404	68
49738820000000	Cotati-Rohnert Park Unified	99	18
49738820000000	Cotati-Rohnert Park Unified	250	36
49738820000000	Cotati-Rohnert Park Unified	213	19
49738820000000	Cotati-Rohnert Park Unified	191	49
49738820000000	Cotati-Rohnert Park Unified	48	13
49738820000000	Cotati-Rohnert Park Unified	118	27
49738820000000	Cotati-Rohnert Park Unified	144	43
49738824930046	El Camino High	404	68
49738824930046	El Camino High	99	18
49738824930046	El Camino High	250	36
49738824930046	El Camino High	213	19
49738824930046	El Camino High	191	49
49738824930046	El Camino High	48	13
49738824930046	El Camino High	118	27
49738824930046	El Camino High	144	43
49738824930194	Phoenix High (Continuation)	404	68
49738824930194	Phoenix High (Continuation)	99	18
49738824930194	Phoenix High (Continuation)	250	36
49738824930194	Phoenix High (Continuation)	213	19
49738824930194	Phoenix High (Continuation)	191	49
49738824930194	Phoenix High (Continuation)	48	13
49738824930194	Phoenix High (Continuation)	118	27
49738824930194	Phoenix High (Continuation)	144	43
49738824935482	Rancho Cotate High	326	14
49738824935482	Rancho Cotate High	196	11
49753580000000	Windsor Unified	384	23
49753580000000	Windsor Unified	136	16
49753580000000	Windsor Unified	201	15
49753580000000	Windsor Unified	165	17
49753580117986	Insight School of California - North Bay	24	50
49753580117986	Insight School of California - North Bay	11	21
49753580117986	Insight School of California - North Bay	14	24
49753580117986	Insight School of California - North Bay	24	50
49753580117986	Insight School of California - North Bay	11	21
49753580117986	Insight School of California - North Bay	14	24
49753584930269	Windsor Oaks Academy	384	23
49753584930269	Windsor Oaks Academy	136	16
49753584930269	Windsor Oaks Academy	201	15
49753584930269	Windsor Oaks Academy	165	17
49753900000000	Healdsburg Unified	188	14
49753900000000	Healdsburg Unified	89	11
49753900000000	Healdsburg Unified	89	12
49753904930251	Marce Becerra Academy	188	14
49753904930251	Marce Becerra Academy	89	11
49753904930251	Marce Becerra Academy	89	12
50000000000000	Stanislaus	313	39
50000000000000	Stanislaus	6403	1174
50000000000000	Stanislaus	222	52
50000000000000	Stanislaus	26	12
50000000000000	Stanislaus	3049	682
50000000000000	Stanislaus	51	16
50000000000000	Stanislaus	54	20
50000000000000	Stanislaus	2546	344
50000000000000	Stanislaus	986	398
50000000000000	Stanislaus	142	16
50000000000000	Stanislaus	3338	408
50000000000000	Stanislaus	99	23
50000000000000	Stanislaus	1599	246
50000000000000	Stanislaus	1347	103
50000000000000	Stanislaus	171	23
50000000000000	Stanislaus	3065	766
50000000000000	Stanislaus	123	29
50000000000000	Stanislaus	1450	436
50000000000000	Stanislaus	15	16
50000000000000	Stanislaus	1199	241
50000000000000	Stanislaus	328	68
50000000000000	Stanislaus	4032	1003
50000000000000	Stanislaus	556	169
50105040000000	Stanislaus County Office of Education	313	39
50105040000000	Stanislaus County Office of Education	6403	1174
50105040000000	Stanislaus County Office of Education	222	52
50105040000000	Stanislaus County Office of Education	26	12
50105040000000	Stanislaus County Office of Education	3049	682
50105040000000	Stanislaus County Office of Education	51	16
50105040000000	Stanislaus County Office of Education	54	20
50105040000000	Stanislaus County Office of Education	2546	344
50105040000000	Stanislaus County Office of Education	986	398
50105040000000	Stanislaus County Office of Education	142	16
50105040000000	Stanislaus County Office of Education	3338	408
50105040000000	Stanislaus County Office of Education	99	23
50105040000000	Stanislaus County Office of Education	1599	246
50105040000000	Stanislaus County Office of Education	1347	103
50105040000000	Stanislaus County Office of Education	171	23
50105040000000	Stanislaus County Office of Education	3065	766
50105040000000	Stanislaus County Office of Education	123	29
50105040000000	Stanislaus County Office of Education	1450	436
50105040000000	Stanislaus County Office of Education	15	16
50105040000000	Stanislaus County Office of Education	1199	241
50105040000000	Stanislaus County Office of Education	328	68
50105040000000	Stanislaus County Office of Education	4032	1003
50105040000000	Stanislaus County Office of Education	556	169
50105045030069	Stanislaus Community	313	39
50105045030069	Stanislaus Community	6403	1174
50105045030069	Stanislaus Community	222	52
50105045030069	Stanislaus Community	26	12
50105045030069	Stanislaus Community	3049	682
50105045030069	Stanislaus Community	51	16
50105045030069	Stanislaus Community	54	20
50105045030069	Stanislaus Community	2546	344
50105045030069	Stanislaus Community	986	398
50105045030069	Stanislaus Community	142	16
50105045030069	Stanislaus Community	3338	408
50105045030069	Stanislaus Community	99	23
50105045030069	Stanislaus Community	1599	246
50105045030069	Stanislaus Community	1347	103
50105045030069	Stanislaus Community	171	23
50105045030069	Stanislaus Community	3065	766
50105045030069	Stanislaus Community	123	29
50105045030069	Stanislaus Community	1450	436
50105045030069	Stanislaus Community	15	16
50105045030069	Stanislaus Community	1199	241
50105045030069	Stanislaus Community	328	68
50105045030069	Stanislaus Community	4032	1003
50105045030069	Stanislaus Community	556	169
50105045030085	John B. Allard	313	39
50105045030085	John B. Allard	6403	1174
50105045030085	John B. Allard	222	52
50105045030085	John B. Allard	26	12
50105045030085	John B. Allard	3049	682
50105045030085	John B. Allard	51	16
50105045030085	John B. Allard	54	20
50105045030085	John B. Allard	2546	344
50105045030085	John B. Allard	986	398
50105045030085	John B. Allard	142	16
50105045030085	John B. Allard	3338	408
50105045030085	John B. Allard	99	23
50105045030085	John B. Allard	1599	246
50105045030085	John B. Allard	1347	103
50105045030085	John B. Allard	171	23
50105045030085	John B. Allard	3065	766
50105045030085	John B. Allard	123	29
50105045030085	John B. Allard	1450	436
50105045030085	John B. Allard	15	16
50105045030085	John B. Allard	1199	241
50105045030085	John B. Allard	328	68
50105045030085	John B. Allard	4032	1003
50105045030085	John B. Allard	556	169
50105045030226	Petersen Alternative Center for Education	313	39
50105045030226	Petersen Alternative Center for Education	6403	1174
50105045030226	Petersen Alternative Center for Education	222	52
50105045030226	Petersen Alternative Center for Education	26	12
50105045030226	Petersen Alternative Center for Education	3049	682
50105045030226	Petersen Alternative Center for Education	51	16
50105045030226	Petersen Alternative Center for Education	54	20
50105045030226	Petersen Alternative Center for Education	2546	344
50105045030226	Petersen Alternative Center for Education	986	398
50105045030226	Petersen Alternative Center for Education	142	16
50105045030226	Petersen Alternative Center for Education	3338	408
50105045030226	Petersen Alternative Center for Education	99	23
50105045030226	Petersen Alternative Center for Education	1599	246
50105045030226	Petersen Alternative Center for Education	1347	103
50105045030226	Petersen Alternative Center for Education	171	23
50105045030226	Petersen Alternative Center for Education	3065	766
50105045030226	Petersen Alternative Center for Education	123	29
50105045030226	Petersen Alternative Center for Education	1450	436
50105045030226	Petersen Alternative Center for Education	15	16
50105045030226	Petersen Alternative Center for Education	1199	241
50105045030226	Petersen Alternative Center for Education	328	68
50105045030226	Petersen Alternative Center for Education	4032	1003
50105045030226	Petersen Alternative Center for Education	556	169
50105046069546	Stanislaus County Special Education	313	39
50105046069546	Stanislaus County Special Education	6403	1174
50105046069546	Stanislaus County Special Education	222	52
50105046069546	Stanislaus County Special Education	26	12
50105046069546	Stanislaus County Special Education	3049	682
50105046069546	Stanislaus County Special Education	51	16
50105046069546	Stanislaus County Special Education	54	20
50105046069546	Stanislaus County Special Education	2546	344
50105046069546	Stanislaus County Special Education	986	398
50105046069546	Stanislaus County Special Education	142	16
50105046069546	Stanislaus County Special Education	3338	408
50105046069546	Stanislaus County Special Education	99	23
50105046069546	Stanislaus County Special Education	1599	246
50105046069546	Stanislaus County Special Education	1347	103
50105046069546	Stanislaus County Special Education	171	23
50105046069546	Stanislaus County Special Education	3065	766
50105046069546	Stanislaus County Special Education	123	29
50105046069546	Stanislaus County Special Education	1450	436
50105046069546	Stanislaus County Special Education	15	16
50105046069546	Stanislaus County Special Education	1199	241
50105046069546	Stanislaus County Special Education	328	68
50105046069546	Stanislaus County Special Education	4032	1003
50105046069546	Stanislaus County Special Education	556	169
50710430000000	Ceres Unified	736	72
50710430000000	Ceres Unified	460	50
50710430000000	Ceres Unified	191	15
50710430000000	Ceres Unified	149	34
50710430000000	Ceres Unified	407	28
50710430000000	Ceres Unified	250	19
50710430000000	Ceres Unified	329	44
50710430000000	Ceres Unified	210	31
50710430000000	Ceres Unified	81	11
50710430000000	Ceres Unified	606	65
50710430000000	Ceres Unified	73	15
50710435030168	Endeavor Alternative	59	15
50710435030168	Endeavor Alternative	49	13
50710435030200	Argus High (Continuation)	736	72
50710435030200	Argus High (Continuation)	460	50
50710435030200	Argus High (Continuation)	191	15
50710435030200	Argus High (Continuation)	149	34
50710435030200	Argus High (Continuation)	407	28
50710435030200	Argus High (Continuation)	250	19
50710435030200	Argus High (Continuation)	329	44
50710435030200	Argus High (Continuation)	210	31
50710435030200	Argus High (Continuation)	81	11
50710435030200	Argus High (Continuation)	606	65
50710435030200	Argus High (Continuation)	73	15
50710435030879	Ceres High	259	11
50710680000000	Denair Unified	149	47
50710680000000	Denair Unified	62	22
50710680000000	Denair Unified	78	21
50710680000000	Denair Unified	21	12
50710680000000	Denair Unified	72	14
50710680000000	Denair Unified	77	33
50710680000000	Denair Unified	33	17
50710680000000	Denair Unified	41	13
50710680000000	Denair Unified	97	38
50710685030267	Denair Charter Academy	65	46
50710685030267	Denair Charter Academy	25	22
50710685030267	Denair Charter Academy	36	20
50710685030267	Denair Charter Academy	33	14
50710685030267	Denair Charter Academy	32	32
50710685030267	Denair Charter Academy	11	17
50710685030267	Denair Charter Academy	20	12
50710685030267	Denair Charter Academy	45	38
50711750000000	Modesto City High	185	26
50711750000000	Modesto City High	2757	548
50711750000000	Modesto City High	143	26
50711750000000	Modesto City High	1230	306
50711750000000	Modesto City High	35	17
50711750000000	Modesto City High	1052	159
50711750000000	Modesto City High	336	168
50711750000000	Modesto City High	87	11
50711750000000	Modesto City High	1440	207
50711750000000	Modesto City High	69	13
50711750000000	Modesto City High	654	123
50711750000000	Modesto City High	549	50
50711750000000	Modesto City High	98	15
50711750000000	Modesto City High	1317	341
50711750000000	Modesto City High	74	13
50711750000000	Modesto City High	576	183
50711750000000	Modesto City High	12	13
50711750000000	Modesto City High	503	109
50711750000000	Modesto City High	62	22
50711750000000	Modesto City High	1587	440
50711750000000	Modesto City High	230	79
50711750110593	James C. Enochs High	502	30
50711750110593	James C. Enochs High	151	11
50711750110593	James C. Enochs High	249	14
50711750110593	James C. Enochs High	239	21
50711750110593	James C. Enochs High	219	17
50711755030010	Fred C. Beyer High	474	32
50711755030010	Fred C. Beyer High	256	17
50711755030010	Fred C. Beyer High	226	22
50711755030010	Fred C. Beyer High	119	12
50711755030010	Fred C. Beyer High	205	21
50711755030135	Peter Johansen High	346	47
50711755030135	Peter Johansen High	201	29
50711755030135	Peter Johansen High	85	15
50711755030135	Peter Johansen High	64	16
50711755030135	Peter Johansen High	201	20
50711755030135	Peter Johansen High	121	14
50711755030135	Peter Johansen High	145	27
50711755030135	Peter Johansen High	80	15
50711755030135	Peter Johansen High	41	12
50711755030135	Peter Johansen High	240	37
50711755031380	Grace M. Davis High	441	48
50711755031380	Grace M. Davis High	189	32
50711755031380	Grace M. Davis High	165	12
50711755031380	Grace M. Davis High	53	27
50711755031380	Grace M. Davis High	216	20
50711755031380	Grace M. Davis High	92	12
50711755031380	Grace M. Davis High	225	28
50711755031380	Grace M. Davis High	97	20
50711755031380	Grace M. Davis High	241	38
50711755031802	Thomas Downey High	358	47
50711755031802	Thomas Downey High	181	22
50711755031802	Thomas Downey High	129	15
50711755031802	Thomas Downey High	50	17
50711755031802	Thomas Downey High	178	16
50711755031802	Thomas Downey High	180	31
50711755031802	Thomas Downey High	86	15
50711755031802	Thomas Downey High	224	37
50711755031802	Thomas Downey High	41	11
50711755034905	Modesto High	509	56
50711755034905	Modesto High	280	35
50711755034905	Modesto High	130	12
50711755034905	Modesto High	84	23
50711755034905	Modesto High	270	25
50711755034905	Modesto High	158	16
50711755034905	Modesto High	239	31
50711755034905	Modesto High	122	19
50711755034905	Modesto High	348	46
50711755034913	Robert Elliott Alternative Education Center	185	26
50711755034913	Robert Elliott Alternative Education Center	2757	548
50711755034913	Robert Elliott Alternative Education Center	143	26
50711755034913	Robert Elliott Alternative Education Center	1230	306
50711755034913	Robert Elliott Alternative Education Center	35	17
50711755034913	Robert Elliott Alternative Education Center	1052	159
50711755034913	Robert Elliott Alternative Education Center	336	168
50711755034913	Robert Elliott Alternative Education Center	87	11
50711755034913	Robert Elliott Alternative Education Center	1440	207
50711755034913	Robert Elliott Alternative Education Center	69	13
50711755034913	Robert Elliott Alternative Education Center	654	123
50711755034913	Robert Elliott Alternative Education Center	549	50
50711755034913	Robert Elliott Alternative Education Center	98	15
50711755034913	Robert Elliott Alternative Education Center	1317	341
50711755034913	Robert Elliott Alternative Education Center	74	13
50711755034913	Robert Elliott Alternative Education Center	576	183
50711755034913	Robert Elliott Alternative Education Center	12	13
50711755034913	Robert Elliott Alternative Education Center	503	109
50711755034913	Robert Elliott Alternative Education Center	62	22
50711755034913	Robert Elliott Alternative Education Center	1587	440
50711755034913	Robert Elliott Alternative Education Center	230	79
50712170000000	Patterson Joint Unified	347	50
50712170000000	Patterson Joint Unified	200	38
50712170000000	Patterson Joint Unified	79	31
50712170000000	Patterson Joint Unified	179	18
50712170000000	Patterson Joint Unified	110	16
50712170000000	Patterson Joint Unified	168	32
50712170000000	Patterson Joint Unified	90	22
50712170000000	Patterson Joint Unified	248	45
50712175030127	Del Puerto High	347	50
50712175030127	Del Puerto High	200	38
50712175030127	Del Puerto High	79	31
50712175030127	Del Puerto High	179	18
50712175030127	Del Puerto High	110	16
50712175030127	Del Puerto High	168	32
50712175030127	Del Puerto High	90	22
50712175030127	Del Puerto High	248	45
50712175036256	Patterson High	313	27
50712175036256	Patterson High	177	22
50712175036256	Patterson High	72	18
50712175036256	Patterson High	149	17
50712175036256	Patterson High	78	13
50712175036256	Patterson High	221	24
50736010000000	Newman-Crows Landing Unified	191	15
50736010000000	Newman-Crows Landing Unified	126	11
50736010000000	Newman-Crows Landing Unified	105	11
50736010000000	Newman-Crows Landing Unified	148	13
50736015030036	West Side Valley High (Continuation)	191	15
50736015030036	West Side Valley High (Continuation)	126	11
50736015030036	West Side Valley High (Continuation)	105	11
50736015030036	West Side Valley High (Continuation)	148	13
50736015030184	Newman-Crows Landing Independent Study	191	15
50736015030184	Newman-Crows Landing Independent Study	126	11
50736015030184	Newman-Crows Landing Independent Study	105	11
50736015030184	Newman-Crows Landing Independent Study	148	13
50755560000000	Riverbank Unified	154	24
50755560000000	Riverbank Unified	119	19
50755560000000	Riverbank Unified	45	15
50755560000000	Riverbank Unified	79	15
50755560000000	Riverbank Unified	62	13
50755560000000	Riverbank Unified	126	23
50755560112573	Adelante High	154	24
50755560112573	Adelante High	119	19
50755560112573	Adelante High	45	15
50755560112573	Adelante High	79	15
50755560112573	Adelante High	62	13
50755560112573	Adelante High	126	23
50755640000000	Oakdale Joint Unified	409	18
50755640000000	Oakdale Joint Unified	270	11
50755640000000	Oakdale Joint Unified	189	12
50755640000000	Oakdale Joint Unified	174	13
50755720000000	Waterford Unified	136	12
50755720000000	Waterford Unified	91	11
50755725030317	Connecting Waters Charter	175	19
50755725030317	Connecting Waters Charter	68	15
50755725030317	Connecting Waters Charter	111	13
50755725030317	Connecting Waters Charter	175	19
50755725030317	Connecting Waters Charter	68	15
50755725030317	Connecting Waters Charter	111	13
50757390000000	Turlock Unified	944	85
50757390000000	Turlock Unified	439	46
50757390000000	Turlock Unified	417	34
50757390000000	Turlock Unified	165	40
50757390000000	Turlock Unified	475	27
50757390000000	Turlock Unified	222	18
50757390000000	Turlock Unified	469	58
50757390000000	Turlock Unified	217	28
50757390000000	Turlock Unified	202	26
50757390000000	Turlock Unified	573	84
50757390000000	Turlock Unified	80	18
50757390124669	eCademy Charter at Crane	53	16
50757390124669	eCademy Charter at Crane	38	14
50757390124669	eCademy Charter at Crane	53	16
50757390124669	eCademy Charter at Crane	38	14
50757395036884	Roselawn High	944	85
50757395036884	Roselawn High	439	46
50757395036884	Roselawn High	417	34
50757395036884	Roselawn High	165	40
50757395036884	Roselawn High	475	27
50757395036884	Roselawn High	222	18
50757395036884	Roselawn High	469	58
50757395036884	Roselawn High	217	28
50757395036884	Roselawn High	202	26
50757395036884	Roselawn High	573	84
50757395036884	Roselawn High	80	18
50757395037700	Turlock High	420	17
50757395037700	Turlock High	207	12
50757395037700	Turlock High	248	16
51000000000000	Sutter	188	17
51000000000000	Sutter	1239	184
51000000000000	Sutter	386	62
51000000000000	Sutter	558	86
51000000000000	Sutter	132	42
51000000000000	Sutter	614	60
51000000000000	Sutter	194	17
51000000000000	Sutter	268	29
51000000000000	Sutter	94	11
51000000000000	Sutter	625	124
51000000000000	Sutter	192	45
51000000000000	Sutter	290	57
51000000000000	Sutter	730	137
51000000000000	Sutter	92	33
51105120000000	Sutter County Office of Education	188	17
51105120000000	Sutter County Office of Education	1239	184
51105120000000	Sutter County Office of Education	386	62
51105120000000	Sutter County Office of Education	558	86
51105120000000	Sutter County Office of Education	132	42
51105120000000	Sutter County Office of Education	614	60
51105120000000	Sutter County Office of Education	194	17
51105120000000	Sutter County Office of Education	268	29
51105120000000	Sutter County Office of Education	94	11
51105120000000	Sutter County Office of Education	625	124
51105120000000	Sutter County Office of Education	192	45
51105120000000	Sutter County Office of Education	290	57
51105120000000	Sutter County Office of Education	730	137
51105120000000	Sutter County Office of Education	92	33
51105120114207	Feather River Academy	188	17
51105120114207	Feather River Academy	1239	184
51105120114207	Feather River Academy	386	62
51105120114207	Feather River Academy	558	86
51105120114207	Feather River Academy	132	42
51105120114207	Feather River Academy	614	60
51105120114207	Feather River Academy	194	17
51105120114207	Feather River Academy	268	29
51105120114207	Feather River Academy	94	11
51105120114207	Feather River Academy	625	124
51105120114207	Feather River Academy	192	45
51105120114207	Feather River Academy	290	57
51105120114207	Feather River Academy	730	137
51105120114207	Feather River Academy	92	33
51105126069454	Sutter County Special Education	188	17
51105126069454	Sutter County Special Education	1239	184
51105126069454	Sutter County Special Education	386	62
51105126069454	Sutter County Special Education	558	86
51105126069454	Sutter County Special Education	132	42
51105126069454	Sutter County Special Education	614	60
51105126069454	Sutter County Special Education	194	17
51105126069454	Sutter County Special Education	268	29
51105126069454	Sutter County Special Education	94	11
51105126069454	Sutter County Special Education	625	124
51105126069454	Sutter County Special Education	192	45
51105126069454	Sutter County Special Education	290	57
51105126069454	Sutter County Special Education	730	137
51105126069454	Sutter County Special Education	92	33
51714230111161	California Virtual Academy @ Sutter	17	27
51714230111161	California Virtual Academy @ Sutter	12	21
51714230111161	California Virtual Academy @ Sutter	17	27
51714230111161	California Virtual Academy @ Sutter	12	21
51714640000000	Yuba City Unified	156	15
51714640000000	Yuba City Unified	758	88
51714640000000	Yuba City Unified	262	27
51714640000000	Yuba City Unified	273	37
51714640000000	Yuba City Unified	90	30
51714640000000	Yuba City Unified	381	34
51714640000000	Yuba City Unified	134	16
51714640000000	Yuba City Unified	377	54
51714640000000	Yuba City Unified	129	20
51714640000000	Yuba City Unified	139	21
51714640000000	Yuba City Unified	471	65
51714640107722	River Valley High	346	27
51714640107722	River Valley High	40	14
51714640107722	River Valley High	174	11
51714640107722	River Valley High	172	16
51714640107722	River Valley High	206	20
51714645130018	Albert Powell Continuation	156	15
51714645130018	Albert Powell Continuation	758	88
51714645130018	Albert Powell Continuation	262	27
51714645130018	Albert Powell Continuation	273	37
51714645130018	Albert Powell Continuation	90	30
51714645130018	Albert Powell Continuation	381	34
51714645130018	Albert Powell Continuation	134	16
51714645130018	Albert Powell Continuation	377	54
51714645130018	Albert Powell Continuation	129	20
51714645130018	Albert Powell Continuation	139	21
51714645130018	Albert Powell Continuation	471	65
51714645139001	Yuba City High	350	18
51714645139001	Yuba City High	177	14
51714645139001	Yuba City High	222	11
52000000000000	Tehama	706	99
52000000000000	Tehama	222	30
52000000000000	Tehama	439	55
52000000000000	Tehama	81	13
52000000000000	Tehama	365	39
52000000000000	Tehama	118	12
52000000000000	Tehama	228	23
52000000000000	Tehama	341	60
52000000000000	Tehama	104	18
52000000000000	Tehama	211	32
52000000000000	Tehama	491	83
52105200000000	Tehama County Office of Education	706	99
52105200000000	Tehama County Office of Education	222	30
52105200000000	Tehama County Office of Education	439	55
52105200000000	Tehama County Office of Education	81	13
52105200000000	Tehama County Office of Education	365	39
52105200000000	Tehama County Office of Education	118	12
52105200000000	Tehama County Office of Education	228	23
52105200000000	Tehama County Office of Education	341	60
52105200000000	Tehama County Office of Education	104	18
52105200000000	Tehama County Office of Education	211	32
52105200000000	Tehama County Office of Education	491	83
52105205230016	Tehama County Juvenile Justice Center	706	99
52105205230016	Tehama County Juvenile Justice Center	222	30
52105205230016	Tehama County Juvenile Justice Center	439	55
52105205230016	Tehama County Juvenile Justice Center	81	13
52105205230016	Tehama County Juvenile Justice Center	365	39
52105205230016	Tehama County Juvenile Justice Center	118	12
52105205230016	Tehama County Juvenile Justice Center	228	23
52105205230016	Tehama County Juvenile Justice Center	341	60
52105205230016	Tehama County Juvenile Justice Center	104	18
52105205230016	Tehama County Juvenile Justice Center	211	32
52105205230016	Tehama County Juvenile Justice Center	491	83
52105206069462	Tehama County Special Education	706	99
52105206069462	Tehama County Special Education	222	30
52105206069462	Tehama County Special Education	439	55
52105206069462	Tehama County Special Education	81	13
52105206069462	Tehama County Special Education	365	39
52105206069462	Tehama County Special Education	118	12
52105206069462	Tehama County Special Education	228	23
52105206069462	Tehama County Special Education	341	60
52105206069462	Tehama County Special Education	104	18
52105206069462	Tehama County Special Education	211	32
52105206069462	Tehama County Special Education	491	83
52715060000000	Corning Union High	216	24
52715060000000	Corning Union High	116	14
52715060000000	Corning Union High	102	14
52715060000000	Corning Union High	169	18
52715065231675	Centennial Continuation High	216	24
52715065231675	Centennial Continuation High	116	14
52715065231675	Centennial Continuation High	102	14
52715065231675	Centennial Continuation High	169	18
52715065231709	Corning High	205	15
52716390000000	Red Bluff Joint Union High	399	48
52716390000000	Red Bluff Joint Union High	84	12
52716390000000	Red Bluff Joint Union High	293	30
52716390000000	Red Bluff Joint Union High	199	21
52716390000000	Red Bluff Joint Union High	147	15
52716390000000	Red Bluff Joint Union High	200	27
52716390000000	Red Bluff Joint Union High	146	15
52716390000000	Red Bluff Joint Union High	252	40
52716395230065	Red Bluff Independent Study High	44	31
52716395230065	Red Bluff Independent Study High	35	20
52716395230065	Red Bluff Independent Study High	16	16
52716395230065	Red Bluff Independent Study High	12	11
52716395230065	Red Bluff Independent Study High	28	15
52716395230065	Red Bluff Independent Study High	31	25
52716395237151	Salisbury High (Continuation)	399	48
52716395237151	Salisbury High (Continuation)	84	12
52716395237151	Salisbury High (Continuation)	293	30
52716395237151	Salisbury High (Continuation)	199	21
52716395237151	Salisbury High (Continuation)	147	15
52716395237151	Salisbury High (Continuation)	200	27
52716395237151	Salisbury High (Continuation)	146	15
52716395237151	Salisbury High (Continuation)	252	40
54000000000000	Tulare	176	14
54000000000000	Tulare	5525	1030
54000000000000	Tulare	93	40
54000000000000	Tulare	3579	759
54000000000000	Tulare	50	18
54000000000000	Tulare	1466	184
54000000000000	Tulare	1061	382
54000000000000	Tulare	2845	388
54000000000000	Tulare	40	17
54000000000000	Tulare	1837	284
54000000000000	Tulare	26	11
54000000000000	Tulare	768	66
54000000000000	Tulare	2680	642
54000000000000	Tulare	53	23
54000000000000	Tulare	1742	475
54000000000000	Tulare	698	118
54000000000000	Tulare	500	117
54000000000000	Tulare	4079	943
54000000000000	Tulare	303	122
54105460000000	Tulare County Office of Education	176	14
54105460000000	Tulare County Office of Education	5525	1030
54105460000000	Tulare County Office of Education	93	40
54105460000000	Tulare County Office of Education	3579	759
54105460000000	Tulare County Office of Education	50	18
54105460000000	Tulare County Office of Education	1466	184
54105460000000	Tulare County Office of Education	1061	382
54105460000000	Tulare County Office of Education	2845	388
54105460000000	Tulare County Office of Education	40	17
54105460000000	Tulare County Office of Education	1837	284
54105460000000	Tulare County Office of Education	26	11
54105460000000	Tulare County Office of Education	768	66
54105460000000	Tulare County Office of Education	2680	642
54105460000000	Tulare County Office of Education	53	23
54105460000000	Tulare County Office of Education	1742	475
54105460000000	Tulare County Office of Education	698	118
54105460000000	Tulare County Office of Education	500	117
54105460000000	Tulare County Office of Education	4079	943
54105460000000	Tulare County Office of Education	303	122
54105460119602	University Preparatory High	176	14
54105460119602	University Preparatory High	5525	1030
54105460119602	University Preparatory High	93	40
54105460119602	University Preparatory High	3579	759
54105460119602	University Preparatory High	50	18
54105460119602	University Preparatory High	1466	184
54105460119602	University Preparatory High	1061	382
54105460119602	University Preparatory High	2845	388
54105460119602	University Preparatory High	40	17
54105460119602	University Preparatory High	1837	284
54105460119602	University Preparatory High	26	11
54105460119602	University Preparatory High	768	66
54105460119602	University Preparatory High	2680	642
54105460119602	University Preparatory High	53	23
54105460119602	University Preparatory High	1742	475
54105460119602	University Preparatory High	698	118
54105460119602	University Preparatory High	500	117
54105460119602	University Preparatory High	4079	943
54105460119602	University Preparatory High	303	122
54105465430061	Tulare County Court	176	14
54105465430061	Tulare County Court	5525	1030
54105465430061	Tulare County Court	93	40
54105465430061	Tulare County Court	3579	759
54105465430061	Tulare County Court	50	18
54105465430061	Tulare County Court	1466	184
54105465430061	Tulare County Court	1061	382
54105465430061	Tulare County Court	2845	388
54105465430061	Tulare County Court	40	17
54105465430061	Tulare County Court	1837	284
54105465430061	Tulare County Court	26	11
54105465430061	Tulare County Court	768	66
54105465430061	Tulare County Court	2680	642
54105465430061	Tulare County Court	53	23
54105465430061	Tulare County Court	1742	475
54105465430061	Tulare County Court	698	118
54105465430061	Tulare County Court	500	117
54105465430061	Tulare County Court	4079	943
54105465430061	Tulare County Court	303	122
54105465430327	La Sierra High	176	14
54105465430327	La Sierra High	5525	1030
54105465430327	La Sierra High	93	40
54105465430327	La Sierra High	3579	759
54105465430327	La Sierra High	50	18
54105465430327	La Sierra High	1466	184
54105465430327	La Sierra High	1061	382
54105465430327	La Sierra High	2845	388
54105465430327	La Sierra High	40	17
54105465430327	La Sierra High	1837	284
54105465430327	La Sierra High	26	11
54105465430327	La Sierra High	768	66
54105465430327	La Sierra High	2680	642
54105465430327	La Sierra High	53	23
54105465430327	La Sierra High	1742	475
54105465430327	La Sierra High	698	118
54105465430327	La Sierra High	500	117
54105465430327	La Sierra High	4079	943
54105465430327	La Sierra High	303	122
54105465430343	Tulare County Community	176	14
54105465430343	Tulare County Community	5525	1030
54105465430343	Tulare County Community	93	40
54105465430343	Tulare County Community	3579	759
54105465430343	Tulare County Community	50	18
54105465430343	Tulare County Community	1466	184
54105465430343	Tulare County Community	1061	382
54105465430343	Tulare County Community	2845	388
54105465430343	Tulare County Community	40	17
54105465430343	Tulare County Community	1837	284
54105465430343	Tulare County Community	26	11
54105465430343	Tulare County Community	768	66
54105465430343	Tulare County Community	2680	642
54105465430343	Tulare County Community	53	23
54105465430343	Tulare County Community	1742	475
54105465430343	Tulare County Community	698	118
54105465430343	Tulare County Community	500	117
54105465430343	Tulare County Community	4079	943
54105465430343	Tulare County Community	303	122
54105466069439	Special Education	176	14
54105466069439	Special Education	5525	1030
54105466069439	Special Education	93	40
54105466069439	Special Education	3579	759
54105466069439	Special Education	50	18
54105466069439	Special Education	1466	184
54105466069439	Special Education	1061	382
54105466069439	Special Education	2845	388
54105466069439	Special Education	40	17
54105466069439	Special Education	1837	284
54105466069439	Special Education	26	11
54105466069439	Special Education	768	66
54105466069439	Special Education	2680	642
54105466069439	Special Education	53	23
54105466069439	Special Education	1742	475
54105466069439	Special Education	698	118
54105466069439	Special Education	500	117
54105466069439	Special Education	4079	943
54105466069439	Special Education	303	122
54105466119291	Eleanor Roosevelt Community Learning Center	176	14
54105466119291	Eleanor Roosevelt Community Learning Center	5525	1030
54105466119291	Eleanor Roosevelt Community Learning Center	93	40
54105466119291	Eleanor Roosevelt Community Learning Center	3579	759
54105466119291	Eleanor Roosevelt Community Learning Center	50	18
54105466119291	Eleanor Roosevelt Community Learning Center	1466	184
54105466119291	Eleanor Roosevelt Community Learning Center	1061	382
54105466119291	Eleanor Roosevelt Community Learning Center	2845	388
54105466119291	Eleanor Roosevelt Community Learning Center	40	17
54105466119291	Eleanor Roosevelt Community Learning Center	1837	284
54105466119291	Eleanor Roosevelt Community Learning Center	26	11
54105466119291	Eleanor Roosevelt Community Learning Center	768	66
54105466119291	Eleanor Roosevelt Community Learning Center	2680	642
54105466119291	Eleanor Roosevelt Community Learning Center	53	23
54105466119291	Eleanor Roosevelt Community Learning Center	1742	475
54105466119291	Eleanor Roosevelt Community Learning Center	698	118
54105466119291	Eleanor Roosevelt Community Learning Center	500	117
54105466119291	Eleanor Roosevelt Community Learning Center	4079	943
54105466119291	Eleanor Roosevelt Community Learning Center	303	122
54718370000000	Burton Elementary	50	15
54718370000000	Burton Elementary	38	14
54718370122705	Burton Pathways Charter Academy	15	14
54718370122705	Burton Pathways Charter Academy	15	14
54718600000000	Cutler-Orosi Joint Unified	210	36
54718600000000	Cutler-Orosi Joint Unified	186	29
54718600000000	Cutler-Orosi Joint Unified	82	27
54718600000000	Cutler-Orosi Joint Unified	110	13
54718600000000	Cutler-Orosi Joint Unified	100	23
54718600000000	Cutler-Orosi Joint Unified	92	19
54718600000000	Cutler-Orosi Joint Unified	210	35
54718605430244	Cutler-Orosi Community Day	210	36
54718605430244	Cutler-Orosi Community Day	186	29
54718605430244	Cutler-Orosi Community Day	82	27
54718605430244	Cutler-Orosi Community Day	110	13
54718605430244	Cutler-Orosi Community Day	100	23
54718605430244	Cutler-Orosi Community Day	92	19
54718605430244	Cutler-Orosi Community Day	210	35
54718605430806	Lovell High	210	36
54718605430806	Lovell High	186	29
54718605430806	Lovell High	82	27
54718605430806	Lovell High	110	13
54718605430806	Lovell High	100	23
54718605430806	Lovell High	92	19
54718605430806	Lovell High	210	35
54719280000000	Exeter Union High	227	40
54719280000000	Exeter Union High	87	23
54719280000000	Exeter Union High	133	16
54719280000000	Exeter Union High	113	13
54719280000000	Exeter Union High	114	27
54719280000000	Exeter Union High	39	16
54719280000000	Exeter Union High	73	11
54719280000000	Exeter Union High	124	29
54719930000000	Lindsay Unified	223	60
54719930000000	Lindsay Unified	208	51
54719930000000	Lindsay Unified	100	42
54719930000000	Lindsay Unified	117	23
54719930000000	Lindsay Unified	109	18
54719930000000	Lindsay Unified	106	37
54719930000000	Lindsay Unified	99	33
54719930000000	Lindsay Unified	86	27
54719930000000	Lindsay Unified	223	59
54719935430194	John J. Cairns Continuation	223	60
54719935430194	John J. Cairns Continuation	208	51
54719935430194	John J. Cairns Continuation	100	42
54719935430194	John J. Cairns Continuation	117	23
54719935430194	John J. Cairns Continuation	109	18
54719935430194	John J. Cairns Continuation	106	37
54719935430194	John J. Cairns Continuation	99	33
54719935430194	John J. Cairns Continuation	86	27
54719935430194	John J. Cairns Continuation	223	59
54719935432414	Lindsay Senior High	198	41
54719935432414	Lindsay Senior High	185	35
54719935432414	Lindsay Senior High	86	29
54719935432414	Lindsay Senior High	106	17
54719935432414	Lindsay Senior High	99	13
54719935432414	Lindsay Senior High	92	24
54719935432414	Lindsay Senior High	86	22
54719935432414	Lindsay Senior High	76	20
54719935432414	Lindsay Senior High	198	40
54721400123273	Crescent Valley Public Charter	17	63
54721400123273	Crescent Valley Public Charter	14	61
54721400123273	Crescent Valley Public Charter	17	63
54721400123273	Crescent Valley Public Charter	14	61
54722490000000	Tulare Joint Union High	991	185
54722490000000	Tulare Joint Union High	37	11
54722490000000	Tulare Joint Union High	653	137
54722490000000	Tulare Joint Union High	257	33
54722490000000	Tulare Joint Union High	173	57
54722490000000	Tulare Joint Union High	534	77
54722490000000	Tulare Joint Union High	355	59
54722490000000	Tulare Joint Union High	141	12
54722490000000	Tulare Joint Union High	457	108
54722490000000	Tulare Joint Union High	298	78
54722490000000	Tulare Joint Union High	116	21
54722490000000	Tulare Joint Union High	105	22
54722490000000	Tulare Joint Union High	738	170
54722490000000	Tulare Joint Union High	69	17
54722490116368	Mission Oak High	269	18
54722490116368	Mission Oak High	175	16
54722490116368	Mission Oak High	73	11
54722490116368	Mission Oak High	126	11
54722490116368	Mission Oak High	189	14
54722495430145	Tulare Technical Preparatory High	26	44
54722495430145	Tulare Technical Preparatory High	14	31
54722495430145	Tulare Technical Preparatory High	16	31
54722495430145	Tulare Technical Preparatory High	25	44
54722495430186	Sierra Vista High	36	50
54722495430186	Sierra Vista High	21	38
54722495430186	Sierra Vista High	28	24
54722495430186	Sierra Vista High	16	19
54722495430186	Sierra Vista High	34	44
54722495435409	Tulare Union High	318	53
54722495435409	Tulare Union High	202	37
54722495435409	Tulare Union High	89	14
54722495435409	Tulare Union High	35	14
54722495435409	Tulare Union High	189	24
54722495435409	Tulare Union High	126	18
54722495435409	Tulare Union High	129	29
54722495435409	Tulare Union High	76	19
54722495435409	Tulare Union High	237	50
54722495435466	Tulare Western High	338	17
54722495435466	Tulare Western High	239	14
54722495435466	Tulare Western High	249	15
54722560000000	Visalia Unified	1758	189
54722560000000	Visalia Unified	918	134
54722560000000	Visalia Unified	642	34
54722560000000	Visalia Unified	150	54
54722560000000	Visalia Unified	895	75
54722560000000	Visalia Unified	461	55
54722560000000	Visalia Unified	329	11
54722560000000	Visalia Unified	863	114
54722560000000	Visalia Unified	457	79
54722560000000	Visalia Unified	313	23
54722560000000	Visalia Unified	65	17
54722560000000	Visalia Unified	1018	162
54722560000000	Visalia Unified	129	30
54722560109751	Visalia Charter Independent Study	1758	189
54722560109751	Visalia Charter Independent Study	918	134
54722560109751	Visalia Charter Independent Study	642	34
54722560109751	Visalia Charter Independent Study	150	54
54722560109751	Visalia Charter Independent Study	895	75
54722560109751	Visalia Charter Independent Study	461	55
54722560109751	Visalia Charter Independent Study	329	11
54722560109751	Visalia Charter Independent Study	863	114
54722560109751	Visalia Charter Independent Study	457	79
54722560109751	Visalia Charter Independent Study	313	23
54722560109751	Visalia Charter Independent Study	65	17
54722560109751	Visalia Charter Independent Study	1018	162
54722560109751	Visalia Charter Independent Study	129	30
54722565430269	Charter Alternatives Academy	1758	189
54722565430269	Charter Alternatives Academy	918	134
54722565430269	Charter Alternatives Academy	642	34
54722565430269	Charter Alternatives Academy	150	54
54722565430269	Charter Alternatives Academy	895	75
54722565430269	Charter Alternatives Academy	461	55
54722565430269	Charter Alternatives Academy	329	11
54722565430269	Charter Alternatives Academy	863	114
54722565430269	Charter Alternatives Academy	457	79
54722565430269	Charter Alternatives Academy	313	23
54722565430269	Charter Alternatives Academy	65	17
54722565430269	Charter Alternatives Academy	1018	162
54722565430269	Charter Alternatives Academy	129	30
54722565430368	El Diamante High	426	13
54722565432828	Mt. Whitney High	300	19
54722565432828	Mt. Whitney High	170	15
54722565434527	Redwood High	389	24
54722565434527	Redwood High	203	16
54722565434527	Redwood High	37	11
54722565434527	Redwood High	205	12
54722565434527	Redwood High	184	12
54722565434527	Redwood High	211	18
54722565435839	Sequoia High	1758	189
54722565435839	Sequoia High	918	134
54722565435839	Sequoia High	642	34
54722565435839	Sequoia High	150	54
54722565435839	Sequoia High	895	75
54722565435839	Sequoia High	461	55
54722565435839	Sequoia High	329	11
54722565435839	Sequoia High	863	114
54722565435839	Sequoia High	457	79
54722565435839	Sequoia High	313	23
54722565435839	Sequoia High	65	17
54722565435839	Sequoia High	1018	162
54722565435839	Sequoia High	129	30
54722800000000	Woodlake Union High	146	20
54722800000000	Woodlake Union High	68	11
54722800000000	Woodlake Union High	146	20
54722805436282	Woodlake High	142	13
54722805436282	Woodlake High	142	13
54753250000000	Farmersville Unified	151	18
54753250000000	Farmersville Unified	140	17
54753250000000	Farmersville Unified	32	12
54753250000000	Farmersville Unified	69	11
54753250000000	Farmersville Unified	151	18
54753255430277	Deep Creek Academy	151	18
54753255430277	Deep Creek Academy	140	17
54753255430277	Deep Creek Academy	32	12
54753255430277	Deep Creek Academy	69	11
54753255430277	Deep Creek Academy	151	18
54755230000000	Porterville Unified	1196	243
54755230000000	Porterville Unified	804	189
54755230000000	Porterville Unified	301	39
54755230000000	Porterville Unified	323	111
54755230000000	Porterville Unified	602	97
54755230000000	Porterville Unified	385	77
54755230000000	Porterville Unified	176	13
54755230000000	Porterville Unified	594	146
54755230000000	Porterville Unified	419	112
54755230000000	Porterville Unified	125	26
54755230000000	Porterville Unified	141	35
54755230000000	Porterville Unified	893	220
54755230000000	Porterville Unified	43	20
54755230114348	Butterfield Charter High	65	39
54755230114348	Butterfield Charter High	31	28
54755230114348	Butterfield Charter High	12	12
54755230114348	Butterfield Charter High	37	12
54755230114348	Butterfield Charter High	28	27
54755230114348	Butterfield Charter High	16	20
54755230114348	Butterfield Charter High	54	35
54755235430228	Vine Street Community Day	1196	243
54755235430228	Vine Street Community Day	804	189
54755235430228	Vine Street Community Day	301	39
54755235430228	Vine Street Community Day	323	111
54755235430228	Vine Street Community Day	602	97
54755235430228	Vine Street Community Day	385	77
54755235430228	Vine Street Community Day	176	13
54755235430228	Vine Street Community Day	594	146
54755235430228	Vine Street Community Day	419	112
54755235430228	Vine Street Community Day	125	26
54755235430228	Vine Street Community Day	141	35
54755235430228	Vine Street Community Day	893	220
54755235430228	Vine Street Community Day	43	20
54755235430251	Granite Hills High	234	28
54755235430251	Granite Hills High	189	22
54755235430251	Granite Hills High	51	17
54755235430251	Granite Hills High	107	19
54755235430251	Granite Hills High	84	16
54755235430251	Granite Hills High	217	27
54755235430624	Citrus High	1196	243
54755235430624	Citrus High	804	189
54755235430624	Citrus High	301	39
54755235430624	Citrus High	323	111
54755235430624	Citrus High	602	97
54755235430624	Citrus High	385	77
54755235430624	Citrus High	176	13
54755235430624	Citrus High	594	146
54755235430624	Citrus High	419	112
54755235430624	Citrus High	125	26
54755235430624	Citrus High	141	35
54755235430624	Citrus High	893	220
54755235430624	Citrus High	43	20
54755235432786	Monache High	387	25
54755235432786	Monache High	250	18
54755235432786	Monache High	125	11
54755235432786	Monache High	203	15
54755235432786	Monache High	251	20
54755235434113	Porterville High	302	46
54755235434113	Porterville High	191	39
54755235434113	Porterville High	65	24
54755235434113	Porterville High	165	18
54755235434113	Porterville High	100	15
54755235434113	Porterville High	137	28
54755235434113	Porterville High	91	24
54755235434113	Porterville High	213	43
54755235434931	Strathmore High	51	16
54755235434931	Strathmore High	40	14
54755235434931	Strathmore High	30	12
54755235434931	Strathmore High	22	12
54755235434931	Strathmore High	41	14
54755310000000	Dinuba Unified	483	18
54755310000000	Dinuba Unified	435	15
54755310000000	Dinuba Unified	241	14
54755310000000	Dinuba Unified	213	11
54755310000000	Dinuba Unified	483	17
54755315431119	Sierra Vista High (Continuation)	483	18
54755315431119	Sierra Vista High (Continuation)	435	15
54755315431119	Sierra Vista High (Continuation)	241	14
54755315431119	Sierra Vista High (Continuation)	213	11
54755315431119	Sierra Vista High (Continuation)	483	17
55000000000000	Tuolumne	503	66
55000000000000	Tuolumne	429	50
55000000000000	Tuolumne	265	29
55000000000000	Tuolumne	224	22
55000000000000	Tuolumne	238	37
55000000000000	Tuolumne	205	28
55000000000000	Tuolumne	190	40
55105530000000	Tuolumne County Superintendent of Schools	503	66
55105530000000	Tuolumne County Superintendent of Schools	429	50
55105530000000	Tuolumne County Superintendent of Schools	265	29
55105530000000	Tuolumne County Superintendent of Schools	224	22
55105530000000	Tuolumne County Superintendent of Schools	238	37
55105530000000	Tuolumne County Superintendent of Schools	205	28
55105530000000	Tuolumne County Superintendent of Schools	190	40
55105535530035	Tuolumne County Cal-SAFE Program	503	66
55105535530035	Tuolumne County Cal-SAFE Program	429	50
55105535530035	Tuolumne County Cal-SAFE Program	265	29
55105535530035	Tuolumne County Cal-SAFE Program	224	22
55105535530035	Tuolumne County Cal-SAFE Program	238	37
55105535530035	Tuolumne County Cal-SAFE Program	205	28
55105535530035	Tuolumne County Cal-SAFE Program	190	40
55105535530118	Tuolumne County Community/ISP	503	66
55105535530118	Tuolumne County Community/ISP	429	50
55105535530118	Tuolumne County Community/ISP	265	29
55105535530118	Tuolumne County Community/ISP	224	22
55105535530118	Tuolumne County Community/ISP	238	37
55105535530118	Tuolumne County Community/ISP	205	28
55105535530118	Tuolumne County Community/ISP	190	40
55105535530142	Tuolumne County Special Education	503	66
55105535530142	Tuolumne County Special Education	429	50
55105535530142	Tuolumne County Special Education	265	29
55105535530142	Tuolumne County Special Education	224	22
55105535530142	Tuolumne County Special Education	238	37
55105535530142	Tuolumne County Special Education	205	28
55105535530142	Tuolumne County Special Education	190	40
55723890000000	Sonora Union High	289	16
55723890000000	Sonora Union High	240	13
55723895530019	Dario Cassina High	289	16
55723895530019	Dario Cassina High	240	13
55724130000000	Summerville Union High	143	12
55724130112276	Gold Rush Charter	35	14
55724130112276	Gold Rush Charter	30	11
55724130112276	Gold Rush Charter	35	14
55724130112276	Gold Rush Charter	30	11
55724135530050	Long Barn High	143	12
56000000000000	Ventura	432	30
56000000000000	Ventura	9223	1195
56000000000000	Ventura	202	42
56000000000000	Ventura	3997	819
56000000000000	Ventura	4176	275
56000000000000	Ventura	1235	439
56000000000000	Ventura	212	15
56000000000000	Ventura	4719	465
56000000000000	Ventura	112	12
56000000000000	Ventura	2133	317
56000000000000	Ventura	2040	108
56000000000000	Ventura	220	15
56000000000000	Ventura	4504	730
56000000000000	Ventura	90	30
56000000000000	Ventura	1864	502
56000000000000	Ventura	2136	167
56000000000000	Ventura	486	121
56000000000000	Ventura	4061	919
56000000000000	Ventura	804	186
56105610000000	Ventura County Office of Education	432	30
56105610000000	Ventura County Office of Education	9223	1195
56105610000000	Ventura County Office of Education	202	42
56105610000000	Ventura County Office of Education	3997	819
56105610000000	Ventura County Office of Education	4176	275
56105610000000	Ventura County Office of Education	1235	439
56105610000000	Ventura County Office of Education	212	15
56105610000000	Ventura County Office of Education	4719	465
56105610000000	Ventura County Office of Education	112	12
56105610000000	Ventura County Office of Education	2133	317
56105610000000	Ventura County Office of Education	2040	108
56105610000000	Ventura County Office of Education	220	15
56105610000000	Ventura County Office of Education	4504	730
56105610000000	Ventura County Office of Education	90	30
56105610000000	Ventura County Office of Education	1864	502
56105610000000	Ventura County Office of Education	2136	167
56105610000000	Ventura County Office of Education	486	121
56105610000000	Ventura County Office of Education	4061	919
56105610000000	Ventura County Office of Education	804	186
56105610109900	Vista Real Charter High	49	274
56105610109900	Vista Real Charter High	36	209
56105610109900	Vista Real Charter High	13	50
56105610109900	Vista Real Charter High	36	129
56105610109900	Vista Real Charter High	28	101
56105610109900	Vista Real Charter High	13	145
56105610109900	Vista Real Charter High	34	242
56105610109900	Vista Real Charter High	49	274
56105610109900	Vista Real Charter High	36	209
56105610109900	Vista Real Charter High	13	50
56105610109900	Vista Real Charter High	36	129
56105610109900	Vista Real Charter High	28	101
56105610109900	Vista Real Charter High	13	145
56105610109900	Vista Real Charter High	34	242
56105615630223	Providence	432	30
56105615630223	Providence	9223	1195
56105615630223	Providence	202	42
56105615630223	Providence	3997	819
56105615630223	Providence	4176	275
56105615630223	Providence	1235	439
56105615630223	Providence	212	15
56105615630223	Providence	4719	465
56105615630223	Providence	112	12
56105615630223	Providence	2133	317
56105615630223	Providence	2040	108
56105615630223	Providence	220	15
56105615630223	Providence	4504	730
56105615630223	Providence	90	30
56105615630223	Providence	1864	502
56105615630223	Providence	2136	167
56105615630223	Providence	486	121
56105615630223	Providence	4061	919
56105615630223	Providence	804	186
56105615630397	Gateway Community	432	30
56105615630397	Gateway Community	9223	1195
56105615630397	Gateway Community	202	42
56105615630397	Gateway Community	3997	819
56105615630397	Gateway Community	4176	275
56105615630397	Gateway Community	1235	439
56105615630397	Gateway Community	212	15
56105615630397	Gateway Community	4719	465
56105615630397	Gateway Community	112	12
56105615630397	Gateway Community	2133	317
56105615630397	Gateway Community	2040	108
56105615630397	Gateway Community	220	15
56105615630397	Gateway Community	4504	730
56105615630397	Gateway Community	90	30
56105615630397	Gateway Community	1864	502
56105615630397	Gateway Community	2136	167
56105615630397	Gateway Community	486	121
56105615630397	Gateway Community	4061	919
56105615630397	Gateway Community	804	186
56105616069231	Ventura County Special Education	432	30
56105616069231	Ventura County Special Education	9223	1195
56105616069231	Ventura County Special Education	202	42
56105616069231	Ventura County Special Education	3997	819
56105616069231	Ventura County Special Education	4176	275
56105616069231	Ventura County Special Education	1235	439
56105616069231	Ventura County Special Education	212	15
56105616069231	Ventura County Special Education	4719	465
56105616069231	Ventura County Special Education	112	12
56105616069231	Ventura County Special Education	2133	317
56105616069231	Ventura County Special Education	2040	108
56105616069231	Ventura County Special Education	220	15
56105616069231	Ventura County Special Education	4504	730
56105616069231	Ventura County Special Education	90	30
56105616069231	Ventura County Special Education	1864	502
56105616069231	Ventura County Special Education	2136	167
56105616069231	Ventura County Special Education	486	121
56105616069231	Ventura County Special Education	4061	919
56105616069231	Ventura County Special Education	804	186
56724540000000	Fillmore Unified	239	20
56724540000000	Fillmore Unified	204	17
56724540000000	Fillmore Unified	73	11
56724540000000	Fillmore Unified	122	12
56724540000000	Fillmore Unified	201	19
56724545630173	Sierra High	239	20
56724545630173	Sierra High	204	17
56724545630173	Sierra High	73	11
56724545630173	Sierra High	122	12
56724545630173	Sierra High	201	19
56725200000000	Ojai Unified	207	16
56725200000000	Ojai Unified	100	12
56725205631817	Chaparral High	207	16
56725205631817	Chaparral High	100	12
56725205634076	Nordhoff High	187	11
56725460000000	Oxnard Union High	3128	415
56725460000000	Oxnard Union High	100	14
56725460000000	Oxnard Union High	2186	331
56725460000000	Oxnard Union High	552	51
56725460000000	Oxnard Union High	734	206
56725460000000	Oxnard Union High	1662	152
56725460000000	Oxnard Union High	1174	118
56725460000000	Oxnard Union High	280	21
56725460000000	Oxnard Union High	1466	263
56725460000000	Oxnard Union High	1012	213
56725460000000	Oxnard Union High	272	30
56725460000000	Oxnard Union High	330	61
56725460000000	Oxnard Union High	2099	328
56725460000000	Oxnard Union High	239	59
56725465630066	Frontier High	3128	415
56725465630066	Frontier High	100	14
56725465630066	Frontier High	2186	331
56725465630066	Frontier High	552	51
56725465630066	Frontier High	734	206
56725465630066	Frontier High	1662	152
56725465630066	Frontier High	1174	118
56725465630066	Frontier High	280	21
56725465630066	Frontier High	1466	263
56725465630066	Frontier High	1012	213
56725465630066	Frontier High	272	30
56725465630066	Frontier High	330	61
56725465630066	Frontier High	2099	328
56725465630066	Frontier High	239	59
56725465630389	Pacifica High	606	59
56725465630389	Pacifica High	515	55
56725465630389	Pacifica High	170	35
56725465630389	Pacifica High	321	14
56725465630389	Pacifica High	271	13
56725465630389	Pacifica High	285	45
56725465630389	Pacifica High	244	42
56725465630389	Pacifica High	487	42
56725465631619	Adolfo Camarillo High	529	33
56725465631619	Adolfo Camarillo High	176	13
56725465631619	Adolfo Camarillo High	260	15
56725465631619	Adolfo Camarillo High	286	12
56725465631619	Adolfo Camarillo High	243	21
56725465631619	Adolfo Camarillo High	169	17
56725465631742	Channel Islands High	495	75
56725465631742	Channel Islands High	407	69
56725465631742	Channel Islands High	180	54
56725465631742	Channel Islands High	274	22
56725465631742	Channel Islands High	228	20
56725465631742	Channel Islands High	221	53
56725465631742	Channel Islands High	179	49
56725465631742	Channel Islands High	63	13
56725465631742	Channel Islands High	418	66
56725465632849	Hueneme High	407	60
56725465632849	Hueneme High	356	44
56725465632849	Hueneme High	150	35
56725465632849	Hueneme High	221	25
56725465632849	Hueneme High	197	16
56725465632849	Hueneme High	186	35
56725465632849	Hueneme High	159	28
56725465632849	Hueneme High	364	48
56725465634548	Oxnard High	594	55
56725465634548	Oxnard High	430	46
56725465634548	Oxnard High	82	18
56725465634548	Oxnard High	326	22
56725465634548	Oxnard High	242	20
56725465634548	Oxnard High	268	33
56725465634548	Oxnard High	188	26
56725465634548	Oxnard High	390	46
56725465634761	Rio Mesa High	410	64
56725465634761	Rio Mesa High	231	51
56725465634761	Rio Mesa High	74	37
56725465634761	Rio Mesa High	202	29
56725465634761	Rio Mesa High	117	23
56725465634761	Rio Mesa High	208	35
56725465634761	Rio Mesa High	114	28
56725465634761	Rio Mesa High	54	19
56725465634761	Rio Mesa High	198	48
56725950000000	Santa Paula Union High	306	23
56725950000000	Santa Paula Union High	289	21
56725950000000	Santa Paula Union High	140	15
56725950000000	Santa Paula Union High	132	14
56725950000000	Santa Paula Union High	273	19
56725955635776	Santa Paula High	279	17
56725955635776	Santa Paula High	264	16
56725955635776	Santa Paula High	127	11
56725955635776	Santa Paula High	119	11
56725955635776	Santa Paula High	247	13
56726030000000	Simi Valley Unified	96	12
56726030000000	Simi Valley Unified	1315	125
56726030000000	Simi Valley Unified	248	43
56726030000000	Simi Valley Unified	897	66
56726030000000	Simi Valley Unified	36	22
56726030000000	Simi Valley Unified	695	49
56726030000000	Simi Valley Unified	144	20
56726030000000	Simi Valley Unified	457	24
56726030000000	Simi Valley Unified	620	76
56726030000000	Simi Valley Unified	104	23
56726030000000	Simi Valley Unified	440	42
56726030000000	Simi Valley Unified	326	61
56726030000000	Simi Valley Unified	129	27
56726035630249	Monte Vista	24	13
56726035630322	Santa Susana High	194	12
56726035634993	Apollo High	96	12
56726035634993	Apollo High	1315	125
56726035634993	Apollo High	248	43
56726035634993	Apollo High	897	66
56726035634993	Apollo High	36	22
56726035634993	Apollo High	695	49
56726035634993	Apollo High	144	20
56726035634993	Apollo High	457	24
56726035634993	Apollo High	620	76
56726035634993	Apollo High	104	23
56726035634993	Apollo High	440	42
56726035634993	Apollo High	326	61
56726035634993	Apollo High	129	27
56726035635008	Royal High	495	33
56726035635008	Royal High	94	14
56726035635008	Royal High	354	15
56726035635008	Royal High	256	12
56726035635008	Royal High	239	21
56726035635008	Royal High	171	11
56726035635008	Royal High	128	16
56726035636188	Simi Valley High	569	45
56726035636188	Simi Valley High	114	14
56726035636188	Simi Valley High	366	23
56726035636188	Simi Valley High	301	17
56726035636188	Simi Valley High	268	28
56726035636188	Simi Valley High	186	13
56726035636188	Simi Valley High	127	20
56726520000000	Ventura Unified	1146	139
56726520000000	Ventura Unified	410	86
56726520000000	Ventura Unified	645	43
56726520000000	Ventura Unified	88	39
56726520000000	Ventura Unified	556	57
56726520000000	Ventura Unified	201	34
56726520000000	Ventura Unified	304	18
56726520000000	Ventura Unified	590	82
56726520000000	Ventura Unified	209	52
56726520000000	Ventura Unified	341	25
56726520000000	Ventura Unified	448	110
56726520000000	Ventura Unified	81	23
56726525630272	Pacific High	1146	139
56726525630272	Pacific High	410	86
56726525630272	Pacific High	645	43
56726525630272	Pacific High	88	39
56726525630272	Pacific High	556	57
56726525630272	Pacific High	201	34
56726525630272	Pacific High	304	18
56726525630272	Pacific High	590	82
56726525630272	Pacific High	209	52
56726525630272	Pacific High	341	25
56726525630272	Pacific High	448	110
56726525630272	Pacific High	81	23
56726525630793	Buena High	460	46
56726525630793	Buena High	188	27
56726525630793	Buena High	235	14
56726525630793	Buena High	211	17
56726525630793	Buena High	89	12
56726525630793	Buena High	249	29
56726525630793	Buena High	99	15
56726525630793	Buena High	133	11
56726525630793	Buena High	186	31
56726525637822	Ventura High	368	53
56726525637822	Ventura High	149	40
56726525637822	Ventura High	193	13
56726525637822	Ventura High	43	24
56726525637822	Ventura High	172	21
56726525637822	Ventura High	74	12
56726525637822	Ventura High	196	32
56726525637822	Ventura High	75	28
56726525637822	Ventura High	157	43
56737590000000	Conejo Valley Unified	1765	42
56737590000000	Conejo Valley Unified	312	19
56737590000000	Conejo Valley Unified	1197	18
56737590000000	Conejo Valley Unified	80	14
56737590000000	Conejo Valley Unified	860	16
56737590000000	Conejo Valley Unified	905	26
56737590000000	Conejo Valley Unified	615	13
56737590000000	Conejo Valley Unified	337	25
56737595630108	Conejo Valley High (Continuation)	1765	42
56737595630108	Conejo Valley High (Continuation)	312	19
56737595630108	Conejo Valley High (Continuation)	1197	18
56737595630108	Conejo Valley High (Continuation)	80	14
56737595630108	Conejo Valley High (Continuation)	860	16
56737595630108	Conejo Valley High (Continuation)	905	26
56737595630108	Conejo Valley High (Continuation)	615	13
56737595630108	Conejo Valley High (Continuation)	337	25
56737595630116	Westlake High	571	14
56739400000000	Moorpark Unified	593	36
56739400000000	Moorpark Unified	176	25
56739400000000	Moorpark Unified	49	17
56739400000000	Moorpark Unified	274	26
56739400000000	Moorpark Unified	67	19
56739400000000	Moorpark Unified	169	23
56739405630215	Community High	593	36
56739405630215	Community High	176	25
56739405630215	Community High	49	17
56739405630215	Community High	274	26
56739405630215	Community High	67	19
56739405630215	Community High	169	23
56739405633250	Moorpark High	501	14
57000000000000	Yolo	204	14
57000000000000	Yolo	1970	238
57000000000000	Yolo	44	13
57000000000000	Yolo	741	141
57000000000000	Yolo	894	63
57000000000000	Yolo	258	87
57000000000000	Yolo	979	74
57000000000000	Yolo	381	45
57000000000000	Yolo	438	15
57000000000000	Yolo	991	164
57000000000000	Yolo	360	96
57000000000000	Yolo	456	48
57000000000000	Yolo	985	203
57000000000000	Yolo	120	40
57105790000000	Yolo County Office of Education	204	14
57105790000000	Yolo County Office of Education	1970	238
57105790000000	Yolo County Office of Education	44	13
57105790000000	Yolo County Office of Education	741	141
57105790000000	Yolo County Office of Education	894	63
57105790000000	Yolo County Office of Education	258	87
57105790000000	Yolo County Office of Education	979	74
57105790000000	Yolo County Office of Education	381	45
57105790000000	Yolo County Office of Education	438	15
57105790000000	Yolo County Office of Education	991	164
57105790000000	Yolo County Office of Education	360	96
57105790000000	Yolo County Office of Education	456	48
57105790000000	Yolo County Office of Education	985	203
57105790000000	Yolo County Office of Education	120	40
57105790113787	Einstein Education Center	204	14
57105790113787	Einstein Education Center	1970	238
57105790113787	Einstein Education Center	44	13
57105790113787	Einstein Education Center	741	141
57105790113787	Einstein Education Center	894	63
57105790113787	Einstein Education Center	258	87
57105790113787	Einstein Education Center	979	74
57105790113787	Einstein Education Center	381	45
57105790113787	Einstein Education Center	438	15
57105790113787	Einstein Education Center	991	164
57105790113787	Einstein Education Center	360	96
57105790113787	Einstein Education Center	456	48
57105790113787	Einstein Education Center	985	203
57105790113787	Einstein Education Center	120	40
57105795730106	Dan Jacobs	204	14
57105795730106	Dan Jacobs	1970	238
57105795730106	Dan Jacobs	44	13
57105795730106	Dan Jacobs	741	141
57105795730106	Dan Jacobs	894	63
57105795730106	Dan Jacobs	258	87
57105795730106	Dan Jacobs	979	74
57105795730106	Dan Jacobs	381	45
57105795730106	Dan Jacobs	438	15
57105795730106	Dan Jacobs	991	164
57105795730106	Dan Jacobs	360	96
57105795730106	Dan Jacobs	456	48
57105795730106	Dan Jacobs	985	203
57105795730106	Dan Jacobs	120	40
57105795730148	Midtown Community	204	14
57105795730148	Midtown Community	1970	238
57105795730148	Midtown Community	44	13
57105795730148	Midtown Community	741	141
57105795730148	Midtown Community	894	63
57105795730148	Midtown Community	258	87
57105795730148	Midtown Community	979	74
57105795730148	Midtown Community	381	45
57105795730148	Midtown Community	438	15
57105795730148	Midtown Community	991	164
57105795730148	Midtown Community	360	96
57105795730148	Midtown Community	456	48
57105795730148	Midtown Community	985	203
57105795730148	Midtown Community	120	40
57105796077275	Yolo County Special Education	204	14
57105796077275	Yolo County Special Education	1970	238
57105796077275	Yolo County Special Education	44	13
57105796077275	Yolo County Special Education	741	141
57105796077275	Yolo County Special Education	894	63
57105796077275	Yolo County Special Education	258	87
57105796077275	Yolo County Special Education	979	74
57105796077275	Yolo County Special Education	381	45
57105796077275	Yolo County Special Education	438	15
57105796077275	Yolo County Special Education	991	164
57105796077275	Yolo County Special Education	360	96
57105796077275	Yolo County Special Education	456	48
57105796077275	Yolo County Special Education	985	203
57105796077275	Yolo County Special Education	120	40
57726780000000	Davis Joint Unified	663	17
57726780000000	Davis Joint Unified	133	12
57726785732219	King (Martin Luther) High (Continuation)	663	17
57726785732219	King (Martin Luther) High (Continuation)	133	12
57726860000000	Esparto Unified	85	12
57726865730056	Madison Community High	85	12
57726940000000	Washington Unified	435	54
57726940000000	Washington Unified	170	20
57726940000000	Washington Unified	173	16
57726940000000	Washington Unified	71	12
57726940000000	Washington Unified	223	22
57726940000000	Washington Unified	212	32
57726940000000	Washington Unified	89	11
57726940000000	Washington Unified	310	46
57726945735154	River City High	379	20
57726945735154	River City High	181	12
57726945735154	River City High	266	16
57726945739552	Yolo High	435	54
57726945739552	Yolo High	170	20
57726945739552	Yolo High	173	16
57726945739552	Yolo High	71	12
57726945739552	Yolo High	223	22
57726945739552	Yolo High	212	32
57726945739552	Yolo High	89	11
57726945739552	Yolo High	310	46
57727100000000	Woodland Joint Unified	651	62
57727100000000	Woodland Joint Unified	359	40
57727100000000	Woodland Joint Unified	225	17
57727100000000	Woodland Joint Unified	112	33
57727100000000	Woodland Joint Unified	327	24
57727100000000	Woodland Joint Unified	188	17
57727100000000	Woodland Joint Unified	324	38
57727100000000	Woodland Joint Unified	171	23
57727100000000	Woodland Joint Unified	117	14
57727100000000	Woodland Joint Unified	404	55
57727100101162	Pioneer High	303	23
57727100101162	Pioneer High	156	16
57727100101162	Pioneer High	48	13
57727100101162	Pioneer High	152	14
57727100101162	Pioneer High	194	20
57727105738802	Woodland Senior High	303	12
57727105738802	Woodland Senior High	171	11
57727105738810	Cache Creek High (Continuation)	651	62
57727105738810	Cache Creek High (Continuation)	359	40
57727105738810	Cache Creek High (Continuation)	225	17
57727105738810	Cache Creek High (Continuation)	112	33
57727105738810	Cache Creek High (Continuation)	327	24
57727105738810	Cache Creek High (Continuation)	188	17
57727105738810	Cache Creek High (Continuation)	324	38
57727105738810	Cache Creek High (Continuation)	171	23
57727105738810	Cache Creek High (Continuation)	117	14
57727105738810	Cache Creek High (Continuation)	404	55
58000000000000	Yuba	776	184
58000000000000	Yuba	217	64
58000000000000	Yuba	342	90
58000000000000	Yuba	98	33
58000000000000	Yuba	405	60
58000000000000	Yuba	119	22
58000000000000	Yuba	184	28
58000000000000	Yuba	371	124
58000000000000	Yuba	98	42
58000000000000	Yuba	158	62
58000000000000	Yuba	41	11
58000000000000	Yuba	527	168
58000000000000	Yuba	77	52
58105870000000	Yuba County Office of Education	776	184
58105870000000	Yuba County Office of Education	217	64
58105870000000	Yuba County Office of Education	342	90
58105870000000	Yuba County Office of Education	98	33
58105870000000	Yuba County Office of Education	405	60
58105870000000	Yuba County Office of Education	119	22
58105870000000	Yuba County Office of Education	184	28
58105870000000	Yuba County Office of Education	371	124
58105870000000	Yuba County Office of Education	98	42
58105870000000	Yuba County Office of Education	158	62
58105870000000	Yuba County Office of Education	41	11
58105870000000	Yuba County Office of Education	527	168
58105870000000	Yuba County Office of Education	77	52
58105870113274	Thomas E. Mathews Community	776	184
58105870113274	Thomas E. Mathews Community	217	64
58105870113274	Thomas E. Mathews Community	342	90
58105870113274	Thomas E. Mathews Community	98	33
58105870113274	Thomas E. Mathews Community	405	60
58105870113274	Thomas E. Mathews Community	119	22
58105870113274	Thomas E. Mathews Community	184	28
58105870113274	Thomas E. Mathews Community	371	124
58105870113274	Thomas E. Mathews Community	98	42
58105870113274	Thomas E. Mathews Community	158	62
58105870113274	Thomas E. Mathews Community	41	11
58105870113274	Thomas E. Mathews Community	527	168
58105870113274	Thomas E. Mathews Community	77	52
58105875830047	Yuba County Juvenile Hall/Community	776	184
58105875830047	Yuba County Juvenile Hall/Community	217	64
58105875830047	Yuba County Juvenile Hall/Community	342	90
58105875830047	Yuba County Juvenile Hall/Community	98	33
58105875830047	Yuba County Juvenile Hall/Community	405	60
58105875830047	Yuba County Juvenile Hall/Community	119	22
58105875830047	Yuba County Juvenile Hall/Community	184	28
58105875830047	Yuba County Juvenile Hall/Community	371	124
58105875830047	Yuba County Juvenile Hall/Community	98	42
58105875830047	Yuba County Juvenile Hall/Community	158	62
58105875830047	Yuba County Juvenile Hall/Community	41	11
58105875830047	Yuba County Juvenile Hall/Community	527	168
58105875830047	Yuba County Juvenile Hall/Community	77	52
58105875830112	Yuba County Career Preparatory Charter	776	184
58105875830112	Yuba County Career Preparatory Charter	217	64
58105875830112	Yuba County Career Preparatory Charter	342	90
58105875830112	Yuba County Career Preparatory Charter	98	33
58105875830112	Yuba County Career Preparatory Charter	405	60
58105875830112	Yuba County Career Preparatory Charter	119	22
58105875830112	Yuba County Career Preparatory Charter	184	28
58105875830112	Yuba County Career Preparatory Charter	371	124
58105875830112	Yuba County Career Preparatory Charter	98	42
58105875830112	Yuba County Career Preparatory Charter	158	62
58105875830112	Yuba County Career Preparatory Charter	41	11
58105875830112	Yuba County Career Preparatory Charter	527	168
58105875830112	Yuba County Career Preparatory Charter	77	52
58105876069249	Yuba County Special Education	776	184
58105876069249	Yuba County Special Education	217	64
58105876069249	Yuba County Special Education	342	90
58105876069249	Yuba County Special Education	98	33
58105876069249	Yuba County Special Education	405	60
58105876069249	Yuba County Special Education	119	22
58105876069249	Yuba County Special Education	184	28
58105876069249	Yuba County Special Education	371	124
58105876069249	Yuba County Special Education	98	42
58105876069249	Yuba County Special Education	158	62
58105876069249	Yuba County Special Education	41	11
58105876069249	Yuba County Special Education	527	168
58105876069249	Yuba County Special Education	77	52
58727360000000	Marysville Joint Unified	556	99
58727360000000	Marysville Joint Unified	169	36
58727360000000	Marysville Joint Unified	223	44
58727360000000	Marysville Joint Unified	92	21
58727360000000	Marysville Joint Unified	299	29
58727360000000	Marysville Joint Unified	92	13
58727360000000	Marysville Joint Unified	257	70
58727360000000	Marysville Joint Unified	77	23
58727360000000	Marysville Joint Unified	96	34
58727360000000	Marysville Joint Unified	424	88
58727360000000	Marysville Joint Unified	58	24
58727365830013	Lindhurst High	257	11
58727365830054	Lincoln (Abraham) (Alternative)	29	40
58727365830054	Lincoln (Abraham) (Alternative)	15	27
58727365830054	Lincoln (Abraham) (Alternative)	20	15
58727365830054	Lincoln (Abraham) (Alternative)	19	33
58727365830088	North Marysville Continuation High	556	99
58727365830088	North Marysville Continuation High	169	36
58727365830088	North Marysville Continuation High	223	44
58727365830088	North Marysville Continuation High	92	21
58727365830088	North Marysville Continuation High	299	29
58727365830088	North Marysville Continuation High	92	13
58727365830088	North Marysville Continuation High	257	70
58727365830088	North Marysville Continuation High	77	23
58727365830088	North Marysville Continuation High	96	34
58727365830088	North Marysville Continuation High	424	88
58727365830088	North Marysville Continuation High	58	24
58727365830096	South Lindhurst Continuation High	556	99
58727365830096	South Lindhurst Continuation High	169	36
58727365830096	South Lindhurst Continuation High	223	44
58727365830096	South Lindhurst Continuation High	92	21
58727365830096	South Lindhurst Continuation High	299	29
58727365830096	South Lindhurst Continuation High	92	13
58727365830096	South Lindhurst Continuation High	257	70
58727365830096	South Lindhurst Continuation High	77	23
58727365830096	South Lindhurst Continuation High	96	34
58727365830096	South Lindhurst Continuation High	424	88
58727365830096	South Lindhurst Continuation High	58	24
